0.0,144.23968992288997,733.7138866211658,468.1752824382389,243.77393638459534,707.1228328289528,965.4874885015251,668.9533195343434,801.2943317749622,175.51812427553276,554.5030690006513,376.67483351065556,865.5847482794408,402.9058616628376,856.3734374307317,243.35766746604043,809.9009607235381,440.2575497288675,642.1451467722375,515.1266213414344,864.4029899918004,886.9103447665657,310.01312183947334,938.2223802127161,257.0595079953935,852.5704734392599,349.5242670326312,642.6245201381226,219.75279432589952,553.9072166893257,574.2081722534425,87.56433953163052,301.76465172601536,352.9047201131515,329.2822009828462,341.1354342191561,405.777581875183,867.333581930807,750.3824762445981,175.01476798410647,373.78552508060545,451.61433719069817,519.6785925163622,803.446309003227,129.0894240905936,487.39801105408503,454.1905268504117,935.6447420556203,574.4667501780684,837.1876524224815,594.4982759689483,266.4171544994707,353.9768181511886,802.0735228888196,740.0524027401458,587.1433814880614,602.4381684244526,875.3760686804778,198.64588976954443,364.999551009229,564.4286397784359,678.3199400994088,388.2395617907278,369.29025561694834,630.6105917777501,361.15928895469335,475.7002125986844,319.582762225393,521.8604296597633,230.81891335306085,819.4083848354235,759.6014471491162,136.3903712633758,642.5914811696945,719.6998733742347,895.4237766449355,475.0181614265131,889.7772286003544,845.97922601145,881.4278232691814,257.8955680099377,133.89364402053138,261.85070374604226,154.90515703119803,241.17247635894228,908.9426781483893,501.8837535549275,321.53161416295546,78.41065123412324,631.1917259431056,598.461168718318,500.8280722079462,825.4604231375125,265.40138721363513,539.0872949091518,246.74394980522965,534.5126400522842,475.8919869793098,373.0802185313743,544.7606784616793
144.23968992288997,0.0,873.8460550957377,597.4886327750145,298.2492631005208,794.6394811901409,1100.522892556289,788.179306130663,941.7420937190313,314.2520542061561,644.8912174628379,520.8673237100227,933.913222613138,499.9232216150675,955.0445706382224,196.3052553983644,895.8998907244751,503.61808911794225,784.8438724593585,631.6758070361335,970.1467329271321,1026.020814323421,447.0153856508611,1067.91583124926,386.3851553873325,985.536466538165,384.69725808182073,785.124485002602,344.5201244169455,634.1968408317299,718.3390294752602,110.75888173185271,345.46334371430174,496.42477505783495,473.52187156300295,437.9273294310563,493.5495592749456,1009.8745445785383,891.3400691491688,289.51291645081284,468.6261939121701,571.0761508473752,644.7935426915701,947.0965470638956,273.30902212508624,592.8124194515325,589.3476942507996,1079.7994252839896,718.6303698779966,937.3615972828662,723.7232910538863,407.12152464114195,478.99475876212955,926.0420692783364,805.6990976664109,697.8965969695016,722.4784462900619,983.6631150243547,287.20913548397766,481.07931060064226,683.4464868162066,790.8199491375718,515.6552655620613,476.2046388110078,769.923952418908,409.2933274577733,556.1571759133952,461.2665751790611,664.3286006850132,356.7560406414252,947.7835071767419,897.480111768988,254.57299700992633,772.9506574216822,862.7664044045626,1039.186128066894,619.2181795936834,1012.4836076968471,989.376024618295,1025.5380742014922,389.3713986398822,151.40269749285946,135.78530980963947,274.72681201661425,251.38169739746522,1051.6733140107515,640.2565195410174,463.2494300688707,92.86494097784148,768.9315673920207,728.7043989871014,633.7151757987266,967.5518259811444,408.2679006185404,648.7954070995899,377.24644465814634,668.0672501846881,611.5977671104175,514.480752476673,684.2136916587566
733.7138866211658,873.8460550957377,0.0,520.8961563208419,804.1580672354924,848.6206552151058,582.4625198805895,282.1351842166937,68.20552218353177,559.6392704893049,768.9839510324741,377.10861795541626,1041.755618756547,497.3935607086854,863.4220277823308,935.9044972830403,913.5068768917388,836.3470294213596,114.27377704070334,349.293739514875,818.809858079436,463.8889356884681,427.7241522140082,639.0899039155958,591.9644218040223,548.805599423516,876.5107988311721,309.0545896134809,539.4347768702045,815.1541140237474,253.61070134501642,774.6935521082738,840.6599977858017,426.58347801982995,424.34568471169257,527.9545322844169,742.2689002986774,363.7606867169951,26.780729617671124,678.810188746533,518.7280281854444,593.139059990911,551.1680059046146,143.3352671346888,610.9449867975027,424.24591652670216,471.4534634087972,274.3435901077108,215.9619423298801,842.2194414865174,215.69288089967597,522.8036607882999,575.9981474895651,631.00977594346,974.4538465231964,664.174047075364,288.9246699550311,806.1577625861099,631.7673782123397,620.532951839316,601.8067638935788,679.777430624681,551.9960810968358,476.10862192717843,384.6479232737041,850.9432462546711,787.2517730886206,475.7596176795351,218.17942946938672,618.7955298914337,591.2288222949112,53.88760116735918,626.5866767335873,180.0520617145766,89.47887315958553,214.3562635701493,309.33306440594407,688.7692908675582,316.9707669553603,287.0051331841704,581.4954373061598,824.8003180001194,994.7920461401214,607.3459443934175,873.574899030229,381.00684926259987,234.94114428792946,474.01373534869083,785.5706644930913,113.65356669489957,204.47313878249648,259.9034173202315,358.2421427576283,505.23048747798373,381.5862402030354,591.9062284757348,471.8042106698174,269.4087712728784,360.92357291838334,189.82538942861413
468.1752824382389,597.4886327750145,520.8961563208419,0.0,375.4249691140058,360.9136946792351,505.94173849397305,653.8790551744341,569.1719176483722,383.9198594937546,251.62678472899844,246.92470540137933,558.3399069923072,589.8974369609064,447.7328133420311,550.6874032003551,449.4537560831791,327.67839393087473,407.28018504489427,569.1946962684904,434.1769558698715,445.1325495946677,369.50779797025274,470.7055393119165,211.75797763157925,388.90282391470754,404.91010951245323,259.114731378167,438.2232465388055,295.19865357447077,268.1573099403112,551.217464315834,385.4783663349055,199.88310983269417,245.81138921468747,561.0575545830887,235.89212658406709,458.9045468117045,520.770141539473,309.7706265731731,582.2417863424197,73.60943200655336,60.17997827271309,502.9828605189613,360.14756136648157,604.9475621143608,54.56768682490525,593.5737093303838,305.43481596613503,425.57418787630775,536.9110233161806,219.84950378609443,120.32765811366312,335.7728985660315,468.5536503848891,175.84425510675413,603.4911443917191,437.69455191749984,530.8529933126041,137.9115795238099,122.03065721497197,243.0595309142662,82.27643359894454,539.1458324637658,205.70727906128474,370.1209962199324,268.72481296310065,187.35910101615946,343.32601623026636,240.73522376359597,351.29890305105255,570.6512690716727,463.7816249695593,559.2123101840169,453.8515729675711,578.0308505445767,231.75387839441854,424.12734394955373,455.14149952253746,512.8807000079929,210.28464637665172,473.737191430977,667.1518714755392,457.84883637890294,460.2627000551923,501.03329941234017,400.0005809444542,186.43990004093422,546.2297941449156,480.10644373231617,531.4160897678961,454.90512133177197,413.32120730563685,237.31606349514317,617.171402294268,221.64193303491717,79.49923091155765,417.8808513507767,323.15583839335227,406.7908753074816
243.77393638459534,298.2492631005208,804.1580672354924,375.4249691140058,0.0,498.83698784935984,873.0642660457106,819.9213236591515,866.1742638391684,333.6658154687389,352.25611445550356,428.9812729312759,636.5055492477449,606.0443626661197,664.1608269684787,179.93529992764988,599.0868583263704,205.86060404743068,695.3544773630921,680.6317079300859,685.1601698142945,820.1629770090688,440.8890989053295,823.2195104239998,212.72804753767065,753.420796367256,107.9644740824447,617.1736629952089,404.3933065505257,337.0732438259154,585.1368696101604,320.91482438243486,58.91540460480486,377.5965472030656,384.5032181338385,549.2331656799518,203.72574775815121,831.0769576973183,813.7949762660095,135.3091847091234,581.393121546211,323.8609611212788,405.2568370021036,833.4962298836938,258.39846873234,673.9641515782392,391.40909622698223,946.0504268833108,604.0016615338368,647.7562572018719,722.712760156974,282.63343795904166,261.3063751741238,670.2682425295892,508.6371456060128,425.2219147866528,754.9928162265008,701.2199561959437,427.56065695918676,238.1603490374507,426.44367272386035,517.618679387063,298.68350382809194,562.5705596702495,577.2722294101895,117.78211234039745,259.9031425317149,328.5417855966148,587.5383340483104,185.42486311598583,702.435790734048,842.7136944811646,350.85088804149103,764.0861081428986,763.4256081198816,919.3517552815446,500.20179842982185,751.9272806459315,822.5114776716699,873.8518534310568,222.9012967013854,146.85425819529942,315.1257298225253,362.6138789243654,85.21033208676381,873.5385832989509,599.9300700037932,330.3282902241216,302.7283387324706,722.3253200907052,723.0807556829734,623.5922445287,785.770350565977,303.5442899826571,715.7186481718968,212.25950902763958,454.6900239718672,589.6427826576852,467.4329288058796,632.4960340427016
707.1228328289528,794.6394811901409,848.6206552151058,360.9136946792351,498.83698784935984,0.0,561.606682896382,1012.8181763108429,884.1097773004225,693.9682222061086,152.6723322093468,605.4842451121441,197.91730340552337,936.2824830488424,176.18237680160652,660.5313109220808,102.82554929579894,303.832142847048,741.1340864179991,929.2818312521933,218.646239593397,578.7462862931397,716.805924489902,472.8858871258667,484.9786976497075,458.8032512795785,440.5058432717729,544.7255893638676,760.973604850703,162.70727945742254,600.1061780292681,794.095404172517,462.5627560676566,553.3492794733902,596.3763228111332,899.1462119428134,302.7046349393736,652.7363977980104,842.1781422646718,533.8660645384457,924.2079721831387,312.07071080740064,310.58846903998824,791.1550281275876,643.4176458784398,961.3962061707848,414.97784075208665,836.2716373715355,643.8414440675853,166.05827974474158,895.384596035747,536.9820352027317,400.84826438508816,325.7109007106053,138.12076765383722,188.9034151056867,963.9842938854051,242.91100501526225,835.4416034140238,365.30035047302067,251.08473286986606,180.0847860549279,389.10665107325514,885.2273593353706,468.85182969379827,404.11542174235433,238.94947279660627,527.1525137389779,698.3423409024828,496.8939254842407,382.79679895900415,901.6365544109018,758.1993418183667,914.2012774840314,768.4871735930202,843.1328935650931,588.5310894825769,366.2439412681189,673.775281183277,744.1683262903147,491.3441489581817,644.0678481798109,806.3456646827499,759.1570333818261,566.5926497572342,685.5183276503263,759.6597886179806,526.982039319162,780.7028441189706,828.6154150461547,889.2478682835206,815.6761138545456,613.8519802448845,562.2100233802388,976.8698706834042,496.08671078169476,382.262708821246,778.7562145966249,680.8758727497739,762.6986464378928
965.4874885015251,1100.522892556289,582.4625198805895,505.94173849397305,873.0642660457106,561.606682896382,0.0,852.2992281400473,572.4510818615616,846.6753474992088,599.9733128292305,639.0151777939301,689.4881322074862,958.6456147098297,456.69345534987224,1051.9636251982072,559.2146328315308,761.8953247608002,533.955290930368,860.2783324792534,392.74144688538735,118.83894831716073,773.3311510756392,99.83553420173368,714.4459498744775,120.0770050746597,877.6644402038927,363.56104487854105,878.5594365585257,649.0878038206534,465.8182642011077,1043.5720326407647,871.2229938180999,631.8399555955173,671.6037323648338,956.7401715036458,693.5319223663879,222.55434124390604,560.4653135372267,815.2296933763172,965.2724073911411,549.2233008968597,468.05349821368134,451.1954243977279,845.9112034013219,925.7196933727604,511.54515082902293,398.73512935992574,499.71398524067206,445.224816071699,754.0378547810672,701.2672593349545,626.2639318486623,237.61103239798607,694.9434637310502,476.03982827738514,837.7726430855573,367.39934654679433,983.0446982737928,637.0627888160252,452.41295711258056,405.51134740403353,588.1321981106854,916.139386618292,342.86078567998464,838.551238392219,682.105584659982,651.7987526352937,593.0147864526268,744.8592304943448,184.90066401754515,629.4694295623423,932.0019320290934,739.9652797989952,497.13329761301634,440.6376905644575,546.4870454206858,208.62110849560187,269.09233799835573,322.271370851946,711.1572259907838,979.6374647912005,1172.8731457352399,920.5665919476031,958.1529135952992,221.1870148325106,669.6243321047972,650.0338038684303,1041.791182374999,642.4843180171484,743.13460362257,731.5266755192727,224.81911957103853,708.3152660349573,905.839495283568,723.3360871557516,432.5227311454448,710.1735686728742,695.9678455449778,638.4130471070017
668.9533195343434,788.179306130663,282.1351842166937,653.8790551744341,819.9213236591515,1012.8181763108429,852.2992281400473,0.0,323.8645981066433,502.77995702773114,900.9024366078097,425.4008242232927,1210.7343727768312,308.6839452168829,1066.7106707981648,905.2124523177016,1094.3262826241507,916.471560372581,321.7076396492062,156.86566505367043,1032.3426896718215,733.6873987093614,379.54618737621865,897.3984449476277,630.4952020057361,801.4971538849892,914.3851017585953,528.1590819547607,449.24411892111584,938.0583076032119,435.1648965264415,678.1632825083337,869.7290800334949,484.3457838207851,454.9583701868114,362.7583360508537,828.2162169595875,640.0790889604548,308.2524355276098,684.6137088662332,338.9613339613324,714.4450668168682,702.2774089297449,425.4704472786771,574.3697934125339,211.8402008143583,599.3185223844006,550.8867770454917,389.66106357892187,1044.406690618679,117.57083343315232,552.9171040468295,658.4104036995352,859.741534317034,1121.548043591898,824.2782646055234,66.58866645129503,1024.688627984386,505.82752719770906,705.8073084863114,763.1719777038281,866.0320155334709,649.6706003102787,316.12880643104825,593.1705858947365,899.5634581319714,889.4701039118452,527.4330008305034,316.47961504647793,646.9885839286109,830.2432736852958,251.8878228129255,536.4218104217349,113.04900192843503,357.8284197724877,489.50110389918484,424.36611805453,929.8552751011382,594.1351998628563,569.0006339090386,619.3600378054443,789.4450677635315,922.0763822646824,516.5602238242373,869.0972354684794,660.9033013312519,253.9995022820706,526.5029308955303,695.351538442013,211.9890558491317,124.60813537790395,205.28997356308832,628.0254227123914,526.9224336609959,152.58055050770437,625.359123040928,635.1420233541334,242.9503527356259,362.4399715723112,252.26155069602055
801.2943317749622,941.7420937190313,68.20552218353177,569.1719176483722,866.1742638391684,884.1097773004225,572.4510818615616,323.8645981066433,0.0,627.4997866155898,813.3342018138816,441.32957419694,1074.2057531022313,560.7177825648929,886.472250624402,1001.166944487036,943.5349279567486,889.7968303498864,171.10393648680468,409.0165159840951,838.4657285182902,455.9372829267053,495.8478985877622,637.9137384379171,653.5474138758814,552.9401784878462,935.5990076779186,339.5541610532793,607.6259195594681,860.9221210184969,301.2788144573845,842.851544229917,901.0212548288271,488.8067702375467,489.09479345692495,593.4720725571228,795.7099465246721,350.05922259348944,52.44514683090216,742.6355189682357,583.0731163592257,642.3311208287959,594.6269322358842,121.27772576226155,677.9113063243154,483.8083082849219,522.0166960593014,227.6133808774355,268.86013455636186,865.887914322101,274.42105305593543,586.1030308194604,632.2390248236024,646.747118196931,1013.2138404734055,703.1977419579912,341.11545461554795,823.936494805782,699.6044911923698,675.642926997672,641.6081960023474,710.9647917406037,606.2553888135996,541.4649971539652,415.69499804811545,908.8547151725428,837.3829413679669,537.6662632196867,283.316373935236,681.1292713007305,602.5774080360727,72.04814753343848,694.7832608255172,233.18680361781327,116.56547547601535,166.14064278195832,367.86036845175545,697.463493845057,303.361857289508,259.83891357116306,643.2772327465768,890.7564581618581,1062.1286721565095,675.5498251002093,937.0740365468378,359.992501990996,303.14531800716554,535.8647986304304,853.647128113923,180.30867396332968,263.70340071855276,326.6564742386752,353.18581274488685,569.487987273903,437.82088665976613,654.0151432263118,514.1785397037894,337.37559753556513,428.29937094571983,257.94347554823497
175.51812427553276,314.2520542061561,559.6392704893049,383.9198594937546,333.6658154687389,693.9682222061086,846.6753474992088,502.77995702773114,627.4997866155898,0.0,546.3058597660182,219.50923142407817,874.9136348820529,274.2981836846505,818.2913097474762,402.71797758252666,794.6713080243381,483.85260141304946,471.98523496715154,354.0880493670238,813.2904327070501,756.1639841418274,134.51859688531846,834.2314481692912,209.6736208904654,741.5080931732916,438.17688297597886,500.9237707042393,73.31945694318733,562.0121601928636,419.7880973663725,219.61417623315765,389.7487314987265,214.85882513383433,177.8720743779314,221.28545888395777,417.9878786099256,722.3785481903078,577.1094255492266,204.8093387403031,252.04979094881838,395.2890635305704,442.94627941294306,636.3276493981781,75.45632721831194,340.7780755757687,352.11948363337456,772.1557530864935,412.9334694390868,797.0934052855961,421.34479718673737,165.0964224583399,296.4785314190294,715.094977519106,758.1888926922376,538.7562360258656,436.29856000117263,819.1427988254526,147.0931460519115,328.6694097645565,499.53470287343225,621.1602250430117,318.4458335205307,229.18453543369418,504.0924872899365,434.1519899717411,490.83339251950656,200.94358630933823,351.38521342313504,203.96747576957515,721.2546253131724,584.3536376780518,85.38378385572359,468.65597719678493,550.4549889417658,728.7079151213445,320.75040080536945,803.4153053025622,696.082490474793,724.6366601818473,202.7134246375989,286.86758085406836,437.3422197030232,74.97705417154314,370.0406592659488,762.6094439482218,326.6919258782102,202.36888904897177,227.67593247567012,455.86703213171245,424.7236397783539,326.14399448474325,683.2254027582447,146.88610174380875,385.1260997886535,198.89736317067005,432.4309658453613,300.43156108764316,200.76248713430346,370.1381807793733
554.5030690006513,644.8912174628379,768.9839510324741,251.62678472899844,352.25611445550356,152.6723322093468,599.9733128292305,900.9024366078097,813.3342018138816,546.3058597660182,0.0,480.82860094169666,329.7660228545618,796.9802178970492,311.91056055831103,521.4427117309899,255.49524348616157,174.38871943466407,656.4508107399485,803.8661648524187,336.09739400144963,586.275241647098,580.4049436420268,526.7576851766506,336.63569818684437,483.8232273340627,308.46388807571077,483.57523935719024,615.0929444323294,52.03695197447962,515.3825300728117,641.5510324983701,322.20834007842046,424.77928289573987,464.4530939840096,756.4635526618338,151.41444019730693,638.205776875738,766.8570486593508,381.22476090248665,782.8822991159232,186.4599286954791,218.72798269835155,735.1647870665851,492.7958017813478,829.5211143338149,305.2097276735926,804.3820094288227,555.1268289144891,295.7908691516836,784.9343659576806,394.4115452799761,259.784169681771,367.59369984565205,222.539910110496,129.75210923129256,847.4326978205838,354.5076450911907,685.5963386067403,219.38395722593393,179.6899410981943,197.23299247838142,255.91603681078843,746.1805269965415,413.1374742669863,269.49893127548467,96.65772794479224,392.11404223565484,594.2762997966109,346.3014396725641,415.3289817414697,819.8622550409488,607.6610857306473,809.5257361839396,696.8835145929316,800.1605808059016,482.60590079131254,434.7115475399023,649.0097246919396,715.7055244000802,343.8253621811021,495.3087979210108,664.7121158510196,609.437438195474,425.3215365410896,676.3130457845433,647.1621613955656,392.26233088036673,628.3686289752221,731.7277343852354,780.0845463304612,698.3632844667294,594.719833070396,420.7778454743296,850.0995779946873,347.4871303103291,299.3512456718151,660.6808029275959,553.5828643330336,657.1703519491992
376.67483351065556,520.8673237100227,377.10861795541626,246.92470540137933,428.9812729312759,605.4842451121441,639.0151777939301,425.4008242232927,441.32957419694,219.50923142407817,480.82860094169666,0.0,801.4834036423119,349.8823661590542,691.3347996423794,560.2333354198178,696.1843388676812,493.3624020153623,273.2551553574487,324.1389553740253,671.6434264420682,542.1233191364034,137.63034277706143,638.1429661626212,219.55889341969393,541.4328005284647,508.7820697739752,283.8645661484352,240.021431143703,514.8833538834775,200.47092596153684,436.2669683646511,469.29676693884886,59.142457903770904,48.61066745455675,330.605955378351,403.46522306962703,503.2396644462068,388.95177462094483,301.71167612245813,346.80535587820737,296.09492778503466,304.0950479611789,428.4132559177157,247.87547659909305,358.10288429991397,195.99213869114925,558.9844854470027,197.81323232113292,668.9408808994317,313.64233362941656,146.40513715324767,233.0292595906371,538.780338836423,703.2228511393421,422.7263099555811,368.3787795479716,671.4714487723476,345.2314834667628,280.46608783053887,367.4628257563636,485.03147573998154,225.90643278675287,300.4547938206792,297.74596124051067,487.75889495683873,464.09594256217224,105.68743957048737,159.1366423234762,243.84663338873438,533.4276597497054,413.8931185053698,303.02643564784046,347.2971114929407,347.74482881755944,519.8259746714195,101.24141409550116,624.4223050999695,476.57989644139866,506.6375926008274,208.584670831529,451.4949398584581,630.5907681042619,288.54655041477633,496.539865943189,543.2369126122766,178.67361394834205,104.37049876624795,441.4019342917767,294.13038527307197,311.00918235551995,220.27484117881215,464.7958441464505,128.18077711674107,371.4313159496797,217.8139549112851,260.32402475361414,182.49793722321547,76.33900837061933,205.09328784590738
865.5847482794408,933.913222613138,1041.755618756547,558.3399069923072,636.5055492477449,197.91730340552337,689.4881322074862,1210.7343727768312,1074.2057531022313,874.9136348820529,329.7660228545618,801.4834036423119,0.0,1126.2860161378678,233.72104954407783,774.7410056794541,135.43627864093327,430.6451558584457,936.0701484692758,1125.5873869433144,298.04833752748004,731.731881308548,908.5168058045384,591.7604727051687,665.4131110947826,605.17587929772,554.6433629550336,734.9010054703908,944.4415055087487,314.8294670226609,795.7844655716627,950.1560996638725,589.0766373394898,748.0968143993525,790.0253636703801,1086.2292495379975,463.4735695458607,818.2102681855664,1034.0473677553368,698.7550571499019,1112.5643437389285,506.150124498126,508.4985421084345,976.1885254871586,818.2624691687131,1155.6229576097728,612.5802803838816,1008.4596186376797,840.020143103264,244.28524986175407,1093.3014680483896,724.0778338442356,588.8746296414395,471.57400616160623,128.44435515091158,386.68848942724884,1161.7006518743333,324.5487369397847,1011.6207764894464,549.1453959909002,448.5612808977079,363.2778415529364,581.3563613132344,1075.390859182608,658.6924124207384,525.5456432489299,391.15401880223175,719.1963993424093,896.1446152160812,672.7532464737708,529.648541367187,1095.1438330938681,932.752382418239,1111.8832470331915,959.6387167935604,1021.3591000832888,786.4448150060142,481.1423765825835,844.9139277544949,915.9453414777502,673.0013642736238,782.9414026594875,921.8037160613273,935.8821211977072,689.2611729307175,846.5682308455674,957.5189968750361,719.1822210202574,934.3261044196356,1025.5501686169382,1087.1509517753077,1013.2395383509587,783.2744786159374,750.2831434997439,1172.866277468103,676.0557759168086,579.259062712459,976.2059166462459,876.3363352834865,960.5268856332449
402.9058616628376,499.9232216150675,497.3935607086854,589.8974369609064,606.0443626661197,936.2824830488424,958.6456147098297,308.6839452168829,560.7177825648929,274.2981836846505,796.9802178970492,349.8823661590542,1126.2860161378678,0.0,1037.5634436773485,646.2325002492096,1032.5590400261408,754.9110593111257,461.5191439245987,159.78595059602065,1020.6447301632087,849.3960965364079,220.7233526180441,973.2161807743686,468.8439734030081,874.3667447341359,711.8088396643865,595.5451006010467,201.88070172173673,820.0605240579946,492.8320361838952,389.4997518611357,663.0786891238727,390.07488209827983,344.1402407455714,62.40473694181897,682.6212476526424,782.9222125502612,522.4864316548094,479.10736458305126,31.679400850325617,625.0541889634118,649.2698618679794,621.0384364870329,348.2989346254965,97.80613888092228,542.8311442366956,762.9462554380594,461.27462052293123,1015.3451932040679,289.4727597511934,402.9081700834407,537.4137309909484,886.2808565476383,1016.0824627208768,762.7496471804174,250.1995114388999,1021.0989986902377,212.99837182965945,578.3619510840185,711.9232986694892,832.0428796056783,547.2797891963686,51.0771230594852,631.8759124018832,708.4498804589891,753.9240219008213,409.5328845376555,369.003412550446,470.9623405502511,876.2654965446799,496.12339132122827,267.3421624636368,337.2307605270567,533.0843371585936,706.6843852328498,420.12204806046583,970.3378716713129,744.3942505523473,747.0734600610862,459.59168418157225,534.9801241112045,635.7074157998404,250.60802585649327,633.0328886084915,815.9520242515823,297.4610966285304,409.8311210748389,409.38716227863983,385.0854999348792,299.1673988157762,245.49863500083387,754.6740041195006,376.24441006053905,157.31723207674543,459.5355860580721,610.2063141822981,254.73163664173572,276.52584185442703,338.5196569186201
856.3734374307317,955.0445706382224,863.4220277823308,447.7328133420311,664.1608269684787,176.18237680160652,456.69345534987224,1066.7106707981648,886.472250624402,818.2913097474762,311.91056055831103,691.3347996423794,233.72104954407783,1037.5634436773485,0.0,831.5848915473642,113.56546175585764,476.808200568962,766.8881031833756,1005.8811275736953,64.32934437643512,506.89525257350385,817.2396531564763,358.35591541040674,616.2119542907986,379.33631535707656,613.7700886906609,555.2121891116275,879.5915447694757,334.5374832326051,634.1327625903263,943.9374371854242,632.5181797434144,647.4886043828747,693.5404541805075,1008.1210953537993,462.0783956547703,600.347047907009,851.7797008179028,681.3595039769673,1029.8641146419816,423.0211799677276,388.3247145815469,779.2286749421344,777.5672860673433,1048.287097521892,495.59337086877156,794.0397884419278,679.9209688346175,22.50959559875121,950.0292267689215,654.4369696670157,522.431936540937,250.6527266519279,269.1452195051174,279.62156095255796,1025.9144060204094,90.95278863290814,964.1787998084933,496.90494904096255,325.71670828719635,206.37368153172864,500.53286411769193,986.8589125737657,481.4089231546836,576.3617040895191,406.3119688518694,632.3396099883328,751.2747254255364,633.9512252501088,306.41695906007294,917.2997434202764,890.3724249214149,960.1105723966865,776.6041920789728,813.5045736550816,649.8843880312751,248.07895844746074,631.7023207615675,702.2648238129731,620.4503180415526,806.4800109681416,976.006323705179,888.4330974488438,736.2418476357489,625.0003388964448,821.5965755792467,631.682951707447,932.527669931905,866.596184352976,942.2186775488482,882.6790459316417,569.5436549006333,676.6328173359544,1054.721224440182,627.5921458144858,437.5911700063069,848.0677172250661,767.5003864048914,814.8372922133336
243.35766746604043,196.3052553983644,935.9044972830403,550.6874032003551,179.93529992764988,660.5313109220808,1051.9636251982072,905.2124523177016,1001.166944487036,402.71797758252666,521.4427117309899,560.2333354198178,774.7410056794541,646.2325002492096,831.5848915473642,0.0,756.855987854844,356.9874258730881,833.3714602246912,754.1154553994538,857.2875196675546,995.7276686826295,532.5756375762141,1003.1363638912376,364.7229209075739,932.5509990747613,222.12423705538544,781.7567653253476,459.0271553757405,498.0845472581804,737.6765717310619,277.67500298349756,199.25814677976862,517.8578643604267,512.1439440105057,584.3545918021664,378.89860040832644,1000.6712228915285,948.8955405609968,263.48900849673197,616.9410943019482,502.868244515411,583.9117642516746,982.6932579664514,334.33426472513156,730.0836780454707,560.8488323512983,1103.2528357071649,750.046546053513,816.5849151342209,822.2155450790767,418.97166481389974,432.77434365316975,850.0652346461274,646.7834641082359,603.7772692948623,838.6570058924034,874.7287554716871,439.0108914091807,415.31989533592264,606.3789598273715,695.5466135353277,471.11794080760353,612.1842819821104,748.2289461314455,256.5928296956161,425.5402041530488,471.9072088747748,717.9436288854422,333.2115562960883,882.3192944525046,968.7486470787949,379.53744952881584,868.173827486864,906.4084127308871,1071.625740875486,645.3427486886583,931.2466344566283,988.8494056521599,1036.1546354500817,372.69565482532175,115.85631809599023,147.34149713322154,397.5327328691275,97.13505176459198,1043.2274546962767,714.6644541881908,473.88660416919714,255.21168807407415,842.8108392544768,824.7955128826127,724.9475862053349,955.8170152995121,432.5558243763313,780.5856188497622,360.28069278955195,629.1351225670512,695.5659527045284,580.304777391403,753.225759884305
809.9009607235381,895.8998907244751,913.5068768917388,449.4537560831791,599.0868583263704,102.82554929579894,559.2146328315308,1094.3262826241507,943.5349279567486,794.6713080243381,255.49524348616157,696.1843388676812,135.43627864093327,1032.5590400261408,113.56546175585764,756.855987854844,0.0,400.05739050212827,810.160124196296,1018.4120753884832,174.70363548456197,597.0009414308117,812.2798367638343,463.1462336642436,586.294294154597,470.91632750366637,535.321773866864,605.1723918980723,860.7733431078806,262.01388283270245,671.5082802177203,896.8243664769769,560.4707360406802,646.2645485896305,690.428017797486,997.1894821491271,405.1132564985451,682.7773378587868,904.7010742795323,636.6890110502768,1021.5303077399836,407.541171417553,394.8019095449146,843.2663272709443,745.4463314208945,1053.7884826975105,502.1797062920645,873.1434997450641,716.4914220837074,117.10151545387491,976.7685748517752,635.8964136148118,499.9468403558373,336.7821322974497,156.79245970910577,273.6704210109839,1048.2529391781084,201.87068578114523,937.0212194794302,466.1879436439492,332.2147396486086,233.81755947536337,485.6190528447093,981.483718255914,529.1105099339884,500.3558041181299,339.7439220594078,623.0301891249096,778.1017726830072,599.0173660760826,395.0279268027968,967.1645896588784,860.1331260836786,992.3419550808325,829.9006449408836,886.6782581868107,670.6565508375195,352.3381779122585,709.6071299761371,780.641397863388,592.3394682471719,744.9842824506751,903.4729485895871,860.7223263405903,664.3173549753815,711.2919186792083,843.1144442354029,622.7286276543804,883.312317838819,903.2346193118688,969.9832761834602,901.1866322973145,647.9128879072418,660.5530471545381,1066.5332295750954,597.4762018219292,459.3341425837152,864.9058990733224,772.2279768978653,842.5339365479695
440.2575497288675,503.61808911794225,836.3470294213596,327.67839393087473,205.86060404743068,303.832142847048,761.8953247608002,916.471560372581,889.7968303498864,483.85260141304946,174.38871943466407,493.3624020153623,430.6451558584457,754.9110593111257,476.808200568962,356.9874258730881,400.05739050212827,0.0,722.1769089358746,796.394937629745,507.49296129185154,734.3635684462486,556.436065312468,694.8584415490603,291.6590059188128,643.0928362455727,136.9663779682215,586.0442171786167,557.0651242543229,142.27316019868906,589.5184832506372,522.4656806985043,161.06940237231242,434.31948454971837,461.5746352368588,704.8761035647453,94.11452424326555,771.2356049678359,839.5508824799032,285.6356116433682,734.9595975557929,255.03741508937532,325.47598222774735,830.1687597380773,415.89782637819485,806.4213736910549,369.03816464748917,919.4368396641229,621.3705065936933,463.0488882907981,806.838150612071,367.1841763300922,263.7840127954194,535.7343064851368,302.86430263553444,286.2176703629518,856.2381350397376,527.1966164224752,604.8885616915238,217.15578975457316,315.143331860517,367.6427843069986,284.39930769771,706.6010516895437,526.1965347752755,100.39606772415704,80.63209896864079,389.2377212563727,635.8863911558979,284.4294314557795,579.3654696739865,882.7890790468457,525.2700790840065,840.1406276615505,776.6223468816787,905.6177540373487,529.5486277478734,607.058939782905,774.3258770066429,836.018112753981,302.23036986549045,352.4226579782483,503.41983103627825,532.4176791313562,264.4721219421361,811.8041413783028,671.6407387231271,390.24981744564207,505.6252533229908,777.2826469258094,804.3684615135597,711.477779610698,726.0635865866273,394.4671470638097,838.1717031882974,299.2455814981874,399.4407983976497,674.1796624310915,554.3761078721963,692.8949526533755
642.1451467722375,784.8438724593585,114.27377704070334,407.28018504489427,695.3544773630921,741.1340864179991,533.955290930368,321.7076396492062,171.10393648680468,471.98523496715154,656.4508107399485,273.2551553574487,936.0701484692758,461.5191439245987,766.8881031833756,833.3714602246912,810.160124196296,722.1769089358746,0.0,335.40102658620833,726.1666624100627,416.32943488927964,346.58454570235364,575.7296860772198,482.6568605607936,479.870801264255,764.6645921824086,213.4581707046759,463.0288947761621,702.0184138549871,141.78738099180725,690.8811282417989,729.9178031865094,318.38128264201185,321.64103824454,479.664857887359,628.0838945358743,331.65381289243027,119.03763867799468,573.1407772239452,477.21056642720265,479.2066229723182,439.53483561954647,167.6523839511531,515.8392686945044,406.6812779646056,357.3554061436865,309.05243620728487,101.90967356507612,745.1747337688996,220.2089419709899,416.3261995478146,462.4463442782752,544.88790227494,864.5239122199237,554.8203084069022,303.865998285216,715.7111754922443,562.3786544885136,506.6324782768276,492.18719630242174,576.5215859171218,437.8834427174512,430.22476216514616,285.4983391289648,738.2992506577941,673.0810330080149,366.9920027364359,120.61138414180989,510.53902181244695,511.3836121628027,163.46314843596124,545.7047213155502,208.6665329743348,78.9902557124422,259.44599802401774,196.85877298478556,610.7813042556744,288.99737402556883,285.5744214943632,472.46208902322013,724.586653140079,900.6729557916108,527.5013814967225,767.1025886806946,359.98145451416485,167.80696329743958,365.16620544892027,699.6598722042497,109.74954480316691,209.22216902261835,216.51538688288178,312.3252242038176,400.8735457982472,377.5817657690674,483.33232556451134,361.1824811720163,209.79892397433045,271.36162744133156,123.45891420560622
515.1266213414344,631.6758070361335,349.293739514875,569.1946962684904,680.6317079300859,929.2818312521933,860.2783324792534,156.86566505367043,409.0165159840951,354.0880493670238,803.8661648524187,324.1389553740253,1125.5873869433144,159.78595059602065,1005.8811275736953,754.1154553994538,1018.4120753884832,796.394937629745,335.40102658620833,0.0,979.6367004136358,745.3999010376739,242.2737057971966,888.7392125344334,505.20837504584455,789.8113759985376,779.6757790713161,506.61597535611264,295.6224226868286,835.5926468880671,403.67150116080836,521.4890052678928,733.2480783015128,379.0875053523298,341.0093893683802,208.34834576039978,713.0399077644535,666.5693143576176,375.4625328238913,546.039581976638,187.72012364003342,620.112698153147,624.0180165781225,482.1684559904666,427.96076102738107,74.95873091354154,516.246524037148,621.3735174758631,363.61213562418266,983.3719279137156,134.6029358512976,429.23914786407505,549.3429498951401,824.0759433179502,1026.4060171283008,744.7644910014417,92.95787276217473,975.9144390036103,349.01937263344246,595.3876059635498,687.1875289658483,800.180357722046,548.0069894551934,159.91902435322388,557.8948971595161,768.5955360646949,779.1703076876313,414.80071712550057,272.2642778921541,517.1366543414467,804.3927160954092,341.5081116510987,381.1184000791816,179.54304421574886,398.1194117492773,562.7520040476186,357.77064323510916,902.5228238317603,624.3859046180208,616.7242194244664,494.4283178948995,638.7839449029821,765.9302974576136,361.45979510767717,723.7046093819225,695.3612700232259,194.53218697762637,414.31460668052983,538.9053872227661,242.08560000397702,145.36330492714194,130.5753306684031,644.338867221638,401.92845905528657,48.998896209817694,498.461017391811,568.3447611426178,159.95944181590193,250.28639874567966,221.86863898364223
864.4029899918004,970.1467329271321,818.809858079436,434.1769558698715,685.1601698142945,218.646239593397,392.74144688538735,1032.3426896718215,838.4657285182902,813.2904327070501,336.09739400144963,671.6434264420682,298.04833752748004,1020.6447301632087,64.32934437643512,857.2875196675546,174.70363548456197,507.49296129185154,726.1666624100627,979.6367004136358,0.0,446.4017767769545,801.7384401158444,294.1577758210741,617.1054929571045,318.9528849222573,643.6281464169004,512.9901415571925,871.3714417696095,366.41472533125966,597.5672651283393,951.7654267055269,658.1591943144504,631.7030962821151,678.2325319142773,994.644667786122,481.47028889032373,542.4345910826473,805.8647581857452,689.9478456612194,1014.8256371368313,419.96732231894754,373.9984423315419,728.4687136697453,777.8217439741436,1025.592596763972,478.07919527223396,736.8075065252528,643.315827648583,58.060112080778914,916.6367087324653,648.2939425954014,520.7499289158505,194.8225749934724,326.89350460604106,278.2158787658862,994.4288370186243,27.16921724058665,960.1556575035979,500.4696466309823,314.19863937967057,192.19547586000297,495.03902960179863,970.4184532038188,441.4469742927553,605.1168361565325,432.6051369316888,621.2883474376446,719.1360863132634,637.4760224809688,248.10960922433753,872.5558012656417,888.6156451440222,923.8636175680605,730.8897675614701,758.624475293789,621.9883690719968,184.14514981864176,575.5197484909236,645.6030472877142,620.2446715502668,823.9971546818471,999.5042414884479,885.2303507884604,760.8265688778401,565.5003731565766,791.7095846195796,620.4414281837346,941.6903818105915,828.603185907855,908.3389502533682,853.9676404631427,513.4785771932137,668.8080570291702,1028.6229382364625,628.4322578387669,412.98129340317644,820.4727564365796,747.0960274100012,781.757502007081
886.9103447665657,1026.020814323421,463.8889356884681,445.1325495946677,820.1629770090688,578.7462862931397,118.83894831716073,733.6873987093614,455.9372829267053,756.1639841418274,586.275241647098,542.1233191364034,731.731881308548,849.3960965364079,506.89525257350385,995.7276686826295,597.0009414308117,734.3635684462486,416.32943488927964,745.3999010376739,446.4017767769545,0.0,672.709865662556,186.8977391824818,644.0286823152662,127.5668756521094,838.5636176741198,259.546142297534,781.9908808232267,637.7651399792223,357.9586311661594,961.0804574616699,825.841172861222,542.3504519796912,578.735175954906,850.9843857197021,656.5072522252578,108.99476633546962,442.1882546194091,747.4231336977285,857.6748887760815,499.94918687686913,418.915033782366,334.72833910141134,763.0335355588362,812.2310933299267,439.41201609813703,298.82826233408775,388.34118583838455,491.3205986062825,636.5370198442873,620.5255459215841,563.4740218479225,260.2211467198258,716.4383112398175,456.9009386188327,720.1794036563225,424.4192112161535,887.3358763673039,582.0224060264208,419.24248130762413,405.4211845213295,524.9818715784525,808.5153928254058,256.3044465540066,800.7669977396332,657.5425203899225,568.2629618684891,481.3569613476344,675.5024032272509,202.08971296840096,511.40865187732044,841.4193059230249,621.5069084019538,378.3015195028363,333.10297261399575,445.2884294085184,271.23326564922786,153.65521510034984,213.94649562703503,639.2701256897534,914.4130645291426,1108.1324742098993,828.5920311625856,905.185090961013,120.80112695245965,556.8473708069249,566.3770787813556,961.2386622990842,524.3486749974113,625.5415032666176,617.7317983086898,105.98090875688055,624.079533939318,790.2950909133955,651.8420897074088,366.6721869078043,598.1556317757116,593.438099994963,523.7059336133307
