0.0,87.34993482377922,62.72059963403977,132.38193042973282,97.35810235950677,141.15876573113434,121.4517036835677,75.11215427749559,102.61941996935718,139.33356327403496,90.16165834653624,144.66344763459412,132.13909296077728,100.82338628981145,90.52997545174871,141.28425723422205,81.84274480381352,94.5186992406065,132.8105582859746,95.66965664774146,54.311790890884524,81.01817914967769,59.98608148924931,83.34526749252804,149.58634374408652,117.61287530543876,117.25250735854124,99.06988449841293,132.81977929521358,107.1224077742013,133.69215765840798,128.35626009989315,116.15070542015994,85.4154418298509,148.97444653587178,119.15257583765104,62.819321387397885,54.54171129778686,81.2668850500428,125.09782658672131,108.32699231505384,143.25816683645905,113.8729590462077,101.45139814896847,123.3286865966999,138.2816922994967,83.59101920650501,125.00712026500622,135.6171151485993,134.33627222860858,411.6735360465181,401.1042702772889,431.0449596674356,355.1670387768922,359.92563845967413,440.3281880199476,433.823243182871,360.0440773513013,386.8026200444636,369.74670691750725,446.77352752122647,365.342245739262,436.2446827731808,380.49021285023554,384.48536163996863,365.9744908989896,370.51160125864715,368.42195041972803,406.11975042593247,438.2708275959009,426.6282779730588,396.9483099522742,352.62927590570087,408.6094674947701,383.2857908170783,373.28111591902166,387.5768653210378,409.7212995108067,442.371320813095,382.5911370907292,442.63231704396,443.6210318608499,357.91203220698293,417.29330457737325,387.2109358957997,370.2352721469036,449.6213468159057,382.4302477640715,442.02110592497274,432.7963490182852,413.28192333073315,432.31593709618767,364.0830083706511,417.0620221687545,423.86274822436053,374.9324274207675,361.1169312465196,391.8505593280109,370.13803510971326,444.7722960212395
87.34993482377922,0.0,175.51230849021485,329.36785469531196,141.31129856117258,424.9748774739154,329.9890529453201,231.07690673225093,310.9648110389313,531.8618239895459,350.5845647599532,634.1158661179668,602.4417492722275,497.3270318205561,499.63875550805,767.6972573649606,543.7806414126632,620.5189263838546,837.4009643901118,694.3656074258341,593.7036490339478,699.6984260812457,655.0777514887177,768.3454754005619,1152.5491451765422,1001.8840600106209,1031.2394669483187,960.2120079336727,1183.2551452853793,1060.1714061298956,1246.852434173837,1241.1822044753133,1191.2454442267715,1027.6467378662157,1448.7853348427896,1278.486599113084,944.9366938287626,908.5073437662854,1088.7954256581058,1392.4003753590448,1295.2946545539935,1545.831066341926,1358.5309059500453,1284.5660555920613,1444.4105357805597,1556.6580096278021,1184.4130707242814,1477.6291469992602,1556.090771368663,1550.1247843020851,3492.9103325908645,3418.92663805952,3626.4613663502146,3091.448260734504,3118.816114947794,3673.020714335268,3617.3874318065473,3090.2019360990384,3263.1472204249003,3128.6462283522287,3647.568319707694,3061.449797437611,3533.0064896301355,3122.9020592764546,3126.154077787158,2972.2185951615365,2976.137715679713,2932.8778568257467,3162.1826904644895,3351.912374842233,3238.350837735162,3000.029510603996,2661.789799031352,3008.7846311625435,2798.6397787259684,2692.985214362661,2752.5588291290464,2865.454503015952,3050.4461286146684,2602.72187558839,2974.737920020253,2943.0880232665895,2319.0642114899565,2686.8936170107695,2443.9704220708304,2291.7497096346037,2802.2759752003813,2306.29915482254,2684.983035281506,2591.158333175215,2427.8115913508577,2533.4870824505865,2036.0861437206934,2381.882040306567,2410.1269366423844,2052.4933960692556,1942.0476741276448,2145.6766917981918,1985.9449817834015,2503.487958940016
62.72059963403977,175.51230849021485,0.0,489.3062367167713,252.19535942566037,563.1645399145834,439.2546369961577,174.8583297786028,350.9796227431351,608.8878526380772,326.81631545580575,685.69149496626,627.9240484212717,464.89452093576483,437.7485568148904,762.6461652045381,451.4088154021129,541.7742586592967,791.6187983667204,602.9300823061412,445.6668772400395,580.2310951366165,509.50956516354194,642.1508666925398,1062.7918838497264,889.0664330206482,912.2097273725904,826.6489958653277,1059.1848168824258,921.2768189666242,1112.1450950404785,1100.1305981201383,1042.7478665582214,867.8083475689074,1298.7927768083662,1120.0991101827776,774.6031681725995,735.9034023777185,918.414183495599,1224.3234005397862,1124.2741368386116,1374.9704354507326,1185.185330021269,1110.0048014017182,1269.580138879323,1381.4446369001298,1008.940702348348,1302.1976482992927,1380.9682122230583,1375.633397041204,3319.033316199459,3246.5829337040086,3456.1659472159763,2923.523336591775,2953.823457313383,3511.8863945977723,3460.234060209081,2936.7167322730015,3114.8082789674245,2985.251714486194,3511.3573807340654,2929.6240155162914,3409.6433394188193,3004.928976682014,3015.65341452497,2868.5888193952524,2880.7351311322645,2845.723287593246,3085.874394583551,3286.488735903753,3181.894652673552,2951.5419216851915,2619.801283988416,2981.319933818525,2779.6641640915823,2683.690186344234,2755.2010072693392,2880.7351667582734,3079.0108625679613,2637.5792716505234,3025.157412291651,3004.3814340841745,2384.2354130494327,2767.6335446755947,2532.8679073379026,2389.4746472270344,2914.7029634442065,2424.240325216165,2814.7902112632137,2728.6954947173463,2572.1747543826887,2685.30941492542,2192.122538857202,2544.7444164817434,2577.531109105128,2222.929580723657,2115.1365710499285,2320.6027957454753,2161.4537875730466,2678.470783409539
132.38193042973282,329.36785469531196,489.3062367167713,0.0,250.29926792228704,136.043621402814,185.27812112748023,438.1145000707665,331.47571919919875,363.11499945371077,448.21023777301343,494.11338674890834,521.671839481366,550.9197102629677,600.5038148385465,714.3266848167185,683.014546463483,723.3779112748646,850.6318023549926,807.9803598333883,818.8379308077905,862.392724123232,870.2322243412113,937.0415076087525,1223.775456904247,1127.6394356550702,1167.8098090607386,1130.7056017219077,1323.0557361961905,1237.394977697227,1407.6104654990233,1416.7086078394818,1386.1184342903339,1256.4442276251607,1641.0035248249749,1496.9432930968974,1208.1315732128853,1181.7101551629255,1349.3832963489172,1639.619598535787,1555.493325823687,1802.6250363626882,1629.5285895786253,1564.3373077310087,1725.335357310339,1841.264020800118,1481.4162918064353,1774.373773317263,1856.9012089142952,1855.5242823712758,3799.5703147568865,3731.2472504709467,3943.631291420056,3412.5029043731174,3443.0838874752044,4000.011365534067,3945.9525048383694,3419.4263710101604,3592.4149835754515,3457.181997389768,3973.82698482984,3386.0916224754105,3852.9932349916517,3439.877290844774,3437.992628256637,3279.0572507506045,3276.1525917833173,3225.5783966748922,3443.6794613794827,3621.2768700653014,3497.8751375129864,3251.0223904974323,2906.547918234332,3233.0236961699266,3012.5774999797636,2894.0486850354714,2935.606242887217,3027.9968289887424,3189.760900068382,2735.141535075135,3076.004111220918,3024.0775560152424,2399.3686169496027,2731.1520081673307,2473.578151005703,2303.67860092955,2772.932952308411,2268.7447775031455,2610.8525745059997,2495.458805016183,2312.4848577180305,2391.6997868183075,1884.2429647199858,2197.7325573238386,2203.8123060189137,1831.635121155888,1702.7202312829575,1884.8594739193527,1709.9062374569246,2210.4467222132466
97.35810235950677,141.31129856117258,252.19535942566037,250.29926792228704,0.0,310.9951283229748,194.33784679809673,192.87318538080956,180.93608639418073,390.78154323450474,253.29524757128723,493.59639103691103,467.24804605653867,391.53162283840294,412.89627375919775,640.2495069348765,476.9939250960211,538.8126331375224,727.8290373629984,619.2421858473913,579.4697077694818,648.8591608837469,634.8337715121593,721.823338266217,1066.3531894042114,936.8563664391663,971.5181807320233,916.8481380319397,1126.3067995985127,1021.2505826462001,1200.5608215682578,1202.509758360741,1162.96064844929,1019.3675139635708,1420.1460861060234,1264.648476271475,961.2369650617281,932.9578329210105,1103.4301941513659,1397.8958760234577,1310.072552958296,1558.485580270558,1381.8633455005822,1315.1593751693656,1476.1274246353028,1591.668533114381,1231.1488059254898,1524.076928248558,1606.7237718037777,1605.7750197463174,3549.6534988429103,3482.341319987579,3696.303240730759,3167.4066847887143,3200.716114455229,3761.2760308289844,3711.2713680721226,3188.607375699831,3366.998166459413,3237.036698123238,3761.6854110490062,3178.5209647243328,3655.2367811053773,3247.846355782397,3254.4796646830073,3103.174611357012,3109.8052938028677,3068.775986780714,3300.4262359541503,3491.8045224514804,3379.093717798529,3141.194733992856,2803.0912470274425,3149.7104020028114,2938.9503049331006,2832.2205477555067,2889.860547916849,2999.993353310158,3181.2487905973144,2731.882914650914,3097.8387525521825,3061.4774697166727,2436.4553865522394,2795.5024113734517,2548.067579659027,2390.3247710800515,2888.6456687857376,2388.9540361202235,2755.3384510360333,2653.111312710964,2481.5871020079885,2576.271244708858,2073.3233625203543,2404.827074578006,2421.909942306663,2055.87014854147,1934.7684842425524,2125.41152410276,1955.08583695772,2459.7048247654257
141.15876573113434,424.9748774739154,563.1645399145834,136.043621402814,310.9951283229748,0.0,149.70855033595822,471.2802661569733,313.73978180407346,248.88038128914664,435.5555903053416,379.41097820027176,425.9485738464365,505.636538744162,569.5672598357394,616.9222522022443,661.2715755702278,683.9704154843715,770.7601263385878,768.335504270978,827.7024531795967,840.8917998129932,872.228051098986,915.3041660032472,1155.1116519787126,1082.1644333157556,1125.885361322815,1104.2229777511648,1279.5025763119013,1211.667642178746,1371.6826309389944,1387.2178356309064,1366.0493008113826,1255.3316756237878,1616.4781678164247,1486.9905969353988,1226.9762746825493,1207.1371469547196,1364.5805985395862,1643.7071690242863,1568.0884148841533,1811.0134828444363,1648.2599020456423,1589.534642859758,1750.0621743930546,1867.8778100198372,1520.1606299393811,1810.837801112425,1896.3790069537695,1899.1856512999675,3839.9049811370423,3777.840398830429,3996.0652636125355,3471.0774187866336,3507.2334801234165,4070.0319504099216,4021.496833150479,3499.492419143365,3677.8997165096343,3547.2532733525154,4069.9910153880696,3485.202143667765,3957.964716593125,3547.711385929577,3549.7826013701538,3393.9457128336694,3394.536212077894,3347.012647059685,3568.915016760461,3749.67552533677,3628.230318523612,3382.720514470966,3039.012382399812,3367.686445185707,3147.862426156297,3029.8488438324985,3071.648470288359,3163.6523973432304,3324.1941263770864,2869.278505958546,3207.063524048215,3152.6730199945864,2528.54657876673,2854.463394721674,2594.7238037997486,2421.805886461577,2880.6853047788895,2375.7665064682333,2706.709353364152,2584.9213935855933,2395.9735191337263,2465.0591499842576,1956.1433537970815,2253.8418576925624,2248.99072914508,1871.1543131469286,1732.3070331355584,1898.8621139340353,1713.4536309490763,2196.3786631078083
121.4517036835677,329.9890529453201,439.2546369961577,185.27812112748023,194.33784679809673,149.70855033595822,0.0,327.13951036639907,164.93790412361167,213.6292733407404,287.0007490758411,335.2151015500222,343.88438251102457,370.59628688131284,427.5281423263387,534.9969213476602,516.2979937623599,546.571917408146,665.6039876814393,631.3855789597937,678.0145535420942,696.4623078227735,722.9592754726145,771.1412083573487,1039.0337596925233,949.2055859848604,990.9900676220087,962.1361365045177,1145.7207554915215,1069.4587197700762,1234.0450243462174,1246.7178358939793,1222.0447071539397,1106.7754846486005,1474.2458383131234,1340.2813696903263,1077.3525878683572,1057.9905877793603,1214.8721195742098,1494.6815743867107,1418.4382039442876,1661.6319520220304,1498.5739555437906,1440.1855052466076,1600.6344130980851,1718.569916270027,1372.8274595320754,1662.8450594121202,1748.9134110469345,1752.6586196495343,3692.0734729268233,3631.3620002220937,3851.1453188635264,3328.3639165074796,3366.7618210228975,3932.1237412547894,3886.590211341583,3367.5906544523614,3549.643816671746,3422.6289407965596,3950.406924755031,3368.85862660047,3847.680808071732,3441.2073785450375,3448.5852680498933,3297.5109830882934,3303.9183299737683,3262.17778407303,3492.1706496317875,3681.1392481618423,3566.025700914033,3325.755202518582,2985.689551035513,3326.1934207457102,3111.8743503417672,3000.583869107764,3051.6562791450765,3153.9251155096104,3325.8113811093767,2873.339330132911,3225.9273764475456,3180.3646952104514,2554.9087291265205,2897.043663929465,2642.521348021219,2476.0832095240967,2952.7448854106487,2449.139953221671,2794.974471173947,2680.5265087950825,2497.7541088825046,2576.0818942346473,2068.279260152884,2377.6600352673277,2379.3819356158147,2004.3357480396835,1869.9843424111184,2042.3067015143795,1859.584641853192,2345.5233535946027
75.11215427749559,231.07690673225093,174.8583297786028,438.1145000707665,192.87318538080956,471.2802661569733,327.13951036639907,0.0,196.46032484849377,458.63546497614595,151.95867266984058,520.7322607996703,455.9781520054166,292.497459168765,276.29073265494475,588.0087350147916,312.8187229709817,392.34877082232754,625.9753946008798,463.9621912970362,386.94751110315593,471.2090777938945,443.4410022888118,541.636763249576,923.5031875184927,771.1109810686584,801.3006488838344,735.4231918591543,954.1307663881894,837.7403892568748,1021.361534253944,1019.2076865622187,975.2299383015089,826.9049755438378,1232.8780321619936,1073.196849789783,770.0895101659215,743.9937202230825,911.6877151806477,1205.0684074046978,1118.1006620280011,1366.0867877837627,1191.4144046365661,1126.8609642052952,1287.8478650661186,1404.2851939922011,1050.001860849738,1341.6742700270872,1426.240730200549,1428.1591888794078,3369.9905708773463,3306.6997179488762,3524.915700814233,3001.27191473741,3039.795494371532,3606.047966602467,3562.322132353032,3045.8745946047084,3231.40915185724,3108.517863572911,3642.123641180686,3065.46392389789,3552.343772346743,3152.1643594703473,3167.908897555511,3025.017446007182,3041.3078493743756,3009.8486903614585,3253.6295929544513,3457.089536503865,3354.3332945992815,3125.192945834966,2794.151696221378,3156.1778198329766,2954.2875739426718,2857.5546483454827,2927.479112087296,3050.5456168802384,3245.3485210677118,2801.7257251675696,3183.5370566689016,3157.7589331102026,2535.358230453828,2910.075687041581,2669.8672775586474,2520.033758796141,3033.076532968606,2537.3576078453143,2915.228771018062,2819.6108429200394,2653.646316516306,2754.724389777831,2254.290748709296,2591.6266582972266,2611.835648724341,2247.3107338808372,2127.3843821464843,2318.1301304474546,2146.7838884661796,2648.319751790419
102.61941996935718,310.9648110389313,350.9796227431351,331.47571919919875,180.93608639418073,313.73978180407346,164.93790412361167,196.46032484849377,0.0,262.43023757482706,122.06309925304336,336.0180338142203,292.0472388573765,225.35193493026378,269.0311930810475,459.5440270760735,353.5285083329424,392.57019889572393,552.0433509969806,476.9279764586357,515.0179786475072,533.6729438241979,558.512392307689,608.4328003363692,905.1546407831563,797.0018693088011,836.55212289311,800.8509089617396,991.8744544365773,907.9147175483845,1076.2630712021914,1086.3807789665398,1059.0017676115854,941.875489099604,1312.3315347756266,1175.6739870018234,915.8391254147019,898.8521213111176,1052.1039160264736,1329.9925710312257,1254.902516138811,1497.3246700813497,1336.3135174013187,1279.9284275102616,1439.9671767407356,1558.3605595503493,1218.5641541837113,1506.6230001155336,1593.9244148510018,1599.8094989556967,3535.552999357937,3477.7492248556437,3700.494548936538,3181.850132847959,3224.052213417397,3793.308503977835,3752.4672646741706,3238.3630321749724,3425.668445684732,3304.015856758428,3838.4059178493044,3261.9232887536027,3748.418305256573,3347.4745916605557,3361.8302574544527,3217.1869131807207,3231.0406400740094,3196.6890626192576,3436.299487244137,3634.9399735631027,3527.6392878788383,3294.090916664175,2959.1714659196655,3312.6022273331405,3105.1238475027053,3001.770031754013,3063.0796580895817,3176.3781034243575,3360.1222194051406,2911.4334467639833,3278.6818899230952,3242.3372563971784,2617.262850527442,2974.706018689412,2726.000450027209,2566.337451510946,3058.7222461668857,2557.4296279959835,2916.041726626194,2808.243606415742,2631.04990758984,2716.9392650172217,2210.748337698534,2528.7140670262447,2535.167091961701,2162.23226734513,2030.73162060624,2206.0041395801595,2024.2670494147653,2510.1046748808612
139.33356327403496,531.8618239895459,608.8878526380772,363.11499945371077,390.78154323450474,248.88038128914664,213.6292733407404,458.63546497614595,262.43023757482706,0.0,347.78527471463826,131.46828818177434,187.46370582892882,341.751459933623,422.40707868967723,371.99262120111695,520.036272815927,511.09997412714745,538.4882246665514,589.7486249592484,726.4367239041039,687.2121131729943,756.1979001253522,757.6613273736311,928.9282688062754,884.5213652525399,932.0995930946989,932.8693226034591,1080.9433028341293,1038.8701728431288,1181.8208454551236,1205.9114152457096,1198.5603865985722,1119.4983411661053,1439.1069074656298,1332.6240011694833,1125.486526834687,1117.843082020799,1253.2311648939003,1508.9037124611104,1448.361502510306,1680.9400586930026,1537.5674529109979,1490.953926060401,1648.1572317226846,1767.6966784317046,1447.181308174927,1728.9034788108777,1818.8202161563117,1829.3250621831853,3752.1351492560043,3701.720734222682,3930.328705470073,3418.9967824896075,3466.2153708880073,4039.3873358096744,4002.8138838471045,3492.457877800475,3682.592264924534,3563.2052296351567,4099.381757389468,3523.8506127051523,4010.843559422279,3609.732384228579,3623.301202268538,3477.390794235409,3489.234370470699,3452.3218843940913,3687.9066958310086,3881.66971981879,3769.7972769526605,3531.8899451350158,3193.34994282703,3537.14029358651,3323.9724657583492,3213.6268989530276,3265.2659260711152,3367.2595505514782,3537.7733809808883,3084.769657166958,3433.566100332596,3384.750035087433,2759.6262389803337,3094.225925445745,2836.614908664451,2666.0036051374545,3129.0548328065524,2624.2227211529685,2955.151065587049,2832.0503499281713,2641.266488736873,2705.7997887705606,2196.696090567966,2484.156922861684,2470.858460508941,2089.4336686367665,1942.2811296215314,2091.9557530819657,1895.9039954107157,2352.7540369529747
90.16165834653624,350.5845647599532,326.81631545580575,448.21023777301343,253.29524757128723,435.5555903053416,287.0007490758411,151.95867266984058,122.06309925304336,347.78527471463826,0.0,384.8704770090344,309.41297046313804,147.20374506246242,160.13980395716757,436.3392913358613,234.92916528260207,286.3587528066601,486.9952771968982,368.34555582503947,395.50521729788017,414.2184064208021,437.0884152670841,488.9075722696261,813.2280158572235,687.9923473288213,725.0985306839713,682.5279280290413,880.4658836081187,789.1854227811687,960.9298713371464,968.6256384850358,938.7077102932636,819.8595473430681,1192.9669860865124,1053.8977590467869,797.2971888148177,782.7367820080815,932.2027103974581,1208.1789470554254,1134.1894395741342,1375.8588349267436,1216.7646561100769,1162.2643068262587,1321.8279774885882,1440.5734515380445,1106.5219384285483,1392.4254629648435,1480.7360453063359,1488.494969983485,3420.3386088193283,3364.8845837789986,3589.954629144809,3074.783949296525,3120.025295634236,3692.1477332526338,3655.033007309594,3145.0937101630298,3336.4315499567983,3219.1030908623416,3758.2818997109953,3186.234361882191,3678.2686466696196,3282.002763845283,3301.755185477723,3162.267161032568,3181.8438236706525,3153.216038132066,3399.831295135988,3605.5502614266643,3504.2861588820597,3276.13757506843,2945.6729549337,3308.136224924478,3106.092203587104,3008.8031655641335,3077.5293142416763,3198.6961842014434,3390.777226526902,2945.5743422657115,3322.7637706854644,3293.0688741290883,2669.3335130542146,3036.953083057185,2792.721435652241,2638.049305144678,3140.6686175328437,2641.580116973551,3008.536262971487,2905.37246397138,2732.1023582716894,2823.021407055419,2318.2549165315304,2641.6940214045403,2651.2692812915448,2279.812819550402,2150.1684843959756,2327.298291463791,2146.1824480125038,2631.9122935422197
144.66344763459412,634.1158661179668,685.69149496626,494.11338674890834,493.59639103691103,379.41097820027176,335.2151015500222,520.7322607996703,336.0180338142203,131.46828818177434,384.8704770090344,0.0,107.0408780748515,325.0772015327644,408.392865140745,254.4758143309483,501.30567556498295,468.18456056156015,435.49921822658047,537.3254061167095,722.6611615981974,649.7315806413399,741.8247248087384,714.6106677180268,826.4192819710709,807.3855098710612,857.2538696531414,875.1451573695277,1000.2903517370512,978.1883830495632,1106.7193497009603,1136.8511818441636,1139.4249247540567,1082.8967431011285,1370.7050298821061,1280.9140904999742,1110.3807048701606,1110.1767422652977,1230.0500934385086,1468.161947425998,1417.6347956252084,1641.7480783780372,1511.4698403679408,1472.5713666324664,1626.3311224075583,1745.9480885120013,1444.1344502802708,1718.0579186565394,1809.7912331979867,1824.5713496805902,3730.5994357235913,3686.814506141769,3920.8053539497223,3417.888009017379,3470.9978538955734,4048.712661194558,4018.527659719546,3515.1585459831467,3710.993318679888,3597.5737370439156,4139.673685822963,3569.6746232731725,4062.9120067651647,3666.8480517154103,3685.9186054201127,3544.9451849097163,3562.033359975641,3530.0706340784436,3771.5656012128466,3970.944977793602,3863.402343918244,3629.025493472619,3293.0564210948382,3642.8175522696206,3432.543472511754,3325.3485971046784,3380.774975292438,3486.4691097777736,3660.5110992666696,3208.334080072643,3560.6336670436654,3513.480159787763,2888.185061455167,3224.8923260555816,2967.6882628464587,2797.38442140405,3260.0545451245616,2755.159928413832,3083.9949646292507,2959.258155413891,2766.7771652062042,2827.731681769277,2318.728686504223,2599.2592705032594,2580.816591245927,2197.8038617386014,2046.25551776301,2186.3073269760043,1985.1431911271516,2426.606265018185
132.13909296077728,602.4417492722275,627.9240484212717,521.671839481366,467.24804605653867,425.9485738464365,343.88438251102457,455.9781520054166,292.0472388573765,187.46370582892882,309.41297046313804,107.0408780748515,0.0,225.12584833919496,307.0280555432144,192.77173981924295,397.39834494576417,361.19451091200574,351.02470104191167,430.6204780604881,620.9036309854243,542.7741501049065,637.4656053608385,607.5911746011865,741.6652836075095,707.0952138619228,756.1872384422431,769.634846565815,901.7645848770059,873.3436719605579,1006.0761422004872,1034.2452218039073,1034.424497325823,975.8574413420573,1268.0916054023726,1174.829518715459,1005.1050057497,1006.2541534888372,1123.6494316765254,1361.2295795812931,1310.679238555617,1534.7784242360156,1404.7278573745366,1366.5530533003773,1519.8901287341591,1639.4798570446283,1340.733067379406,1612.9622053961382,1704.9472946618816,1720.5031425850425,3623.9310389403745,3580.754518190551,3815.4190610599485,3314.0189626940064,3368.401693119868,3947.1336026373024,3918.7443221186236,3417.7635794918483,3615.612475618328,3504.63047987964,4049.1547088768407,3482.027362554752,3978.328992517901,3585.295061048625,3607.7138831460356,3470.057056221752,3490.8274163061214,3462.6268011587213,3708.8020235807994,3913.067599525264,3809.7548132493084,3579.1590101981674,3246.2358169359095,3602.7973010343594,3396.435679002535,3293.7330491067755,3354.95053725087,3467.021422054475,3648.1194953120166,3198.1383754244516,3559.5396699338144,3518.191915006512,2892.6781491081624,3239.577252100311,2985.9437320219135,2819.958640875065,3294.5049928134,2790.399021828572,3129.6784989297744,3010.095867993246,2821.901064888368,2889.8570634153057,2380.801480537539,2671.1605930973756,2658.3200216858695,2276.8209822705458,2129.061902043947,2275.90560091038,2077.615042996797,2525.9509424614325
100.82338628981145,497.3270318205561,464.89452093576483,550.9197102629677,391.53162283840294,505.636538744162,370.59628688131284,292.497459168765,225.35193493026378,341.751459933623,147.20374506246242,325.0772015327644,225.12584833919496,0.0,83.62222485429871,302.4036906944778,179.62896661923034,178.5517787267802,340.08155572926205,262.70519130240234,397.6133950957042,346.7068139064829,419.292560985212,418.7247596475692,679.9291612501796,578.671054578503,621.0348391375965,601.4938900906801,775.4208887085613,708.76606697334,866.0554622032007,882.3514156586699,865.7831744947846,777.8216289946528,1112.9007522304637,994.6527885767136,789.0959429394334,786.2729541627307,913.4841930575772,1167.4259734654445,1106.9916879564946,1339.26336914768,1197.2089234353155,1153.3800446142202,1309.2670964592949,1428.9186323985032,1119.5786812021847,1395.705120965924,1486.8833125248366,1500.5291232340664,3414.046741047034,3366.759933513653,3598.6258859972736,3093.487520653758,3145.9716948337864,3723.67525954083,3694.1717615496773,3192.6477352363063,3390.628863201086,3280.336987241186,3825.9386370615075,3260.653894424918,3759.1878546029347,3368.9142914199106,3394.62845952275,3260.6273401134704,3285.6852392410174,3262.194331239384,3514.338880717128,3725.214151048682,3628.147810994257,3403.534892357232,3075.8733280346064,3442.788475651406,3243.3018261668603,3148.4815323450657,3219.7026486421782,3342.9800829478545,3536.6902220061206,3092.031355444935,3469.9393050954736,3440.166230527786,2816.327701088513,3182.666239709437,2937.40664836556,2781.249624216297,3279.6317331803184,2779.2888586029803,3140.706903789372,3033.5529145661762,2856.27442023604,2940.9174630169714,2434.1792930264064,2747.820875530775,2749.8440692338622,2374.1678109908535,2237.58430516797,2403.3436212470588,2214.7547832573646,2685.0666584344767
90.52997545174871,499.63875550805,437.7485568148904,600.5038148385465,412.89627375919775,569.5672598357394,427.5281423263387,276.29073265494475,269.0311930810475,422.40707868967723,160.13980395716757,408.392865140745,307.0280555432144,83.62222485429871,0.0,358.81400425238246,97.67072850958948,126.228086752445,354.06265625092834,208.98037709979002,314.31203910142926,272.41237278085134,335.93153038170567,346.28300348047264,655.2289299090999,529.2093843307973,567.7835615016087,534.9253212317466,723.1722863761058,642.3371691129926,807.4946479513383,819.1896974290242,796.598307751726,699.0233812075992,1047.199486272541,920.8873459330132,705.815878069755,702.6518996054989,831.1996506931758,1089.0459087229221,1026.038524273755,1260.1941603799876,1115.2956754228467,1070.4019249951157,1226.6794828796835,1346.3046076901585,1036.0018171179208,1312.184459958016,1403.305180268193,1416.909729901647,3331.3125598024226,3283.4713680602117,3515.0845691464556,3009.8994436269445,3062.606755589166,3640.592284521052,3611.7187886994966,3111.247029579711,3310.2141588236727,3201.2495325941586,3748.155220383259,3184.7198261112253,3685.045495998699,3296.883582578447,3324.8491084104003,3193.230000271442,3220.887627243254,3200.140002798523,3455.4937340629153,3669.7943135640216,3575.982267041106,3354.494088134041,3029.656150344563,3401.2745837290186,3205.158940813954,3114.0489969333967,3189.706188104218,3317.7894464133437,3516.72372713674,3074.7675729295424,3459.094726921167,3434.0234674821436,2811.6415537751054,3185.1233275291934,2943.4149849653186,2791.2275356039713,3297.740474855745,2799.440468412433,3168.2105512450926,3065.4864479624366,2892.1415931495662,2982.200602766339,2476.9585176274945,2797.5050545890385,2804.076516561082,2430.6178416780895,2297.4745465760016,2468.298776703292,2282.5159917782635,2758.030040170353
141.28425723422205,767.6972573649606,762.6461652045381,714.3266848167185,640.2495069348765,616.9222522022443,534.9969213476602,588.0087350147916,459.5440270760735,371.99262120111695,436.3392913358613,254.4758143309483,192.77173981924295,302.4036906944778,358.81400425238246,0.0,418.8231613843653,343.0634470762859,191.7009662970982,380.01310253681027,638.8994210338502,508.25430198469775,635.9917338976321,556.8352877663999,576.3377797356469,586.9959460903601,638.8400100118257,682.8445612890555,771.189408108424,777.9135088142369,883.2744052477387,921.0893438076885,937.896552447595,918.8603503866595,1153.0112930592209,1088.080930607574,983.0604126576907,996.3588084648765,1084.8942959193944,1289.3830577027284,1255.7467876181688,1463.1875740198575,1355.6805193388234,1330.4570272810345,1475.9463053025534,1594.1405164721318,1329.5254839969616,1585.0606278634016,1678.7425429851155,1700.7816083896778,3568.5206462662563,3535.294018261095,3777.409457599901,3289.991648211738,3353.081673466084,3937.0527124115324,3918.3719347927013,3429.4323655266708,3635.3295642724065,3533.7994351262228,4085.8549910025454,3528.81884133458,4033.3079175092835,3649.1542043177146,3680.0231987029038,3550.4519859467046,3579.3275584757657,3558.952764563621,3813.7574719712443,4026.4766923392203,3930.3269561208144,3705.933767136715,3377.9908906682745,3743.435135200068,3542.2843894401954,3445.045150574851,3512.5509579909594,3630.872240301896,3818.1220974126413,3370.2553786123417,3738.062811272602,3700.3295707735365,3075.0068221048873,3426.787230359932,3174.6311197646073,3010.1061700402706,3486.963039188906,2982.96167212538,3322.1790403650457,3201.796044754663,3012.494153417815,3077.759513791974,2568.656963220469,2853.0312816398464,2835.290683973255,2452.2547351503636,2300.1963496813437,2437.126799383928,2233.66078696445,2664.4437666392705
81.84274480381352,543.7806414126632,451.4088154021129,683.014546463483,476.9939250960211,661.2715755702278,516.2979937623599,312.8187229709817,353.5285083329424,520.036272815927,234.92916528260207,501.30567556498295,397.39834494576417,179.62896661923034,97.67072850958948,418.8231613843653,0.0,96.95154980172516,368.58929445439725,152.42896538538866,226.05677545015834,180.21592059284757,240.5657047051884,254.955109342674,613.3696853770632,460.9176136278209,494.5393984223254,447.7083351281106,649.3368931308632,554.557332474827,726.5564970888701,733.7167293685438,705.7691837068287,601.7998936583709,958.8146125728553,826.3269110768107,609.8998886339292,608.9698763705851,733.9204398496283,991.8805024956362,928.3718351280806,1162.783708752601,1017.8311347408131,973.828532815935,1129.6415970309465,1249.2915094121195,943.3352702895653,1217.0814397983247,1308.6045231722978,1323.3317761623227,3234.418381790176,3187.4540050112746,3420.0012732549635,2916.7630656505125,2971.0993511098054,3550.3333959208585,3523.6541616720788,3026.189618561357,3227.5253993282404,3121.52702974945,3670.996913124876,3111.2779132839482,3614.73994414254,3230.4029130969966,3262.1571941287502,3134.484923922344,3166.2441677750926,3149.729543959661,3409.742935572858,3628.914343132429,3539.772438789567,3322.7697265249726,3002.0427902918755,3379.690361323106,3188.14976755473,3101.9103712758256,3183.128889001385,3317.0787966036405,3522.219243134,3083.85249141588,3475.410340157858,3455.7631504186274,2835.5768864015236,3216.6797116003436,2979.0523926225105,2831.267759263966,3345.8911015986496,2850.0547487503577,3225.9119992748856,3127.560348740959,2958.056946918811,3053.061254618162,2549.4732053276293,2875.8375679610135,2886.18129325765,2514.6496282502376,2384.1990803053923,2558.5959744456054,2374.7161147948887,2853.194806506199
94.5186992406065,620.5189263838546,541.7742586592967,723.3779112748646,538.8126331375224,683.9704154843715,546.571917408146,392.34877082232754,392.57019889572393,511.09997412714745,286.3587528066601,468.18456056156015,361.19451091200574,178.5517787267802,126.228086752445,343.0634470762859,96.95154980172516,0.0,272.6240112991132,84.81939700091762,297.1607442858086,181.6152139325775,293.55598810064225,247.8272350634248,532.0659370905125,404.4326576180528,444.67682632091703,423.92470487168026,599.7618119745079,530.9525715510474,687.9804581115113,703.8151010394685,689.0134368816919,614.91021556005,934.6296130043991,821.5445074656978,650.7348491626315,658.4171886595287,764.1310121191361,1001.6799316085616,949.4950647067994,1174.8351275770203,1043.9713257492315,1008.2438756326485,1160.0087702922401,1279.4755694453374,993.2113635066491,1257.8498356322173,1350.6627079691116,1369.1560418294018,3263.2295145113244,3221.6635402311713,3458.3174655099756,2961.956870961521,3020.629246998738,3602.5008061446147,3580.2770978737362,3088.1539856363675,3292.8727425499615,3190.7441648996564,3742.952134268964,3187.168947784814,3693.2499693105383,3312.0151240590303,3346.350876617929,3221.0704628797002,3254.9466936937088,3240.3194434046513,3502.0380063879666,3722.683959208396,3634.6964370866995,3418.5541298236903,3098.4091901766387,3476.5270234702516,3285.101300515758,3198.7426263254933,3279.5394424523015,3412.722354949923,3616.695519124435,3177.4391470547544,3566.9242342129533,3545.3491316651102,2924.227287926038,3301.9639365359067,3062.2147207524486,2911.9291973732747,3421.3631491432684,2923.713517104396,3293.9428421974562,3191.646215159703,3018.3493027628137,3107.9328536597222,2602.413053315159,2921.0723699912514,2925.6290046825707,2550.906037261099,2415.457191979982,2581.894834750924,2393.031569514893,2861.0079018121633
132.8105582859746,837.4009643901118,791.6187983667204,850.6318023549926,727.8290373629984,770.7601263385878,665.6039876814393,625.9753946008798,552.0433509969806,538.4882246665514,486.9952771968982,435.49921822658047,351.02470104191167,340.08155572926205,354.06265625092834,191.7009662970982,368.58929445439725,272.6240112991132,0.0,264.7637375288334,554.6420851515456,387.9381740327533,533.7515390252344,417.19963124570893,391.47494753256683,399.89484197031834,452.08195676691713,510.3693624333122,580.1988498634191,598.7699633811901,693.367046655496,733.5246423883648,756.3813193200207,759.5573141098312,964.1040379436681,909.7001773463553,847.3539518374841,869.8912820282113,934.7966839575627,1116.8053139883314,1092.9158977756383,1289.670696753089,1195.4738050407377,1178.8004314643456,1317.8740543173099,1434.3642476097402,1195.6183584980538,1436.511246575464,1530.6255156017176,1556.9400241541568,3398.2247218896796,3370.150433225922,3616.089712921665,3137.6511762542823,3206.2163887757333,3792.762442135087,3780.7778374943546,3301.4838862957718,3513.148378909179,3419.3835420524783,3976.625632253077,3429.3939569633553,3940.1712370709356,3565.081438157841,3604.0536934499987,3482.9164765986848,3520.15490503083,3508.2835112914304,3772.1594366968448,3994.337751122229,3907.1562576821925,3691.156670962772,3370.612378416755,3747.388166093869,3554.280893624713,3465.577400393573,3543.0143145719358,3671.841497125565,3870.276867336531,3427.510449558365,3808.644369491753,3780.0249757923243,3156.3276387722176,3522.119447984167,3275.7954817378595,3117.8170992275427,3609.8476905151247,3107.839258163559,3459.9268024399807,3346.086897339779,3162.136429068957,3235.455460953097,2726.6725158071163,3021.440572872458,3009.3434324871496,2627.745855893175,2479.127047538399,2621.786519808113,2420.3507261550817,2855.3096137931216
95.66965664774146,694.3656074258341,602.9300823061412,807.9803598333883,619.2421858473913,768.335504270978,631.3855789597937,463.9621912970362,476.9279764586357,589.7486249592484,368.34555582503947,537.3254061167095,430.6204780604881,262.70519130240234,208.98037709979002,380.01310253681027,152.42896538538866,84.81939700091762,264.7637375288334,0.0,291.2702842523507,128.9562610148022,269.3621873745659,180.24420668488563,460.94141856237945,320.28427154093913,359.916008387508,343.1334150831605,515.0810067963755,449.44623153059797,603.3994340957015,620.3356869554733,608.8126317571873,548.647717004891,851.924419758031,745.0983523538256,603.0711755996412,617.9149190695093,707.2276251652837,931.1585142168963,885.4597409023601,1104.9301969321607,982.6152573163924,952.6541293082737,1100.9610865102102,1219.9167004366695,949.9482441667204,1205.9150982587507,1299.4267193725163,1320.8651303284278,3200.6150363608976,3162.5602284883817,3401.959409472302,2911.0178620103547,2973.1978240732005,3557.0400913340927,3538.8646956998286,3052.2418266674954,3260.4161293990996,3162.714528798297,3717.944233145044,3167.5374375568163,3677.0352619635737,3300.688757879158,3339.2924205625795,3218.438181666636,3256.576235802034,3246.233069827528,3512.2529613744905,3737.3066312085184,3653.607751644847,3441.5407403683485,3125.1228187660367,3507.904378243417,3320.210907409619,3237.6268442042647,3322.4818711743224,3459.7744539363407,3667.916813579378,3231.1765126735313,3625.1262879309525,3606.834452515116,2987.124817588846,3369.037221636835,3131.4670006562096,2983.405594985088,3496.604724176526,3000.0204464029166,3373.080915801578,3272.3207969303876,3100.2188762944998,3191.124102240237,2685.938776669335,3005.597550533193,3010.43415337188,2635.7166099384344,2500.0855493456097,2665.7336713135255,2476.1243781948097,2941.69280729552
54.311790890884524,593.7036490339478,445.6668772400395,818.8379308077905,579.4697077694818,827.7024531795967,678.0145535420942,386.94751110315593,515.0179786475072,726.4367239041039,395.50521729788017,722.6611615981974,620.9036309854243,397.6133950957042,314.31203910142926,638.8994210338502,226.05677545015834,297.1607442858086,554.6420851515456,291.2702842523507,0.0,189.25253089648018,64.39209911549158,222.08287334744597,685.7867273573844,477.0742816304477,488.6916301959907,386.45617863854983,625.4540039138889,476.62435403426304,668.8254213310543,654.5846938874568,598.4741146799679,439.9581566143727,855.589760583742,687.268763925641,402.0237545428147,391.4115173035688,537.0875687150525,820.8126697237452,740.502259910692,985.0862377161078,821.3872002162402,767.4732538991001,926.6030119514112,1045.5552568837354,722.6229629359408,1002.4675597324541,1092.5119564659128,1104.2356061462976,3027.4536096221395,2975.3477135320327,3204.2989021733374,2696.43738036518,2748.3583503434447,3326.3261267577554,3298.2679591209862,2800.1372329900623,3001.677897530679,2896.620085804623,3447.309864792012,2890.1915224449103,3396.1036505445327,3015.5747118779295,3051.4239949715907,2928.5632904360673,2965.6056154629096,2954.971289461697,3221.502000401712,3447.9080236675923,3366.410687121513,3157.306038898781,2844.4462993851075,3232.1930694263874,3049.664534379002,2973.0673945042777,3065.118893107053,3210.6985297319284,3428.356309610249,2999.044155522621,3405.3889433484273,3398.1519597024126,2785.2833266287053,3183.0142287508575,2956.239876885979,2820.057817333005,3353.6419708762455,2866.1526371378823,3259.944198964978,3174.3169554548645,3016.620779242189,3126.3014162537984,2629.7507999994327,2973.8117687142826,2997.2745513562804,2633.9563939101736,2514.232886910499,2702.9920928318843,2528.4740117250453,3022.4045119807015
