0.0,22.288684144316964,18.77777316443044,36.74605578217846,12.439411129558945,13.08809503245436,9.325454123829777,30.459794859947458,29.21810688812317,30.658677903614365,32.31767655734205,18.54592348342813,26.069039649390326,35.44637639167386,5.545066523887858,18.919064322733085,33.84077653312891,24.231136957797066,24.148299434989738,40.210010462088334,39.707795389931555,5.587979378131242,8.295260733022316,7.613558225900503,29.269881121592558,47.74106803358953,36.09433553717475,34.80223299746453,13.34482987077105,12.388168029205982,58.7600172042235,36.302007160038585,16.044932042230908,30.471256290950986,25.174984495598693,7.802863469171423,17.73006883697702,23.560126562965557,15.787192838680577,55.063680635504205,21.275093077921177,36.27344246952821,16.687189209604437,6.700830128951578,10.079532474241791,21.92434047624667,31.167424254028685,20.13964280838682,13.493321296781206,32.44887521082802,650.4970471658968,689.0022952762554,658.3626794143776,634.9457603766235,645.8031714420538,660.7326784642476,693.2569570938423,661.5528276734968,629.7182166973873,681.7106791393405,655.7497911381764,658.4242873886224,650.1446709447363,652.8118839459224,663.4245934689565,637.0418710379217,664.3574073416889,641.9157691568224,661.5375185724015,615.1995194895491,678.5893350839673,688.5733623805622,669.7807283433787,652.5981197136942,642.523652231829,183.63270312014455,232.46231153956555,196.88986850423336,203.1331604717582,168.75720119837396,158.78571482512058,201.14989104082252,210.3273737936257,175.7806829945385,231.71315739147295,185.6923549807678,210.42945795030002,208.02788364104987,212.16491548300442,200.48703332972232,233.72468382883147,199.70469265148,211.66198665702618,208.77006109393983,204.1762687548622,175.56755619066163,218.9813433370995,197.94539711290258,195.59984772042802,191.33016807244826
22.288684144316964,0.0,39.473933603027874,26.177483731591934,30.465707913451652,10.583951681290541,31.284007091809823,45.3059707744177,51.24433588547645,15.033517839371234,50.66720117595831,40.44540219888171,13.31255996722583,27.514744233817098,25.77724388234385,41.087053800863565,52.84997666772388,41.602216119909826,12.803767333511846,50.642815841580365,55.41635440946671,21.802173753110903,26.168677991318958,28.1127860223608,36.64340474259997,49.750593101232504,58.3805347737699,56.83170043779866,30.399816621208313,23.400998125140422,69.44944792482015,53.1078620233328,26.49301976802085,9.018890374612099,44.47981042934812,17.629241598753218,36.67638541609025,35.32162741259384,36.5961296268096,56.00377156230265,42.342329638437334,29.24454840270105,11.797006862599343,25.0916404696477,26.929695337230054,40.086092427412076,53.435235704088164,17.27429502556163,20.63391985201609,22.06631497404411,669.7272202525792,708.915070751008,677.472685464724,655.2144310151982,665.7541872867255,680.4053466942592,712.8887550620083,681.3481680449177,649.1351517391327,701.5573284126154,675.4215006435344,677.7437431939125,670.1445967793012,672.4057383848166,682.6230294626789,656.5384218300724,683.8236732385252,661.5064560422071,681.0741348775866,634.8292575377657,697.7122253860748,707.8614451906668,689.7429244892911,672.1996148506137,661.596745276287,201.3661245314588,251.60139731864334,213.59365029167859,222.86714034451245,186.956380132741,178.52812053731859,219.55514367722887,227.90616989201465,196.23834348156035,251.88079937916757,205.49793342399215,229.1086235405384,225.93602223209533,230.06340265048433,218.93642897097237,250.14484658838091,218.23554331809768,231.8619876873126,227.03252638523435,221.24052479919027,194.0018979068107,236.46539423848762,216.07485607998197,213.20322532089776,209.8111733587286
18.77777316443044,39.473933603027874,0.0,44.87961161778083,9.727036666678766,29.00770262541704,14.695885494182802,17.112763908031063,13.349549440306268,43.26833274274747,33.4424480529565,5.275732389748908,44.84340769607918,42.071587050866874,19.43948882163519,7.624977316294441,15.480715737867877,9.519637652613723,42.925747010281654,29.49920412904846,43.27879277567324,17.671928258852905,13.397858559846195,11.533403022304247,42.447003759909514,61.56819985903846,22.228027663514542,18.52325751395943,24.391041289641503,28.67882392516253,65.48842576340321,39.00041130312933,31.09778869366081,46.38417214002001,7.213087179414969,26.446577364006938,23.390753417340036,17.48146886052906,2.993054665742469,68.9234457354663,19.946187327717162,54.17856523911852,30.199174131772974,21.511330794554052,23.598852958675945,26.82020930903275,19.228219906717776,38.55864543436487,30.980214276961753,51.02415647802794,642.1902858498256,679.5921768983699,650.2336912133328,624.9546733732843,636.350218468598,651.7279089031179,684.3017468295212,652.348946339382,621.135233628487,672.4130197916676,646.7491304850753,649.9762566272336,640.6075581868279,643.9372793998981,655.1590322253684,628.3299148940499,655.6781771181513,633.0520859242857,652.7490916806718,606.288742277412,670.4300225788905,680.1579012551499,660.2972790465291,643.7114614688418,634.459233163564,178.55878008274482,224.97102371612092,193.1112171194086,194.80323863081,163.14116761677505,150.76361314932606,194.96480705662594,205.27232827919164,166.27955270448032,222.47435217024082,177.34427124385758,203.77151267119734,202.52380932048274,206.6482419299955,194.24021012328433,230.06768321643992,193.34024135802917,202.45143928762258,202.74752107921572,199.86538295113235,169.53494100268452,214.00308404682121,192.19000380643945,190.61364227668932,185.09998579996076
36.74605578217846,26.177483731591934,44.87961161778083,0.0,35.63631781894168,25.80916996630654,45.27506164459135,40.16650996635415,58.21505378912891,11.733184634193158,69.06358734786735,48.58693838934213,39.38536205162916,4.049589680561918,42.19370235376852,50.32652020669174,52.04231521365397,41.089330814232014,38.98095366306422,38.449834440781075,76.11035145531375,32.20167375355737,33.93597378610058,37.413318287731656,60.91606296267083,75.6716328358758,67.07190273995704,63.17342812650466,49.4730579285489,44.88136774055592,93.244548307269,72.92155334807988,48.73943224946414,21.866182424651882,46.05502851925153,37.51326622450582,54.4631486375788,30.57830942237879,43.04924094700241,82.09466869959464,57.385666034715584,55.32776805985003,20.89785819456523,42.7755238305157,45.83815155728177,58.61640318974268,63.52280267315114,42.680058463408244,43.249939745739475,47.96708845394084,686.2146810497687,724.0920813314253,694.1670624508689,669.629189604314,680.8620405662687,696.0720470394378,728.6278402316209,696.7716905797878,665.2919940915223,716.8721842749256,691.0912054950556,694.0711955975082,685.1481216855972,688.2264113416815,699.163625458075,672.5464453236076,699.8821674575805,677.3356613435559,697.0016038484416,650.5900628967854,714.380961368629,724.2393367204079,704.8211835491288,688.0057132431247,678.3569254164579,220.2387101695959,268.44126994425756,233.62840937355892,238.71602722855695,205.2494353376305,194.46320362419235,237.53487721594828,246.9515424484527,210.6791441551062,266.8191009529888,221.24914503165127,246.68638538439816,244.57326622009504,248.7102775921915,236.85507927288617,270.46971462678306,236.03975443930042,246.77131370913315,245.20194094979408,240.8847706694139,211.96923995063977,255.62067410468686,234.4318936273452,232.22666582015353,227.6950803439799
12.439411129558945,30.465707913451652,9.727036666678766,35.63631781894168,0.0,19.88565949619158,13.946216235491358,18.038428189702227,22.929691817708253,33.543002210319486,37.45283293496743,12.952057692837558,37.41061283359417,33.09496656208675,15.713067163958161,14.771591278156693,22.535468418179995,11.973277067207304,35.58684814879454,28.405920895998815,46.48664370292456,9.10322509384587,4.587870632781618,5.379603666223032,40.56543162601774,59.47069690696192,31.541375912070745,28.222232674666497,22.90578659545974,24.47940453221269,67.51764514999049,42.49357167393323,27.780983235488023,36.90603442157046,14.030011765485536,20.071817301784844,24.54059766656755,12.498765927787208,7.46230908375176,66.84309571398535,24.130138487762068,48.655527880149755,20.585204684244005,17.69885776885369,20.724862928904436,28.66708802679671,27.892743666457164,32.400471039812466,25.907675598991787,44.47680982302927,650.819352708312,688.5032048538272,658.8155597365212,633.998068165708,645.269146643587,660.5380014150898,693.1012544414119,661.2084245571023,629.8356609864078,681.2965093218019,655.5578975521759,658.6432541676699,649.5467853137959,652.7141200182216,663.7779462864646,637.0642182416107,664.4057836875772,641.8254740496972,661.5045465537311,615.072281544678,679.0213709410915,688.8181569975849,669.224835077271,652.4913411784125,643.0225186227841,186.07342489740248,233.2895034422798,200.18810604272758,203.340989092255,170.81925138002256,159.17291697592742,202.86194421954818,212.80660996952477,175.10572222317663,231.27026674229668,185.87332672706634,211.82463533839677,210.20605130046542,214.33807506002952,202.15639100872835,237.13267407558104,201.29293740129745,211.22928978960292,210.59913287809695,207.1381986146525,177.35742906926455,221.5184665604067,199.94577821578488,198.11113088693813,193.00247620779413
13.08809503245436,10.583951681290541,29.00770262541704,25.80916996630654,19.88565949619158,0.0,22.41328288467636,35.16559459904671,41.133671833819164,17.91548803122967,44.38103411682964,30.331062272548223,19.92931586524588,25.538599579225927,17.755551412323822,31.188615465557877,42.2782669339099,31.09146418988271,18.50135687372103,41.6202533215393,50.65728281972464,11.391631125738032,15.639889615224606,17.823657266774507,35.410448546357244,51.5420725388295,48.67233813489378,46.697704330835776,24.184661675357294,19.072551514466916,67.46793307274483,47.72186716216642,22.93969229980979,17.680435705485113,33.89595879807691,11.728791551860546,29.800760850852928,25.5446947232406,26.17764447282887,58.432734137729646,34.24980969244528,34.3935485348475,5.022014510881643,17.780244260813138,20.505854487823584,33.72141021553171,43.966122208443025,18.892685613097576,17.570008070860396,28.351836916168455,663.2438392704526,701.9145822650825,671.0774499730962,647.9276910396584,658.7228237384696,673.5904441929528,706.1057708498181,674.4387918085928,642.5128091069207,694.6084547427672,668.6072219024624,671.1946880400171,663.074652239735,665.6507499784698,676.1633157084647,649.8565965131064,677.1652931821761,654.7536123905107,674.3627095386371,628.0460494876579,691.3081734417315,701.3363798166428,682.7031821730753,665.4388161295162,655.2278672962525,195.85110290626253,245.15047623927134,208.73753896556232,215.97384771396676,181.12784255509607,171.6160250599026,213.60433584279335,222.5045277209121,188.7735155286917,244.65774397685874,198.5465802427871,222.97433837549366,220.31898063037198,224.45441580277858,212.95550683802097,245.48318691068357,212.19901252057588,224.6105038048243,221.18073943612458,216.16371362865866,188.02006284862784,231.1285792024462,210.3073637329755,207.77865799839321,203.8051245985489
9.325454123829777,31.284007091809823,14.695885494182802,45.27506164459135,13.946216235491358,22.41328288467636,0.0,30.369649197876498,21.635327765040557,39.8869199954637,24.321228032415945,12.018608520490154,32.95801010980794,43.583753186970206,6.034025892833417,11.422030965939355,30.03169200826537,23.02111833744821,30.989797764721736,41.84543962314374,32.80607967064186,13.073629526859698,12.413757585113876,9.121000413556018,27.88547432482333,47.01768790214404,27.46460472517071,27.065942570714682,9.76888582811404,14.504404900052686,53.5720252122146,28.973329155841505,16.494388073940442,39.691538379027165,21.902357051188666,14.628294062196476,10.628555816562601,26.43807512833238,12.239970416541428,54.39244813750493,12.153281033359315,40.16323962530078,25.85781475582775,7.723080699664772,9.047751279273099,14.826169064780128,22.287155392914073,25.414908724542116,17.27386458112471,37.87110158997724,641.402187344924,679.7912541983243,649.2903373465,625.6870910145382,636.5872801927591,651.559750805377,684.0900301818014,652.3602289748712,620.5899026209072,672.5097389406063,646.5771375694513,649.3126886134547,640.9216077113928,643.652243816572,654.3352710329681,627.8993166864575,655.2193855654639,632.756943989921,652.3873825725694,606.0348562786327,669.5138628657395,679.4666363431463,660.5627598931408,643.4371995919614,633.458993188344,174.96828605519528,223.4262508172108,188.50663949527487,193.98536235587508,159.9801497227133,149.6515586717483,192.29717062220217,201.6847869276469,166.5205358065463,222.48609454827823,176.5360978168508,201.50540340962056,199.29863018718228,203.43567223183624,191.62370674042168,225.39339571221788,190.82170887548378,202.43294012495468,199.94896197665165,195.68179367012172,166.72389334693975,210.35885027801737,189.16470385074808,186.96127505816503,182.46425893896833
30.459794859947458,45.3059707744177,17.112763908031063,40.16650996635415,18.038428189702227,35.16559459904671,30.369649197876498,0.0,25.6080460431346,43.18456440300372,50.48882454769099,22.24230947393346,54.38718567413321,36.43945197755887,33.48627788260456,24.546809235849544,12.808506529645712,7.610737762706006,52.67897105772675,12.554728655238346,60.37961270319586,26.407081993967154,22.296679015611364,23.255833350421867,58.07048403984855,77.13524422863591,34.30310254286309,28.495616411789356,40.0343208216883,42.468677815375905,82.58454059279262,56.087563652849056,45.63560665050172,49.6681413492187,11.612508480717295,37.96863262153142,40.13186488589614,10.436969135267487,18.52964990703756,84.52006326872434,37.049219470990046,66.54025026807798,33.77918914097784,35.53911383540078,38.360112339462766,43.77766389373541,33.43277390287953,50.19943207824485,43.94298262810088,61.97905888640331,652.9650515022742,689.4405547974263,661.14380097053,634.3183998222021,646.1825299343387,661.9325588745166,694.5326848980768,662.3861228077021,631.7005095442374,682.3610478461156,656.9596163747982,660.6353754000327,650.3648051500005,654.2535608998671,665.9601418092465,638.7871542329316,666.1486487500299,643.3827820838212,663.1319174399488,616.5947590039177,681.307458811958,690.8293826236301,670.0913304263908,654.0179143817982,645.4268456536734,192.1849762753441,236.889794810424,207.3690250666734,206.23197043715774,176.53234699310693,162.6778496543316,207.8641694340199,218.8068090469134,176.9477895402567,233.07129976415771,188.84908651234252,216.33392700661895,215.80779201797807,219.91023418857392,207.10389210567433,244.28189792251553,206.13348568178446,213.1559554093854,215.71752382575121,213.82626372254248,182.64480233021916,227.5528842912597,205.36368560754954,204.23969359716102,198.0133055747613
29.21810688812317,51.24433588547645,13.349549440306268,58.21505378912891,22.929691817708253,41.133671833819164,21.635327765040557,25.6080460431346,0.0,56.388718482618515,29.145493217565836,10.809073927556849,54.5292428497839,55.34877835343671,27.627322266640064,10.36649294498388,16.198473093073936,19.51735444099075,52.56235151262707,37.83016805346954,39.21655393053699,29.79827326588183,26.011342407199155,23.33250740411254,45.5026999439062,63.86114523356256,9.122378998498439,5.590579467632052,29.24220830106442,35.81802168063789,61.96877329831139,34.88150389033988,36.98153758261606,58.78061945726088,14.279338465094622,36.00747770494442,25.24148255205537,29.72631516071462,15.520219610125592,70.9396039486052,18.401250701102317,61.190059170485554,42.96949264772823,29.35150760336952,30.114300645998025,26.921143987631705,8.078418550392058,47.02067595026923,38.80057103566803,59.425424771013446,629.2799791126877,666.4793725598289,637.3597799433558,611.7610970420471,623.2330722599045,638.6840188924675,671.264553058105,639.2709804659884,608.1715388145068,659.3185041338095,633.7062878138773,637.0367725646125,627.4772434993147,630.9171170582031,642.2561302550029,615.34096624602,642.6933730218154,620.0346800045546,639.7440788661332,593.2648146550966,657.5480302803161,667.222642005746,647.1740981264925,630.6891341341856,621.6005158689658,166.80826704505435,212.37374392604835,181.8240873468356,182.02243603790367,151.23526225064603,138.12809816147762,182.79475580043731,193.4710779846033,153.27090586561695,209.47219774902078,164.5798610268166,191.4385698700336,190.5690098834739,194.68191488131905,182.05140787452245,218.75163156144876,181.1152193890234,189.4683701399912,190.6175115079837,188.3524292315575,157.46741362812318,202.21392843721176,180.16800845799926,178.8670263083555,172.9331859805184
30.658677903614365,15.033517839371234,43.26833274274747,11.733184634193158,33.543002210319486,17.91548803122967,39.8869199954637,43.18456440300372,56.388718482618515,0.0,62.28903131007989,45.9156596189601,27.940370875040077,14.136995467428658,35.621317133681856,47.23481017643753,53.53288128079525,41.991363372342065,27.707728804108616,44.71576657785023,68.3023796819203,27.416001828255837,30.506771234904214,33.601932221237504,51.14779028234301,64.78323083564077,64.68051321285026,61.75281932276692,42.02923050835646,36.257097311132206,83.86325143242085,65.51613642758566,39.85946036457075,10.244807186270517,46.23662499358255,29.26342604522038,47.716237216499586,32.78957053462224,40.87235764169107,70.99265723641659,51.93341488919234,43.82585423805563,14.043221919486102,35.69502659821253,38.35554559173011,51.620855998246576,60.430931159881894,32.14647172880539,34.085039239435645,36.38559408044286,681.1093766194682,719.659721249941,688.9558359140909,665.5733501844444,676.4595077367394,691.3881239362249,723.9106492036567,692.2113883531832,660.3541092236065,712.3692651267307,686.4051711297651,689.0491146187654,680.798751195272,683.463129293065,694.0323532022148,667.6856192925038,694.9987012381924,672.5667281513266,692.1848214124276,645.8526001427039,709.1851136545621,719.1945192174408,700.4365069958693,683.2498375677367,673.1099199346284,213.74430443095983,263.03480159182266,226.52823128807898,233.7828248749111,199.04059506813329,189.43130829098823,231.51982121980487,240.38810822480872,206.40707034785402,262.3649607785029,216.34524311243547,240.88592686052914,238.22243851424824,242.35751417964005,230.8709270478211,263.2341203050432,230.11379128753748,242.31278436252597,239.09517009438136,233.99915889884426,205.9355501852836,249.0050901473141,228.21886598467597,225.6635431384267,221.72041651883555
32.31767655734205,50.66720117595831,33.4424480529565,69.06358734786735,37.45283293496743,44.38103411682964,24.321228032415945,50.48882454769099,29.145493217565836,62.28903131007989,0.0,28.247931404562976,46.38641484253988,67.66100757518186,26.91298103478804,25.94495219526078,44.64763973092654,42.94507031181253,44.696986596368184,62.93936003152611,10.134779684029684,37.11974684072236,36.69424098611691,33.28420065428242,24.169820724927575,38.59773748153789,26.780845344891016,31.47740311534339,20.379172210628184,27.414612804164037,32.88478375660221,5.767789584790738,25.09626509515905,59.677168463084946,39.383344680894716,33.329096044890164,14.637976064035731,49.47431884410796,32.65622659701779,44.890593017707914,13.591953901648571,44.96899872361702,48.706138782468095,26.60776368063792,24.006261942343187,10.68261592452239,22.436410787554134,37.38432388331482,30.535481560598193,46.861399796956235,619.1499713339124,658.2486844236169,626.9313484533394,604.5965527481992,615.0895689940014,629.7463628848566,662.2341780879345,630.6818466524401,598.5129355756977,650.890150725965,624.7625525902125,627.1437140905214,619.4831800509812,621.7551088425816,632.0550621035488,605.9017457603537,633.1927938406768,610.856067425453,630.4315317132239,584.1739484560958,647.1674324532518,657.2699132025117,639.0787676959354,621.5480406903467,611.066882383132,151.47921427410284,201.01554401487118,164.57840273562078,172.20062938144164,136.754278439442,127.86555049450985,169.25509701911648,178.14489068843596,145.7855286608107,201.27419249994549,154.83664995054096,178.67998326816775,175.938357960582,180.07391387641255,168.61310358980444,201.40729662302627,167.87112430072298,181.2716036435163,176.81434548561617,171.89746773406185,143.67370041014934,186.77970313253826,165.93057582395008,163.41768224039998,159.4675412341682
18.54592348342813,40.44540219888171,5.275732389748908,48.58693838934213,12.952057692837558,30.331062272548223,12.018608520490154,22.24230947393346,10.809073927556849,45.9156596189601,28.247931404562976,0.0,44.253719071334736,46.021233084088486,17.664498255498053,2.3492456163193176,18.592998354604486,14.706410640941426,42.29671113758194,34.7038148697002,38.15487546110589,19.021750342991268,15.413366432436334,12.55794557144093,38.8167649472282,57.829272295933094,18.7734496180901,16.389511752847053,21.11132648134243,26.519033168411166,60.50181535054732,33.85096794969039,28.38834911459145,47.98931987886985,11.472389878791665,25.656535160400892,19.073474068760394,22.519973555507626,5.668957520997723,65.1332307984497,14.848060447270136,52.18110058399081,32.30330477149745,19.585447786177777,21.03151631696984,22.167023730558014,14.942119831073787,37.206414044850526,29.20537023227631,49.70976274471436,637.9361168574354,675.5594776834197,645.9469961798077,621.046010634311,632.3244259785146,647.6100342862072,680.1754568814571,648.2718043017114,616.932420521881,668.3563503621031,642.6301702132533,645.7491282032449,636.5999509666478,639.7928763288586,650.8978278320502,624.1525591684108,651.495853545815,628.9049323615668,648.5880473172945,602.1494837331261,666.1498825037504,675.9260514130102,656.279212025647,639.5694503948257,630.1599280589335,173.72984906401857,220.51212349660554,188.14646721823627,190.47860731510883,158.37113147513577,146.35263608035692,190.29024233157696,200.45348704207336,162.16963305803344,218.34119349509723,173.01265873591063,199.1704489553628,197.76025827999396,201.88807438364287,189.5740896999031,225.1032408793567,188.69063588706754,198.30311454886203,198.05374792540707,194.95866703561182,164.82488723938005,209.17832013072203,187.45482809751385,185.78012413655517,180.4267623338378
26.069039649390326,13.31255996722583,44.84340769607918,39.38536205162916,37.41061283359417,19.92931586524588,32.95801010980794,54.38718567413321,54.5292428497839,27.940370875040077,46.38641484253988,44.253719071334736,0.0,40.826707786235744,26.92836615130905,44.18956696799574,59.70511066241311,49.33423941348535,1.9682226897192256,61.531599410744164,48.847262162803226,28.34179864586306,32.82288667390168,33.47209458789387,27.31730080733923,37.38918103759466,60.15303952968514,60.00943434087985,28.03152274467153,20.14360564952933,59.46525333083318,47.45288063649687,21.409377886761277,19.348209503521332,51.04037337995554,18.597596005982368,34.394362686669105,45.25260948412785,41.85118398142154,43.24194139967749,41.49034466647499,15.948916821853178,23.42543393392054,25.345441159517858,25.520307505260938,36.69746504964713,54.762430508692105,9.005932373946312,16.770537642937178,8.815986888271093,663.3046179852182,703.2338922224491,670.9260680717857,649.9920192819727,660.1310275463859,674.4543813515418,706.8829738876809,675.5368773280228,642.9140024537176,695.8000705344883,669.4709223259451,671.4110597713662,664.5792163427186,666.3692493925694,676.164181419116,650.4003688054812,677.6447133507141,655.4697826180026,674.9722049503041,628.8445059166044,691.1727166166072,701.4876296263719,684.126187256436,666.1716408608514,655.0181144736156,194.08036324897242,245.43110995775643,205.4952172961107,217.40385585235384,180.11311349309892,173.23434761718397,212.7762701242406,220.41466400151057,191.7553298812033,246.86199507047866,200.17039293260947,222.5505773217081,218.71446370378322,222.82255549143832,212.19866959152526,241.75622013420474,211.57307024939527,226.93185891481787,220.10693286292917,213.37764285228127,187.3359001922705,228.87748538943555,209.06727624439822,205.77430619558217,203.13040696855978
35.44637639167386,27.514744233817098,42.071587050866874,4.049589680561918,33.09496656208675,25.538599579225927,43.583753186970206,36.43945197755887,55.34877835343671,14.136995467428658,67.66100757518186,46.021233084088486,40.826707786235744,0.0,40.969816461188344,47.86098357662317,48.49977414432262,37.73816535230662,40.23983575603196,34.40945556552912,75.088924382701,30.566458829535705,31.822276093857965,35.341247738992976,60.93454820702585,76.38565187260059,64.29958012937016,60.17966609775168,48.48951618570961,44.461574479023184,92.91671981698117,71.7472171419957,48.393987327632686,24.373946626876073,42.810859215038924,37.04428439428063,53.155360274678436,27.092619357718494,40.412354139367906,82.98319842748178,55.587929159086954,56.75460953207444,20.519671074951606,41.736008873643506,44.914543023723304,57.36861109481263,60.95714366906123,43.31793732365081,43.10860731425894,49.54883642615342,683.9022738146238,721.5742618501508,691.8877268462063,667.006275101636,678.3374963996519,693.6298593269767,726.1941850927489,694.292658770841,662.9285457220728,714.3753300188317,688.6498859034424,691.7323903002757,682.6079613834464,685.8084928297541,696.8587583662265,670.1589635405559,697.5002835806611,674.9199854865277,694.5994954899569,648.1662614453943,712.0957941587681,721.9062272812413,702.2903391123632,685.5855662568966,676.0897647257981,218.47421286994225,266.27890702468227,232.08902135532716,236.41375921436202,203.38945036554824,192.2145304008916,235.59003378594662,245.20042598910885,208.19080104640292,264.3612666026656,218.9455814947143,244.6635835862879,242.74503075397288,246.88106452697465,234.89974677324585,268.96995424365906,234.06456973903505,244.3217697155099,243.28608568606435,239.258252128188,210.04342066829582,253.8856024503716,232.55840047028803,230.48180187268883,225.7406144414039
5.545066523887858,25.77724388234385,19.43948882163519,42.19370235376852,15.713067163958161,17.755551412323822,6.034025892833417,33.48627788260456,27.627322266640064,35.621317133681856,26.91298103478804,17.664498255498053,26.92836615130905,40.969816461188344,0.0,17.336261408171275,34.9175232038882,26.60698644981212,24.960165672563697,44.09916593848267,34.16315650060773,10.93890795302075,12.475241737611482,10.336839739807765,24.87409699510018,43.761407121550675,33.43901432226865,33.08471156662059,7.91230261124904,9.272274259198406,53.400537822592426,30.77978634133813,12.151430588846846,34.42823913416644,26.45647092219256,8.65491065854575,12.281024278413856,27.7950729766366,16.632221462028426,51.136790312137435,16.65300714158931,34.76401648966199,21.834749119506913,2.0988969469867556,5.058287176634673,16.426236513511952,28.19009017959846,19.54531782359362,11.605254012340273,32.04557308782771,645.496453360925,684.1696476577096,653.336773751552,630.2175360955504,640.9802320726631,655.8359255662695,688.3506611197721,656.6878292250705,624.7588769211584,676.8598267807876,650.8526799386491,653.4435232345712,645.335686736221,647.8952895282474,658.4174764122487,632.1013717659512,659.4104154526848,636.9981321150907,656.6071992880283,610.2908584411272,673.5665914153295,683.5863238555727,664.9614685091956,647.6834015326032,637.4897226007733,178.33776682425656,227.4138792507399,191.4864775105193,198.21890159940355,163.5232029120815,153.86078183830364,195.95781489809653,205.0193562524565,171.08099158753834,226.9285543453429,180.79285427553194,205.286677683821,202.76244334491898,206.89904815200327,195.30208812482803,228.30360203074443,194.53330572299097,206.88392960962798,203.55692527695868,198.80893018530398,170.37312382466564,213.66356697403944,192.7093773718859,190.29152600345228,186.14814428440252
18.919064322733085,41.087053800863565,7.624977316294441,50.32652020669174,14.771591278156693,31.188615465557877,11.422030965939355,24.546809235849544,10.36649294498388,47.23481017643753,25.94495219526078,2.3492456163193176,44.18956696799574,47.86098357662317,17.336261408171275,0.0,20.270503537776072,17.033909142343038,42.224053552535544,37.02817387363451,35.886808959427306,20.042935616499875,16.771581994408717,13.658551035560617,37.325091391031634,56.24205444450859,17.531382406919427,15.919336883567118,19.926647519474116,25.845263452019445,58.296931545032486,31.57083937260969,27.421371955960566,48.868680543362615,13.601143747293275,25.64624620768444,17.32115695187322,24.794844157394234,7.769074033459488,63.512158277725725,12.624192744048631,51.438945741324794,33.464231219883416,19.135745330150648,20.227003596627256,20.192504448676818,13.2667271643047,36.830028564279644,28.691082769120733,49.29304277534306,636.0479802793302,673.7706759769014,644.0441574948002,619.3134981471765,630.5391109779002,645.7831559189503,678.3445334435374,646.4632449452234,615.0675761705968,666.5568294164626,640.8028455491092,643.8731022815881,634.8227764653462,637.9541273562063,649.0064262776554,622.2991128767679,649.6399455674918,627.0650389669889,646.7417374446771,600.3133886848749,664.2498496652879,674.0476781064926,654.4971539074614,637.7317796870312,628.251530465695,171.58892353996907,218.5394958381637,185.94196262685696,188.5697296466524,156.2584828538395,144.40834910841036,188.2199470462803,198.31607765078394,160.36286380605623,216.51807549163635,171.10214822026143,197.13358905629045,195.64849307514152,199.7776954398329,187.50773560969924,222.89796117845717,186.63196293618392,196.47466211780198,195.97418271342988,192.7808290872313,162.73970647196418,207.03786294573035,185.35666146005101,183.63651693857946,178.35765482187642
33.84077653312891,52.84997666772388,15.480715737867877,52.04231521365397,22.535468418179995,42.2782669339099,30.03169200826537,12.808506529645712,16.198473093073936,53.53288128079525,44.64763973092654,18.592998354604486,59.70511066241311,48.49977414432262,34.9175232038882,20.270503537776072,0.0,11.578868316816946,57.831322830939165,23.176692395912184,54.78241935889787,31.599821577206463,27.063204983228587,26.277117593959414,57.39948822339277,76.42210169355857,23.54145761179525,17.250312261378763,39.553581204739096,44.15920761413914,77.51642708732236,50.41482311238125,46.51074089022995,58.62843407812491,8.672403015174583,41.623909263941606,37.58458034178107,21.469992823067244,18.319868374548424,83.72250820410721,32.34347500663086,69.63344352907944,42.21557470083774,36.99171989735942,39.02348837497432,40.37668871817136,24.222506898179727,53.873560910916176,46.43209487940872,66.27449033235963,640.3510861377272,676.7037797804287,648.5529104366409,621.5435902226873,633.4452254912811,649.2356468226409,681.8380829209765,649.6696201185081,619.0540437638327,669.6344524606033,644.2635757267018,648.0022819046569,637.6203526849574,641.5710996830717,653.3500873085229,626.1245504828865,653.4869571294591,630.7025918446874,650.4580781720119,603.9122647589589,668.7099584920286,678.19714235336,657.3498191221211,641.3341717536819,632.8470640194729,180.62150363817335,224.60144623016356,196.15733687268312,193.82800772093384,164.86987036453502,150.44914713106292,195.94207920135403,207.1668220026637,164.39544296496223,220.47788750738104,176.4770215018229,204.2723681577737,204.0482740763022,208.1367720104176,195.16775834767702,233.00531142115545,194.16962326644068,200.59005034456672,203.81809533274384,202.42407108768583,170.84113103503293,215.91283652195472,193.56324058015517,192.66189402699547,186.10658855492179
24.231136957797066,41.602216119909826,9.519637652613723,41.089330814232014,11.973277067207304,31.09146418988271,23.02111833744821,7.610737762706006,19.51735444099075,41.991363372342065,42.94507031181253,14.706410640941426,49.33423941348535,37.73816535230662,26.60698644981212,17.033909142343038,11.578868316816946,0.0,47.528247834213445,19.997598662535548,52.79838010678609,20.99247888826186,16.540320340442005,16.704213701699402,50.86157507281096,69.9756221940757,28.567242016594722,23.35202955014674,32.7602922602263,35.77540332978013,74.9743514809872,48.51764156905961,38.72655818431429,47.104952246051795,5.3702226710010414,31.9701454528496,32.575722687719704,10.787888126007902,10.980042865662586,77.3582193076483,29.465730135650734,60.50406277753755,30.722769930801416,28.694714238098687,31.328749575451013,36.18066530285691,26.90851166351306,44.320188889038064,37.53770113780885,56.447215658063534,648.4451116161432,685.3462603945826,656.5622176783803,630.4418708486788,642.0931714543427,657.6740549281657,690.2638447716802,658.2041686042692,627.2753608718566,678.2208839783749,652.6981728742055,656.1688299223438,646.3099368497535,649.9435981785065,661.4287905078635,634.4118508203819,661.7687769288392,639.0656209563416,658.7919956848107,612.2872927207436,676.741849027778,686.358666636504,666.0207958526219,649.712433344685,640.818076430938,186.29413307944247,231.79162135963594,201.19382431458,201.34244408412653,170.74151238725293,157.5433670559326,202.31017680021452,212.96698315550566,172.3815966066851,228.56909151803669,183.91585193451337,210.93621486800308,210.08149842031426,214.19531201636624,201.56581301150698,238.13555323399066,200.62700468161086,208.59596059734253,210.13430832903663,207.78946726245468,176.98439739167665,221.70858360988024,199.68398733600984,198.3533034496733,192.44897352944716
24.148299434989738,12.803767333511846,42.925747010281654,38.98095366306422,35.58684814879454,18.50135687372103,30.989797764721736,52.67897105772675,52.56235151262707,27.707728804108616,44.696986596368184,42.29671113758194,1.9682226897192256,40.23983575603196,24.960165672563697,42.224053552535544,57.831322830939165,47.528247834213445,0.0,60.02602295296374,47.40510208935253,26.53983948217154,31.00100059723091,31.580602851427006,26.218075650280145,37.22835518077435,58.19293900151839,58.04149840138347,26.146532152060406,18.25286961726229,58.61738823763585,45.8998094841984,19.65594344722098,19.61750293020601,49.163099322458685,16.642544870118904,32.53013563062136,43.656962830601856,39.93442997578391,43.294577095722936,39.58018833096496,16.574230157422843,22.241609395588625,23.37969569653168,23.586906497312675,34.90839928130262,52.80695049732778,7.3413511464498535,14.87724930862963,9.89101661074285,661.9754625419849,701.8167408404581,669.6126911817768,648.5232158159315,658.7066118455884,673.0680790007111,705.5036587088106,674.1342597396067,641.5595888823711,694.3915253868674,668.0844936071026,670.0708427514626,663.1483589337599,664.9929590080363,674.8397867229862,649.0359972524739,676.285749677529,654.0933314093013,673.6038909327906,627.4614109983369,689.8587584090743,700.1529890385299,682.7014299519852,664.7943323715489,653.708550826238,192.83887600693035,244.052171624024,204.3762266313813,215.9395508421387,178.80855049292268,171.74341706991163,211.46939341253386,219.20684986162394,190.18573361239578,245.35396906294056,198.68850524234512,221.2166987887911,217.46821283852498,221.57959749570043,210.88633185165642,240.68879213566856,210.25087676949906,225.41221251943654,218.8205885958819,212.22362891118857,186.00974783116922,227.68485811310745,207.7901999337826,204.55518510931762,201.8091548732086
40.210010462088334,50.642815841580365,29.49920412904846,38.449834440781075,28.405920895998815,41.6202533215393,41.84543962314374,12.554728655238346,37.83016805346954,44.71576657785023,62.93936003152611,34.7038148697002,61.531599410744164,34.40945556552912,44.09916593848267,37.02817387363451,23.176692395912184,19.997598662535548,60.02602295296374,0.0,72.75855655995055,35.31142159524799,31.943217803915267,33.78293065930195,68.96751853115823,87.81292394872857,46.21660250942157,40.13911209333136,51.23305104687252,52.57665880197889,94.78626945694403,68.4941178004587,56.067011281081996,53.020913113219095,24.12605679290684,47.09162055678782,52.02012405388493,16.77667162209229,30.590403773229323,95.17138894284768,49.433211426115065,75.11650911811807,38.86747542829144,46.04654122704134,49.12713351850503,55.831658578139276,45.78144041363065,58.79101643671005,53.53999662753045,69.75294331086829,662.8990341943035,698.8321241562671,671.1530382602818,643.435813445266,655.5736641246176,671.5374486093143,704.1466059247643,671.893553927422,641.5192513656234,691.8124081241493,666.5688924293368,670.502038369672,659.7109596272157,663.9245895697848,675.9067068794799,648.5425137206798,675.906191211747,653.0643552521311,672.8395838876689,626.2679171350418,691.2946709469172,700.6977048597695,679.4548825841806,663.683313934572,655.4714385470833,203.77671914339322,247.6271426493765,219.21679461261644,216.76039479562164,188.0384954791386,173.52668241746937,219.11072703695837,230.33454066742576,187.14254220714062,243.12491746573968,199.4450363892633,227.41128473268566,227.22459843307453,231.31337811546263,218.3345491290112,256.0906458109914,217.3321006203452,223.29752617385196,226.9891090274061,225.54481102400558,194.01781700268066,239.0808352333809,216.7399001254211,215.8202359294892,209.27740606140844
39.707795389931555,55.41635440946671,43.27879277567324,76.11035145531375,46.48664370292456,50.65728281972464,32.80607967064186,60.37961270319586,39.21655393053699,68.3023796819203,10.134779684029684,38.15487546110589,48.847262162803226,75.088924382701,34.16315650060773,35.886808959427306,54.78241935889787,52.79838010678609,47.40510208935253,72.75855655995055,0.0,44.934700993229804,45.17752510502052,41.92536579593466,22.89235941219193,32.51728889933187,36.1863504835121,41.27252636851686,26.638676007264014,32.16613234083493,22.762304285412778,4.368554477526237,28.9290945085545,64.37861724266673,49.408983561075374,39.049188226926205,22.303272504274837,58.769435464875166,42.27883346310269,37.90283008726072,23.33266768215053,43.99647813992637,55.329560925574064,33.36492554901095,30.275420585504616,18.03175332984598,32.244365923710234,40.138915622272826,34.78247737535178,47.46088413948984,614.6883774984133,654.4123906370985,622.3659597273506,601.1461665238508,611.301510437122,625.6827274945418,658.1258543955819,626.7357435676613,594.2196892529707,646.9899270789616,620.6990358574885,622.7585678136973,615.7437977396507,617.6191049493373,627.5640807514367,601.6791911874989,628.9374908272542,606.7193444852035,626.2408898452995,580.0796962313703,642.6099595791183,652.8524907306554,635.2963282588075,617.4191990190508,606.4728598258157,145.96081518258183,196.6829441089235,158.28996323363774,168.5576902580712,131.6518935625466,124.41200043407066,164.28799574265554,172.48996129207524,143.17347423055523,198.0618082860904,151.33551857731445,173.9465806992955,170.54395264592952,174.6689073337395,163.68611070628188,194.94770252982946,163.01846173100648,178.15855692817027,171.71403478318362,165.86274973646155,138.77341772488015,181.05024196116807,160.72828158554,157.78816502991853,154.58256288183549
