0.0,345.05228991260566,273.80925318768834,266.91970926733757,181.8448362221983,638.1608823602395,436.3865196902949,424.63017925614207,308.49165659358914,362.7913931273175,748.7298530209079,193.1318331412288,721.6799813452254,652.6088070809831,261.4979014317178,731.6069493857756,356.86823609739827,88.53857562592546,430.4795317017433,351.6914637946752,684.7347456653366,736.629770037176,232.06020056497053,500.8498983924114,313.56461799848597,463.5448146266234,247.2102829670759,755.6564388108854,278.2683504607577,497.90300596007575,421.3795345128923,509.0565961889573,665.3567090971529,454.8119824508734,378.92387593040877,242.54724581335523,689.8635454089467,504.2874260335266,655.4956627690666,757.5836211298562,577.0135536813891,251.23044493505412,308.5032824613619,316.89047212605146,388.79889797084064,679.6223568270627,111.70990812897602,108.52258728370415,253.01571257622507,309.78228288423816,339.63918397297346,410.7142737736084,703.642513721784,186.18463543144648,340.8743731941352,433.5818099075234,478.9018193398562,520.8849495739742,686.2603351407932,652.5653941908114,461.981493720361,231.48132403613715,582.3337602705085,283.6240842211516,578.2906020936115,129.50872497751007,220.94738218096649,200.50618855980792,727.8076155201109,315.22122217098354,265.98239112496907,535.9842755597001,389.5021749469268,439.72646710883134,449.88158654116154,245.8448886873286,171.14275892948262,276.6965159510554,186.93105719412878,265.6864977988937,673.3694611345464,201.46199934113665,636.7061576277615,426.4968687481441,577.9499925817297,354.3246888178911,424.28804360801996,684.4503289782899,617.0647734003511,385.5866124149557,532.030829658302,278.74157846690315,401.21423843172306,554.1730782216117,432.78875293798166,266.187703596263,381.2907314821049,394.05904344883106,610.9207823134972,405.75356909991405
345.05228991260566,0.0,618.8559408069398,517.4884206836948,293.9656071003403,436.89547410252953,701.0546014456398,403.7708580843414,278.16111816902725,364.3401731996734,737.9668894232564,415.6422376289657,742.0885703681159,372.3295072625784,565.7135242232163,428.17948713529256,315.8903068321092,409.33488770681294,747.6725988116779,212.4854703307701,430.46509559618437,812.2956120054301,204.96136854092964,308.7939278121971,89.54208716036679,386.0651951486235,164.58249803904044,433.93246956305376,385.3467493823328,782.6649797515262,704.3207407243909,204.03919397023984,771.2674513814749,799.4809513192286,517.0785451949623,565.2673860614784,780.132000712463,285.6246142700865,716.8491198492363,443.7660957834834,453.98414004807415,166.37195371365277,99.4204335634889,391.6076208086239,712.8796965663881,800.6637972754114,346.3873960804788,239.91853659056943,505.2112432766071,654.4441044131283,567.453678171868,161.5334657622262,516.3346169404633,531.2028993059943,180.2157004197008,667.3442523144962,150.9455774383316,189.826740424842,636.261831742803,362.2027918687465,314.4731322788472,393.94974155688914,249.2822722665894,244.83426512717534,611.0485471677601,237.61782596940208,290.966355477145,481.10930243950645,454.7539493824514,647.8091727604125,610.8879675514224,269.3290632442311,321.0906506531715,254.91488065227853,262.8325004710429,186.32631018274037,231.0362719138339,511.0718740460867,498.7346790286835,194.82811395743832,522.8327190190842,323.44134857371785,543.1950961353623,758.5120373658582,294.27460714042314,644.5301240032206,756.1330100643537,767.5452467750881,759.0526598153598,255.12956731080445,774.6723957856749,400.6096466896584,456.03570617425135,361.3162744750315,608.527834715036,610.7481770504511,493.6887381357014,706.0992496111937,629.9745248388783,703.0187432201685
273.80925318768834,618.8559408069398,0.0,293.03183116488213,399.31872653266026,863.9716129335668,345.49916940688087,601.4196398464799,529.0003795725065,546.5063525036798,859.8543463292887,313.62529720789615,814.3911799411497,906.6269897572334,193.15941012289005,991.3123724843153,565.7049040410175,224.14466386803792,239.13694424740947,597.0012333348332,928.2418011781338,784.6115684500727,481.73497146584367,736.3808402309544,582.9221213596194,662.0642982093112,508.0064994966884,1021.3647472801018,437.9025133813577,355.47816143369,304.68532308516683,775.7971431758407,698.7836096586212,182.0008186799815,461.54898894895763,148.3846926647869,732.6869863341054,748.0106322666379,727.491466784068,1020.4952964849325,775.1851809028019,511.0943884576082,576.101007066915,478.8294898467301,190.95229862915795,697.1332605487378,310.0034154300606,380.7878852255486,287.7673515210882,40.068692882121034,345.4668569896424,671.2226022842925,918.4650308116595,87.69140317311498,592.6729993863661,389.13294453084654,750.389973548645,792.3880791655217,830.6058972938399,909.8814899482597,689.369920354146,375.9266763145136,853.1540096231159,514.9971372426317,685.7796780789638,393.70616247374346,436.6816673378791,238.91252625711925,976.6022264021115,123.37160444288455,12.398452388208211,791.2266175385307,598.5854400329921,682.5452229712191,690.2132428788174,499.6955290750919,423.2556389980383,317.3639369684701,187.9896501177916,515.003588610375,873.6950473516919,400.1195659485272,812.3075688954433,196.0266407948381,835.905352517998,252.5640656825561,194.7146218541428,734.1452238997821,626.3575681261946,619.0934630970058,445.8853179471567,427.4725270172657,539.7322670011814,784.2219823486903,457.7758368752796,25.323093694071773,484.77661903959597,226.44964608233056,721.8848684032894,267.0022414373478
266.91970926733757,517.4884206836948,293.03183116488213,0.0,448.0251796154788,887.646754179657,608.9770868162532,691.3470009404064,310.6480295795967,629.4673190993244,1012.818759742248,442.7583178381968,982.3218302555076,875.0316529983295,427.07507251873074,942.0308074104414,327.80103476888723,312.83560569178366,530.1676673794228,400.4152860324869,919.0868415767101,985.509251944519,482.1187394442729,747.5223142529918,446.4462706459473,403.83161683079925,359.63075945734937,951.4150610397246,183.8759348164177,638.6540011719343,576.5579912007086,607.6628094101236,908.0621113571647,435.80357410342674,629.902877833071,146.24685918346248,936.3178729641003,744.0475121621804,910.3753280114561,960.4447625695865,839.053406164998,359.7591917011536,524.2436373593677,216.55076788181893,481.613147211688,916.516588094608,375.46824618355754,309.8606781624181,14.063623420888929,328.90793595814944,557.3800086182471,633.676568794862,957.8299432008017,257.3921049010232,580.6107304168737,632.8114010661716,605.713189251506,644.5627734687074,953.0789789895798,869.8041018593883,456.5281646964022,491.8792158422493,766.246334429419,541.6758509659301,840.29946888057,291.5708411495428,239.7477629081434,413.26984806762476,955.1050058751724,217.11555174086573,296.66877512333787,760.9040687604848,651.888813546678,470.999078499607,694.7392456132129,490.78183769812995,425.1030708821497,24.737359417757705,117.94733385435357,513.2987691910658,933.5840264419061,200.35314006805052,902.3805212405215,488.4747637335932,796.8485468773107,513.8085033860265,487.2863841082614,933.104144232343,849.2265502157177,637.8820910682881,711.9415668028433,167.83934165547072,665.7957551375338,803.0091738935371,665.1990482870333,268.51668108248356,638.3249916141676,511.40706442963153,873.908930803235,544.910938448319
181.8448362221983,293.9656071003403,399.31872653266026,448.0251796154788,0.0,468.64279038895495,407.4191673118047,243.5018382972423,404.5801021919308,181.615350619078,576.6021434476316,124.52688388436512,556.1344621568887,509.5355158260455,288.2284244070458,597.2170047657683,456.94271836451827,177.89575941627547,468.99170056031306,406.8138532543148,528.9240423061345,589.0168433649404,96.82358040653963,337.4643461468875,313.320532321064,560.4692835641299,292.81311101056747,633.9268009913429,425.1304671446505,490.77311832457355,413.10376870703993,494.49654577327647,528.4701231390005,563.5287769192898,246.10555070802747,413.55829082165155,546.8829804609807,348.8495677413695,500.62532441597926,629.27579362843,396.9032709040544,298.11156414041056,212.21228447412972,456.9782265121655,440.74710884582,550.1867196613584,90.2018571547328,177.6719119490857,434.03325423382165,425.73872607846573,273.83004751899534,283.94555347939996,529.1650159116057,319.07919273589357,199.41789928955546,374.29004299793434,444.8942214089569,483.4631817308128,507.16308491710186,514.6538597453003,528.6270502055044,102.67778074037109,481.91702310960187,115.67867415722446,412.1295124822541,215.36681631969194,341.00470082737644,200.4962152255749,577.6450884122679,474.40839393160326,388.3011523518001,395.83696738028243,210.196409080196,486.842167132886,290.9135462957254,117.66190625047234,68.017354775795,456.3360086800494,365.33172259985366,124.71860695580189,494.2488683088956,340.27905139700755,454.86175350360617,492.81361860097206,441.931528804021,356.6435440976968,490.31495619358975,538.4324601506933,496.79516946353294,219.98436046894525,481.6057847402753,430.78045743864266,232.64757953720462,386.861391714741,327.15662535929886,401.3941826266927,234.43686666101974,425.6187291453597,442.24793832179637,415.83519559066644
638.1608823602395,436.89547410252953,863.9716129335668,887.646754179657,468.64279038895495,0.0,752.6479442799555,290.9406912761227,710.6803773569887,328.7417648606554,424.142071998756,555.9995061555675,463.93358788239,167.31155920558624,718.1203419974004,247.07458827310646,751.7854438447936,646.2930753828566,876.2955356263692,649.2118978788503,111.85897947904553,581.4137834383713,407.6074623843509,140.43005279173366,525.541258240081,821.296023053455,585.6181413185243,318.23224713941977,799.9337691638113,844.471294356737,782.4012362957931,559.4007865442277,589.6838385400667,1015.8119666159425,494.1253068638588,878.9145079979617,576.2484119754288,152.4206722707883,497.3049855919165,290.7962610004628,135.8559924745937,589.07759318866,378.1396256302324,815.0660732310362,863.1950964864221,629.5917948458757,558.6649590157912,578.2212671186775,873.7627823517921,886.5285053708131,620.8408978724359,277.0772059672823,79.82116215346856,786.8956693288577,308.05887510029146,687.069780241506,495.61945880683635,501.840178262741,308.1737775739187,192.66332083696153,742.7267600423672,495.9413696557017,326.6307353000012,355.85962632439976,400.3800646987695,601.2085799294806,701.3970712466078,638.5150887078278,168.58242051346613,942.9234333508056,852.402981413064,182.6281997156067,266.4450791586698,680.1309174470316,193.48512822589652,397.1772674898742,467.5637807598499,889.4378074747634,824.969432833651,375.14015503623784,114.57646735421199,723.4073713084972,200.96930331495352,920.876619501871,190.86704269152148,750.8177924387026,918.3871367858229,558.4868508422343,627.2776816719778,252.57428153082074,773.7435380864309,812.5557502730092,382.5273769028291,84.64246701258853,578.7855896762849,868.2272174388501,457.26532713307284,833.0750513394037,392.3312061315701,804.5023522857762
436.3865196902949,701.0546014456398,345.49916940688087,608.9770868162532,407.4191673118047,752.6479442799555,0.0,462.1291385899169,744.6583592723188,435.4786057717883,593.0341573690348,286.2147374697664,534.4870733905008,855.0683464104244,184.73585151217674,949.8978890458984,793.2425979030195,348.1952468366715,164.1794408825833,779.1916628277671,847.194558996545,471.4163430341796,501.3641585172093,662.979146939992,709.8426364359394,899.8116128842759,666.6428074479045,1000.9286006752798,701.3666709799764,92.17982463172254,48.21925168843076,899.0207333768234,382.5695652697678,371.65329035832616,258.73962799933804,480.5180140751331,419.99424073997966,690.3729861089697,438.4964151167106,988.5020730356578,629.0529936133153,671.4903569265969,617.7377467298072,742.5878259937404,186.6576008381241,371.0387519062967,367.340575194515,523.2569514007181,599.5995421299086,329.4212110398047,140.63021694129102,670.2900428594431,780.6904529403773,351.93642733467084,584.3345246476497,73.22442735611283,851.815276485795,890.7652418185507,603.0648532176895,867.8657998336693,894.9964160948422,311.99957176140776,873.7447857519289,489.1285822509381,438.3069856896016,556.1159567613404,656.9583347319534,237.72290546267854,904.1362346116323,468.26437499376135,335.95078461845435,756.4724648071857,508.516603330012,865.9755957459239,635.2119311701232,521.9226975470069,470.70059944755,630.5499480323555,491.1342427657742,522.658376817515,717.0292178118591,633.8231173571978,627.302837948663,235.18825660903676,803.7267267674285,95.54024799423846,233.50419990583302,426.2957579976668,301.1859549101806,565.8663541176421,102.98982063205608,697.285966477675,370.26393049886053,692.0838320001276,186.79597823240275,369.2153555275317,295.5039873979574,138.96178312051904,471.987038933931,90.23463546648992
424.63017925614207,403.7708580843414,601.4196398464799,691.3470009404064,243.5018382972423,290.9406912761227,462.1291385899169,0.0,612.1763920015627,61.89221537684314,346.83281644627306,287.9535041815302,341.057844660857,402.45992446211653,437.32914305172994,497.7244049427623,662.7605014604162,402.1706191991525,587.1504190099497,586.8328142858911,386.2503236486549,410.02196385688114,242.31691930296142,212.70569642555904,467.26559614905864,757.4247361459011,485.58220884169515,556.199057389506,657.8788004392205,554.138351906123,491.47275411509577,596.9996531518666,378.2632596083457,738.3529754621333,204.43554679680022,646.064823488396,381.6312651401639,246.8695677231547,314.2079491664728,538.8780422799139,176.8773977756101,490.57675317401566,305.6511998994648,685.5206963771724,576.8210000102013,412.2272112496845,321.1623454232805,408.63234929795567,677.3802544545241,618.2979587827529,330.1390979895374,283.7031499471971,327.15382807082835,534.0433405984728,224.748479240408,398.0548880193282,533.652284251534,560.8731726842585,265.3635223798366,418.91436535740934,704.5139523055724,225.67943691732324,467.2414385701038,177.0710794881559,207.3394255244246,443.16208807403876,566.266579536538,365.0656304853532,443.8867284710275,696.3503496785341,589.251916714947,320.7609332735772,84.64663583336421,650.6579534686704,203.05723952293422,248.0159575650153,280.6119651689327,699.8367237848308,604.0518259953355,227.71967224733467,274.0224072431161,573.1178735375653,214.7794290976978,635.050083689424,364.7989962878025,461.5873837621846,632.5946516504453,367.6525407631332,385.2588985515048,158.4325428883175,489.8234248202741,665.60025558228,93.84808544485897,232.07816571795317,293.97947062015373,610.0614673315665,167.60183571377797,544.4098749554341,227.07818322843826,514.1951115651576
308.49165659358914,278.16111816902725,529.0003795725065,310.6480295795967,404.5801021919308,710.6803773569887,744.6583592723188,612.1763920015627,0.0,557.0005067680879,959.0073236370988,482.15540899576837,948.8367122135983,648.5043640690268,568.8473647936955,695.9323798916043,52.36872812066619,396.9996928870844,729.1197380408414,93.68941391741704,708.5442155445339,992.400279747742,370.08760684457445,576.2056475702002,188.9577036601683,158.11878999811776,129.35681224030623,689.2284366301851,132.9458866844233,805.4785732344515,729.5758519982829,303.19268877260527,933.0182410242879,703.9064843990836,648.4757439171425,417.5082356359632,951.2189444096059,558.2715009933885,902.0410743441586,705.0190669336832,708.0087364534807,124.94888829346063,337.33812241443536,121.77018240785185,684.0889529834996,954.0182316231741,391.41221864174616,232.88932230782441,302.9319101147136,569.054627863641,640.1164451890907,433.7008199984151,789.1450790698759,453.5887387438687,420.0962106234786,737.8053612598742,314.1067093951488,348.49131224711067,870.7473041346004,636.450388341387,160.46932372648746,497.4623873863686,503.404326845178,435.1839620817666,807.0291067406988,195.41275275470105,93.0530489540733,507.64542663358304,730.9416768876555,503.582764443363,526.1739341229863,547.474879162185,542.5773706892916,161.278860095412,525.6889038258226,364.6429177702217,343.4458636090287,294.2730180641154,352.97045640951757,386.1444486811028,787.5357032526016,129.18505893269406,790.8055406451278,712.5318055304468,571.2545122891057,662.3503206481342,710.6238153122883,942.3541918223597,898.1723371536244,495.46151059823825,838.9080528906566,150.4838225111887,630.7179411376396,631.2965457717078,720.429846782195,510.9647004749558,638.973493287047,696.196350325164,833.5398600434052,712.2023833362866
362.7913931273175,364.3401731996734,546.5063525036798,629.4673190993244,181.615350619078,328.7417648606554,435.4786057717883,61.89221537684314,557.0005067680879,0.0,403.4425178161308,233.1645378305702,392.2122852039064,419.67601601515474,390.03788574303013,514.6712826418019,608.1653145521761,342.4739543669518,548.7586147606595,536.7892644064291,414.31356577944734,449.2776522928706,187.28350998577412,227.5030442357842,420.6831305479793,705.0077903426752,432.1374965553416,567.8310496275277,598.1016675035829,527.5306681821495,460.09677187880067,563.4142100701732,407.3815458913764,689.5158523019913,187.22901238060044,585.9360400066538,415.83931592500437,255.93919873767683,354.5843178331698,553.8596221132129,228.68070479637663,437.2420410342068,264.9377857185169,626.5911626447279,534.5050353464948,438.0408534530365,260.1584637872907,348.4935524632576,615.4976459496434,565.2483168488988,297.85563740817696,263.92449469601405,374.2853783136646,476.5223879413557,191.81530334402518,376.8462398365627,502.10829459557846,532.4406501016824,326.4835992434822,433.09251471080154,656.188583052894,171.13948829928822,459.65373110275743,125.14574306493493,252.52551699010982,383.6462906976529,507.6581525593226,313.2165380812373,470.24124078097464,638.1861096379225,534.4745302479207,325.2508776594071,73.74106248688912,604.4455878851908,203.25993198997946,195.76821870635825,220.80534232515694,637.9513554779348,542.8534119978435,177.64749424139714,327.22636289597256,513.1855515841062,275.3679481253234,592.1372837710358,371.7319227685099,423.65910894510876,589.6471822415947,403.49166294562673,402.0467100492002,141.3697167136554,475.36874574691564,605.4393271056833,94.63678170490691,259.40167809144157,282.86157844479413,554.00890707917,153.1561064477864,505.23268581014895,276.9776021548872,478.86382036307725
748.7298530209079,737.9668894232564,859.8543463292887,1012.818759742248,576.6021434476316,424.142071998756,593.0341573690348,346.83281644627306,959.0073236370988,403.4425178161308,0.0,574.6003080538759,67.6744074817143,590.9367499182187,669.1655812446999,669.0958709517804,1009.5598181735614,704.2452194774406,754.8946369974052,931.3275260231285,531.9796039606581,193.5188896703918,589.047492508335,464.71610273868276,809.1496245840423,1103.343516138371,832.2133533600139,741.36432707724,1000.1213352231631,666.7033164772067,638.7877385394024,916.3485027178818,250.7244117691077,950.8206869196853,399.0668206452624,941.5839713030243,217.998310856416,502.15101378379956,160.82122265427103,712.327255396124,313.1773964791144,837.1724209807902,644.0300070432677,1029.6130429539267,766.2598782068151,286.981843701052,637.8716216501349,750.4707023708538,999.2792576388384,864.0491845354386,519.8867551451842,593.8471642008126,385.1463565233936,813.4708263762332,558.598966533797,520.8503563954258,850.6644250594568,870.3533840104084,116.49180857327535,615.7794644824738,1046.8851121701905,521.2512117894944,729.4641859805099,523.8780411716485,175.3106340966283,786.3848444542351,910.9408887034378,628.1119916111195,582.9689100181934,973.2236121918818,847.5650377868468,569.9116827313078,420.928479689066,990.7295497841778,491.0410877089303,594.7087798382375,623.6737654743235,1024.6781967227562,912.5073180293056,573.964512757324,315.4944011657805,915.0824860812883,225.74166482995557,821.6100060543396,597.6272030916227,645.4168544856235,819.5806712865759,201.68104974937862,327.41727271835623,482.8374789287696,555.3063851022159,1006.6710945167387,347.5161925712936,438.0165172504676,416.07655711214306,875.4433695443952,380.55694051980186,721.6746131536322,139.96257353393534,676.7514547249792
193.1318331412288,415.6422376289657,313.62529720789615,442.7583178381968,124.52688388436512,555.9995061555675,286.2147374697664,287.9535041815302,482.15540899576837,233.1645378305702,574.6003080538759,0.0,540.4576427350131,619.1021794322409,168.97279046376724,709.8809684354394,533.5363506364301,130.39660012892654,346.53347920780385,502.86523988145325,629.6713221388601,545.6020447064909,221.18320223479904,436.38326219664117,424.7599168624519,640.243179440669,388.30116116178175,751.0005664424855,470.44747740169015,367.16935563775706,289.0987383897289,612.8104631457176,472.58144058162014,460.0990744717413,187.9598395278496,368.67509176294396,497.9321221679127,454.2532352818933,467.8160720091338,744.1081467425873,461.7425740260498,393.3894532131424,336.7072082197798,507.9963182992314,321.3003644773086,486.49415133729167,90.75751616707988,250.42874448321342,429.7278961874103,332.22184757192053,160.81555165440622,404.32528204787224,606.6212850520062,247.84351277415968,318.1591719462009,261.5006893781594,566.0961837681239,605.4689740055893,528.0971182937853,626.749544299459,622.3608473618056,62.30854125408876,604.7886147775907,226.10546431676624,400.08897124440523,286.98345941312584,403.5064905347701,83.45193265999741,681.8332533501028,410.73761247463074,301.5191783401288,508.97334099022675,289.5874528645114,587.6031894648905,395.7679851106817,242.04036461303093,184.7468998478429,457.12284158801504,338.16891093419684,247.23872454941446,560.1733362606523,390.63399000325774,500.3249142998137,375.6896529803283,556.0153278304296,232.15251377832075,373.1711001273802,493.24859067016763,424.3873360551693,322.7052374122481,367.3908283849017,471.62235518472016,233.96351758218904,479.5769445903079,241.14036632073288,322.17171941746165,195.96620507512452,302.7850368047246,434.7268185817191,291.36543232380774
721.6799813452254,742.0885703681159,814.3911799411497,982.3218302555076,556.1344621568887,463.93358788239,534.4870733905008,341.057844660857,948.8367122135983,392.2122852039064,67.6744074817143,540.4576427350131,0.0,628.3728901384424,622.0649192985048,710.8700076375014,1000.2055705979664,670.8438382783214,697.609738147672,927.6225362690146,574.3581285332901,129.30991748980722,579.4935914587529,486.6202548456044,808.2529724253194,1097.0939084335191,824.3356206425334,782.1350426072722,981.2648521073917,605.1762587879823,581.0603927030966,927.933019198357,183.16255138674484,897.0268817650268,358.0235577501058,903.4602137055971,150.3876277604448,524.9444041620045,96.87803637028995,754.5013474953407,342.33494401267274,829.430872047248,645.417989722884,1012.6226607168007,711.4001548335083,219.32192935810974,610.0279043226022,732.789403114751,969.039634286374,816.249162737583,470.77169008012993,606.0477535508271,433.5775958606172,772.8687701608718,561.8785815393342,463.2734515974636,862.8498293773772,885.316179400875,159.6743136758925,652.4201528305275,1045.5717856183085,491.047054040024,755.7441341672569,516.3382738743829,144.09423488639482,769.6800856283903,895.1950011325599,587.5198688458187,627.6904500550207,930.3680022420035,802.2234217443383,595.9784661831459,421.2270369561442,991.4546664713924,506.57125720293277,587.4079828534932,608.3356686099708,995.4725933637537,878.3085807433913,568.0411868474233,361.19767901072595,896.3874568836172,262.9732201976737,765.7180976994674,627.5139380830611,591.8726875976433,763.7631494128731,134.0069049506582,261.0041994002259,488.60786901602,491.74394765913473,986.7396704920702,323.58039729801266,466.8564922087483,362.9769229579171,831.148008217445,344.50395132884205,665.9557013223313,115.29884711996269,620.0354530817683
652.6088070809831,372.3295072625784,906.6269897572334,875.0316529983295,509.5355158260455,167.31155920558624,855.0683464104244,402.45992446211653,648.5043640690268,419.67601601515474,590.9367499182187,619.1021794322409,628.3728901384424,0.0,787.8282448179622,95.35517699159867,681.5032327998769,682.5720360073718,959.6444736835099,572.1527247992315,77.16974168551583,742.0841032431038,425.5879396960156,192.3001062020227,459.972292428811,733.6346194167088,535.9125670033833,157.67976701418587,757.0270897521189,947.0331321712267,878.1646103514252,439.13598872430987,742.6310395809305,1072.983698220465,603.5544463341945,893.9648873112808,732.732594886362,166.11358790566322,654.3629669831231,136.7234312387961,289.40862770358916,538.1012311588388,351.6434095384857,763.8829119622349,939.1699299678753,781.6324299450505,597.0640525142896,570.3087123784074,861.8259946482788,934.7378636407976,716.501660703998,243.34881817883183,226.5250597242094,822.9607679505579,314.3399568345587,795.8882805646921,381.71580659139346,376.64385040969955,474.6607141679163,25.98045971259359,646.3006009224251,565.8472688626372,183.15836050234316,395.29071415657825,552.0234934575982,583.7338110805277,661.0086445139666,702.1557321360555,82.47106664278002,967.4934000207036,896.0699728576533,116.62496046042376,346.5883846074586,583.3730053320594,223.93676197027864,408.82679014344626,485.65182447450223,872.1449521033172,833.0166924875418,391.9579496585055,280.73526232064626,690.4485567784499,366.2845486705022,994.5441038478195,78.66104471461118,836.7769704638048,992.0243521142907,715.4029780499413,771.4839936844318,296.83077393662035,891.4100285446935,771.879746124023,495.81569048026057,175.08104186013153,695.940693308292,906.2557148011236,567.4186879858231,915.5917929925374,548.9341443733033,893.9855108731599
261.4979014317178,565.7135242232163,193.15941012289005,427.07507251873074,288.2284244070458,718.1203419974004,184.73585151217674,437.32914305172994,568.8473647936955,390.03788574303013,669.1655812446999,168.97279046376724,622.0649192985048,787.8282448179622,0.0,878.834162185255,615.7148745125102,173.5909496310434,182.32998104194866,611.9991833864318,796.4047036681343,592.1993842997515,384.3102923156656,603.4636551464287,558.0323444832251,721.3944115285519,503.4313255911268,919.6745594477793,517.8155052743448,236.6362562226815,161.53580160032257,752.7827557612642,507.1610025089949,301.2148807088275,273.71536798411125,306.92129727931075,540.4181789984538,622.6158959130843,534.4177355678038,913.0516082805677,614.193212099968,507.9070833532541,496.6256204608191,559.2705975458368,152.72063050279394,507.60890888922734,219.34000096926073,359.042805312265,417.0839715206322,194.93068311899043,152.30892618021574,571.6138374937995,763.3459809362175,173.07804002067056,485.989146543497,207.2672964334532,712.808848893694,753.7097630817669,646.808343886866,795.6926753465433,723.478648364165,223.7105749207689,770.0121115697516,394.9437449027893,496.39810684457365,387.90527344987885,478.76857541060923,87.73421935373901,849.4149847959035,313.33254092596695,181.25062897932622,677.9426484324703,453.26578798388437,699.8783488980333,564.2161819601425,404.9329409157424,338.3184464820627,447.91459113825766,309.1803546401274,412.9011340143107,711.0198169377082,453.0433707393911,639.4083584128365,206.7511311581349,724.9644086461238,94.1604553140496,204.23181525631324,541.4224995296805,437.34541488827546,491.157840139153,286.76462184711374,513.2172188490906,363.37840972152316,644.4845156054275,264.7637348764114,211.9422330902459,300.7382041133684,140.3932104717378,532.5561205401822,144.4975685545489
731.6069493857756,428.17948713529256,991.3123724843153,942.0308074104414,597.2170047657683,247.07458827310646,949.8978890458984,497.7244049427623,695.9323798916043,514.6712826418019,669.0958709517804,709.8809684354394,710.8700076375014,95.35517699159867,878.834162185255,0.0,723.7108760630023,767.2358173783066,1052.2874049214693,613.0078597610366,137.12114118301983,828.147806139777,509.61899427041897,287.501348607417,511.136103588007,764.1179295755486,592.5372064687892,73.0846431057553,812.2756883118086,1041.7884224905251,972.4261076508294,453.4498354601825,832.7806955089503,1160.472626753566,698.8813793690811,970.7520692310038,821.3182661295259,259.89400148088606,742.5672998207465,43.79059304823501,377.56273658337216,594.0480305131448,424.9923105356344,814.9447280476481,1030.7291746867736,872.168867414615,683.1115887442975,643.3584941135981,929.2251221837629,1020.6593113456595,811.0164218349666,321.20873746119145,289.56868220432466,906.4450010237925,399.0993557258309,891.0979723901012,404.6457809541282,389.73261290659786,554.0109094643446,83.17785095412323,672.6209759458235,658.0353306001489,197.27870097267154,484.5802183918931,642.3070362407639,653.0113782232623,719.085170133694,792.514496427596,92.28322968807433,1046.7794908794197,981.0666843507249,201.44032250927071,441.3878040649094,611.0782718206665,316.7654559080357,491.69171627913425,568.3816888338775,937.2895269893834,907.9947870759889,476.58099301898216,354.0514954096626,751.3494028867452,447.91354353839955,1085.5701271277633,155.52572903960714,930.0355439410541,1083.0514690554542,803.7512859138192,864.250678181133,389.0597987160182,986.7652014841551,827.9681806239887,591.1416773974155,268.8924956957503,791.2849102929351,989.7405431493657,662.7663813651466,1008.2106221785011,637.1955282232458,987.554322076972
356.86823609739827,315.8903068321092,565.7049040410175,327.80103476888723,456.94271836451827,751.7854438447936,793.2425979030195,662.7605014604162,52.36872812066619,608.1653145521761,1009.5598181735614,533.5363506364301,1000.2055705979664,681.5032327998769,615.7148745125102,723.7108760630023,0.0,445.11802253563445,772.4074072909601,110.73844382798252,744.2031144831683,1044.6274031897701,421.0211096871853,619.3615226118467,226.51018672076364,107.0346807061147,177.86355620516437,712.3004771796426,143.95796677081992,852.160288370604,776.9019651530011,309.1726869747505,985.3858315989423,737.154015336163,700.7886160956635,446.4103810481951,1003.5426901545949,599.6582402871936,954.1144149291795,730.0663586632965,754.4089030807307,173.0980755195635,382.52163879424654,117.66012869203819,726.6658083381708,1006.3646985554957,442.77968807217036,284.88122905376207,322.00283336914526,605.742996342102,690.8678127522569,474.83099609018024,830.7930928984856,493.60784727483735,466.65545674672023,788.0300162032615,330.4933352909839,360.9121875304928,920.041116938019,668.032526126601,129.0222399922401,549.6743558177538,528.507566360872,485.69121147609195,858.6735687532034,247.20986413513273,136.97587157546465,556.8686102865348,763.6661298050441,531.0089019262072,563.7015035882271,584.3773569367803,591.939217423105,149.57794263388627,569.734444687176,414.8873589699026,395.60424613437874,308.66238525641745,384.5392579954983,436.02398322406003,831.9141086058969,167.22031489110609,838.3926698519335,752.8047978216559,605.366330147278,709.5581236095866,750.9739968385632,994.6355655884428,950.3935599277504,542.72412536686,888.4028694227065,160.4429743609992,682.7124538823579,673.8243087207749,772.3079847136883,546.4607572193602,691.3409113749506,740.6500577523562,884.9083141749546,758.3115862723722
88.53857562592546,409.33488770681294,224.14466386803792,312.83560569178366,177.89575941627547,646.2930753828566,348.1952468366715,402.1706191991525,396.9996928870844,342.4739543669518,704.2452194774406,130.39660012892654,670.8438382783214,682.5720360073718,173.5909496310434,767.2358173783066,445.11802253563445,0.0,346.93992764171037,438.47080355998895,705.7327348982684,673.3540429593265,257.62183837011156,515.1183728406924,390.3639121493726,551.6194344572693,330.9248699385655,798.3281611515199,359.28316275069454,409.6153615392431,332.88424850766717,586.2803928954735,597.6318774985446,396.8056997266108,317.07059640132974,244.0738751400163,624.7139453466043,525.0059522600619,597.5563402607181,796.771534754175,568.1316550900841,335.2658248137875,355.61545063987063,399.3457813398657,307.6263653282488,608.5752788359109,87.69868179239674,187.32248922407993,299.9871959671271,254.09019310702277,258.0611947812111,447.5778385564714,705.2224483136372,141.38409160647007,368.53030349087373,348.4179123282561,551.005104590144,592.6510171913856,653.3875216527082,685.7390095043505,550.1900012240063,184.35076803697206,633.6339302049746,292.9530942006685,530.1379017207787,214.55225849319396,308.7688726036582,114.47363429097238,753.1888432581595,297.78331487420826,213.83184216047644,567.0853293714084,384.6237899865164,526.3970881168649,467.63677496220043,275.7840151361443,199.73817849926488,327.9588838745724,208.28211443493277,290.859069253496,666.4975041588328,286.84139844999555,616.9385518495787,349.98774423370327,611.7952041803022,265.9076300776828,347.6539375941037,620.9367759609302,543.4402034909045,397.593238733273,444.8202198888346,357.6510724502347,360.42640481735316,564.7504917329073,358.25243471574476,224.2291431773228,326.36180610087507,308.8147712845259,564.5279840756112,318.06846948834016
430.4795317017433,747.6725988116779,239.13694424740947,530.1676673794228,468.99170056031306,876.2955356263692,164.1794408825833,587.1504190099497,729.1197380408414,548.7586147606595,754.8946369974052,346.53347920780385,697.609738147672,959.6444736835099,182.32998104194866,1052.2874049214693,772.4074072909601,346.93992764171037,0.0,781.5753608078126,962.1740796428212,635.0394973679549,565.5697398582334,771.2661586794893,736.6616538440381,875.0119563716345,677.1362307102468,1096.212539985565,658.4501392463517,127.17341900631693,116.66182011485954,932.2325434050373,546.2087254994909,211.14455427037652,394.7644967903164,387.29153282161343,583.829226597349,793.5813292023764,602.045630485959,1087.9558088732517,761.5551289668509,681.3204138877865,678.7023599723955,700.2771889726675,48.56065768603527,532.9418042158119,401.4625473346703,534.2182382067734,523.7667308842703,209.0878734916785,259.4312303980071,750.8577933894361,913.3528191171457,284.0029709989552,664.6300727583505,234.3461991909537,893.9741437263806,935.0924414366302,757.7665836534449,969.1510364902051,887.6703894197593,394.36091953766334,950.8257105052734,571.6757297775546,595.1220338164137,559.7880868649488,636.568222346317,269.1764886452183,1017.0117336469617,350.11753555974735,233.9882776098465,852.7356732479868,617.5212366345974,869.5728056710316,735.79624742644,586.3013639917219,520.6245684602112,554.0665704613732,418.59071420361374,593.2435994934474,854.468286133409,605.6323316006917,771.4953975468751,73.20187736422658,900.0745824361891,125.57020453311453,71.95697044570166,590.3980519509837,463.9558568114396,663.2340355579308,240.74051099381626,650.5259336866172,501.5644112943111,807.8626363411014,341.7266050752673,264.40738485197085,429.2923164385591,44.08007786417321,629.8371560747505,78.61689212647245
351.6914637946752,212.4854703307701,597.0012333348332,400.4152860324869,406.8138532543148,649.2118978788503,779.1916628277671,586.8328142858911,93.68941391741704,536.7892644064291,931.3275260231285,502.86523988145325,927.6225362690146,572.1527247992315,611.9991833864318,613.0078597610366,110.73844382798252,438.47080355998895,781.5753608078126,0.0,636.2703427982385,982.6592432414798,351.441110512348,520.5430969763847,126.11276208107758,175.04161555726728,114.91366002408799,601.9535163449605,226.37248783896376,847.1204750156058,769.411379950771,209.6517594682055,929.9924923663012,775.9442077436968,652.6306334161178,497.2526511709998,944.7488699438038,498.10897285018297,889.5802933150062,619.4140703918399,661.7667381357784,109.71930555385646,290.91760913537297,214.17089604926443,738.6976597929685,954.3269695764837,414.3498080136671,255.93626850364114,391.7709907615352,636.6887119023014,663.6186502519565,373.8111046477049,728.7420005843016,516.4745232176639,377.0702563582138,763.8544339996599,222.2066355603316,255.3347572981643,836.0245795340404,558.1278461733597,121.91645675019022,506.7224689152132,417.80576104350865,411.7512824878095,789.3144018512104,224.23295307180044,166.83725205134985,541.9063829440684,654.1091606704792,584.0667534973451,592.7920662849239,477.7826125768276,510.48601583797944,88.03906796015573,472.93830959942693,341.0639166626738,340.1725518031492,385.3889887787566,430.60210726371724,359.65517564923584,734.4029980951384,207.47410688326073,748.6772309355839,772.2089576497821,496.71441416036396,703.2253696043547,770.1496395916896,934.356686800506,903.1813880870983,454.1662759513842,868.3518735020888,243.89468104809018,618.9305334332045,573.6519809410751,732.6066112810153,581.1130263396342,638.0621634300007,745.7198743141338,812.877833337444,756.4967501245452
684.7347456653366,430.46509559618437,928.2418011781338,919.0868415767101,528.9240423061345,111.85897947904553,847.194558996545,386.2503236486549,708.5442155445339,414.31356577944734,531.9796039606581,629.6713221388601,574.3581285332901,77.16974168551583,796.4047036681343,137.12114118301983,744.2031144831683,705.7327348982684,962.1740796428212,636.2703427982385,0.0,693.0128032577537,453.37000719537514,193.3240979591593,519.6155521249777,801.438572457753,591.0563366651435,209.66975211753794,811.347219149975,939.3604312958125,873.9665948075482,513.3275158718083,701.2658395654887,1088.5795966250623,590.6236657880543,927.2709815091449,688.0965892836891,181.0666063748666,609.1583471885494,180.4177073562017,246.3196008993873,593.6951308446492,395.56750688891316,820.984960986243,945.3291920457003,741.0814488930313,618.565871790324,610.5793597924521,905.5700795398615,953.9817449861594,711.6671723866825,286.26199088957736,155.03025176896173,847.0820118085528,343.9874448297062,784.2511856664192,454.2578226145092,451.46967735026243,417.01558396561194,101.93336308266818,716.0392674919912,572.7053539525305,259.7076160327366,413.2474792475871,511.58173913834565,627.7823358608483,713.9303309232456,713.1107976590783,58.40011844387609,997.150370716924,917.1914645225735,161.89893562260815,344.71129252229224,652.9417676116184,238.11467222352928,438.8911154578978,514.4278955878158,917.9271232588254,868.8734196563993,419.4979742919483,217.0124705473531,740.9615398457912,311.5911640126973,1002.0212528739676,140.53002240417197,837.5342081413985,999.5085562466226,670.3426286892911,737.2210382636724,309.4376973836174,874.9344205206467,825.5138695186859,479.8695337266264,155.20525015956215,679.1257997113562,929.9056610908424,553.8291126001193,918.3976457300985,504.1408103008236,893.1452478915553
736.629770037176,812.2956120054301,784.6115684500727,985.509251944519,589.0168433649404,581.4137834383713,471.4163430341796,410.02196385688114,992.400279747742,449.2776522928706,193.5188896703918,545.6020447064909,129.30991748980722,742.0841032431038,592.1993842997515,828.147806139777,1044.6274031897701,673.3540429593265,635.0394973679549,982.6592432414798,693.0128032577537,0.0,631.2734827471794,585.7453081916104,869.5251131834706,1146.0166226681238,873.6586145698116,898.1124356827248,1008.278740847908,528.6196030844355,519.5849815011368,1007.0034220770104,88.84876061705715,842.6538744476703,357.8901182499015,890.4930137510378,52.12678239758034,624.2981049187401,95.85974763148211,871.9324677388213,452.7927713259697,878.9106528491044,713.2335368001068,1042.8480745649324,656.5524442794646,109.475223447692,626.3347019210256,766.0599308546797,972.9531867464103,780.199372374981,441.06609138109457,690.397834854057,557.7682058285399,756.1649143040003,634.5696535414147,406.501135585232,943.4442844808533,969.6382503624503,285.6478126610873,765.1507137462958,1103.3684594364038,507.0318363133064,856.1101326788803,573.588773404316,204.4227586769479,804.0432430059234,929.2726213492716,575.6723589174939,747.9820932709805,905.5166839415986,772.9735692572463,697.9390902068324,494.49240290638124,1053.126713935088,597.51516625612,642.7485070348201,649.0677309545829,1001.2743719872186,874.7794477024404,626.2267829950027,484.2951506493722,924.8464807485298,382.33611017396134,706.6025841432726,733.3777488868324,544.0389893869987,704.9198728045219,52.417715579340204,172.11029090590185,567.0594342551074,408.84598791936804,1011.5963032391763,363.7539852258168,573.984390279812,328.03235128568775,804.1181353701446,357.56287438163304,609.2611347706181,196.0029222360654,561.0673867186841
