0.0,90.98369149749385,181.92531076397762,272.82732108513716,363.70036997014347,454.3962607658348,545.5152335938944,636.5623045537056,727.3039235226425,818.208791301322,91.04707617593509,128.72564321949002,203.47441603253944,287.6570988790222,374.8586640277762,463.62230603073147,553.1338884115808,642.9363348255154,733.177845328309,823.2811210585035,181.88572914592442,203.44419793208985,257.30129251160287,327.80381535493996,406.50835135062545,489.5969055342649,575.0327954194945,661.9542150605449,749.7034059912438,838.090608804228,272.6359526739533,287.56892861813003,327.8582535671348,385.79908724604826,454.65808729383326,530.2588234763219,609.912484279143,692.5613338097327,776.7669524434418,862.4025521374784,363.5817158562534,374.98337841716574,406.61032661485285,454.54924634027134,514.4231015911574,582.3315633558472,655.7003807130129,732.9152762055736,813.246116178397,895.4458570554715,454.5911985349266,463.3124574876641,489.5666677739512,529.9995595647183,582.3364417518806,642.9590380296444,709.9492404306193,782.1419657679104,857.7406854796131,935.930557504375,545.4767908055037,552.8318889555795,575.1492605320296,610.0466471899792,655.6934591562244,710.1669704286718,771.509340350688,838.3002009700452,909.2711978055172,983.3204807746814,636.3870139502078,642.9762385447367,661.8343622788693,692.4031762615518,732.982430256805,782.0279992137603,838.1942448097564,899.9855075098972,966.4403339369954,1036.733528867983,727.2952325530805,732.997831125349,749.821682443498,776.7805731806174,813.2699400303743,857.8560320539799,909.1081224640407,966.4685231153,1028.6464181417714,1094.892944617072,818.3326878327897,823.2767292299036,838.311396597705,862.4971545023291,895.4746562718989,936.0155378002347,983.4092173045974,1036.6105607029738,1094.8560541174202,1157.190870475092
90.98369149749385,0.0,90.94175536659894,181.84392159676273,272.7167843677627,363.4126996875184,454.53166030125357,545.5787501118997,636.3203633724424,727.2252341287024,128.47547315691688,90.78685621413402,128.58073718193972,203.33311058319705,287.39770736702997,374.7943724485674,463.6052344286668,552.994203865044,642.9751868175149,732.9058759204543,203.17816681463336,181.79675299112995,203.2369477405344,256.98505417603536,327.5750815101768,406.4589381041893,489.5026183881976,574.9696950202583,661.7643319394516,749.5010161644017,287.2677548402248,272.62350695712377,287.36655940201035,327.74042024107126,385.63844518344536,454.5733949126387,530.0237742402235,609.9233341954754,692.2551098608852,776.5695634454072,374.60639688103527,363.611190378275,374.7330820650742,406.37873003668966,454.5520590024204,514.3292393642325,582.0980973117564,655.3894442975147,732.9162027655367,813.0726352153013,463.4345312030281,454.16419424963556,463.36226308509754,489.27430796886466,530.1393681595823,582.0601431090457,642.5904668353701,709.9726827238782,781.9879340983634,857.4597947023178,552.8721356175791,545.1398781666906,552.9966901004265,575.0017386041109,609.7946237441563,655.5296986090754,709.9825964354399,771.3857554724348,838.1600233140606,908.9348529191152,642.6990745339156,636.3651125541181,642.673868192991,661.7205988674323,692.2207276554159,732.7672444477549,781.923124959874,838.0092434651348,899.8570295990291,966.4338473638808,732.8082201706128,727.1864021373212,732.9227473329605,749.5358956651049,776.7109610074231,813.165286133026,857.4723905120693,909.0149690708952,966.3400086480162,1028.5553039492029,823.2224849080443,818.0743864789118,823.2326160642951,838.0383376997005,862.3992395183806,895.2316118221593,935.8649645932894,983.2489147172239,1036.5214740649194,1094.6296261300786
181.92531076397762,90.94175536659894,0.0,90.90220548373931,181.77506096271202,272.47096287365855,363.5899312561293,454.63701256863436,545.3786290480083,636.283498980153,203.23291899992662,128.46427430199657,90.88810700337415,128.63209308226865,203.19337661319102,287.42872283693896,374.87262182224254,463.54349471417004,553.1062763196206,642.7752219167926,257.1031683311591,203.3222384916607,181.77868183084593,203.1545900774092,256.9317084221191,327.67716982296963,406.48519359357823,489.5629668147967,574.8838405607376,661.6629651663668,327.6847100540024,287.43877487260437,272.6635673807597,287.52681907802275,327.7386728431803,385.74574190059883,454.4942108163403,530.1765874051889,609.7461709603095,692.1799104600059,406.41215424249924,374.86523541647443,363.64222002143225,374.6968672918376,406.61669623898115,454.64250721788994,514.2778530800889,581.9464634988838,655.5353005477549,732.8860771332417,489.5233134674174,463.273537279422,454.4138278422427,463.29794755951764,489.64614145329494,530.0687003951298,581.8984250384723,642.7851037584967,709.9965780615479,781.8696463998892,574.9554840807207,552.7413080456441,545.5390348270072,553.0854693915936,574.960050388685,609.854794645237,655.555601391896,710.0433577507956,771.4238556317958,838.0083504491861,661.7853009387107,642.910837038034,636.2970186005354,642.7853368616961,661.763003364158,692.2354510897287,732.8762741101511,781.9349929598127,838.0711801597885,900.0360545739251,749.614498714079,732.9300143252838,727.3229683149017,732.8760886230731,749.6978016642036,776.8276391168265,812.9885035342395,857.5970874267153,909.0863176202479,966.4338752829073,838.228564696094,823.1764064339811,818.2775208349309,823.1907101596711,838.1679124744495,862.3787878683542,895.2895364870739,935.9239302366864,983.3664593354919,1036.48962033769
272.82732108513716,181.84392159676273,90.90220548373931,0.0,90.87335374412221,181.56904453406585,272.688009776591,363.73503431601455,454.4766525349501,545.3815113673373,287.4755552757143,203.2535034984068,128.6220005778897,91.16273455222951,128.63676928668377,203.31428378352,287.5993662957102,374.87864421088557,463.7183230970704,552.9691129386053,327.84951842310755,257.29290138012163,203.36853428044603,181.89691924481076,203.25798910439394,257.1662316448613,327.8010156979095,406.6531716428882,489.5622453086186,574.8665779574791,385.76681808609607,327.8872513322758,287.59353837996406,273.0119947280515,287.61337197583913,327.99850790175014,385.7880395115864,454.755800547344,530.0997255564673,609.7663943042046,454.5522216481512,406.753059608892,375.0558661733748,363.7024473812569,375.0888313302292,406.82577355080923,454.7247412473652,514.2417643489214,582.1947056760821,655.6126072650173,530.2096896879524,489.5043403058418,463.596183065895,454.4776918835481,463.80554656611514,489.7095915874894,530.0566687958769,582.2048105390459,642.9390824304467,709.9969758698647,610.0241340473083,574.9130670978107,553.2488173480193,545.7574706116679,553.1608955864519,575.162692553786,610.0195038694856,655.734065328312,710.2003466975369,771.4064181262885,692.4800481841497,662.1076415869012,642.9647534995556,636.5254486073461,642.9549336334595,661.9208839080313,692.4781462983789,733.0121933236239,782.1207450453613,838.3743825376596,776.871138796027,749.848543374378,733.1636835095564,727.4099217814717,733.1680901904996,749.9423940302814,776.7740282041042,813.2531835631581,857.7957268413516,909.2968377787005,862.712928145211,838.2809194412913,823.5127887857476,818.3604837287445,823.4451629952107,838.2752513980975,862.5551490558222,895.4852960356676,936.1702829238716,983.4566725198231
363.70036997014347,272.7167843677627,181.77506096271202,90.87335374412221,0.0,90.69592475126362,181.81487593894826,272.8619692228382,363.60357971856274,454.5084505661452,374.71130887699024,287.32221646869993,203.1378375931036,128.5249167083515,90.86353365717109,128.50031851336348,203.36332952984804,287.50668004872307,374.9837157745854,463.53518264325805,406.4714541245387,327.7423080794868,256.972872662076,203.14412029583775,181.61871453980513,203.1586947058373,257.0193935981888,327.79414613154415,406.5015915598307,489.4313615496461,454.4535415352634,385.5871083424689,327.65580115635595,287.55557208304594,272.6251064519565,287.51627093305746,327.72625637851115,385.7827742705625,454.46262045237785,529.9411031758488,514.0626564968071,454.50310998199353,406.57637392089504,374.6635653482723,363.6795268775659,374.8820701619464,406.5645335795186,454.3788456307209,514.2107991311009,582.0454910238784,582.0050641865016,529.8400293024592,489.3668026645868,463.2378231094756,454.5515998789106,463.4682569683586,489.3509690877352,530.0070233178706,582.0709740774614,642.6795229021141,655.53493120057,609.5683006260597,574.9843937832745,553.0420604076153,545.396088141359,552.9634754978832,574.9494959218017,609.8282925389342,655.5588301479223,709.9056442365373,732.8444852421834,692.3925581141292,661.7458537706887,642.7563009140811,636.2676041603617,642.7118318420972,661.7699381893628,692.2368463797163,732.8493119893586,782.1055982424722,813.0324980489409,776.6921547610204,749.6371953655402,732.8335600109335,727.2766193760932,732.9927779074525,749.4820554542683,776.6670780689714,813.0912404228962,857.659963821915,895.3930867218878,862.3366398678387,838.205073908028,823.1703305108397,818.185929047791,823.1334928203537,838.033326177098,862.3687672606518,895.360753716089,935.9057317295604
454.3962607658348,363.4126996875184,272.47096287365855,181.56904453406585,90.69592475126362,0.0,91.11897532159166,182.16605060918764,272.90766617663746,363.8125362533084,463.2309364469323,374.4812933202257,287.15619225773924,203.05476865459337,128.45872960761483,90.86728593175388,128.8453043880869,203.51794876206952,287.8480444332332,375.0368994135193,489.29920495588505,406.35399947566356,327.4701683989877,256.9164224691096,203.0924234674898,181.753515926488,203.26957682777214,257.32779800756003,327.92445786493437,406.65133063922127,529.8620878025665,454.30270294405113,385.46718052108673,327.7978872132133,287.35032310316217,272.80621305936717,287.54785347156746,328.01422225119705,385.7957926446691,454.6029417826501,581.7817766457563,514.0985651158717,454.5031811373697,406.36144896817115,374.87307059613653,363.72244161499555,374.93346154973705,406.5316894052987,454.64206979217033,514.3761367518225,642.6176734451351,581.8061543395469,529.8326919633364,489.22907118774503,463.5381769651794,454.5010543447773,463.44557050321407,489.58949593627585,530.2077298171686,582.1409107143229,709.9264751096475,655.2305652197284,609.8092813312514,575.0039549214714,552.9273829877516,545.4898540348825,553.0608852078178,575.0586371057734,609.9679838608829,655.611956799971,781.8692246744986,732.9301907621458,692.2440873585974,661.7622904639346,642.7571340499767,636.3212768287822,642.8625017681497,661.8370575699684,692.3922703056088,733.1594163021618,857.492835432006,813.0435600136042,776.6765259819399,749.5602311958501,732.9632085140192,727.3812167044997,732.8308640803095,749.6981309060029,776.8255786543025,813.2708547179593,935.9573172457002,895.2085725726325,862.4956449227107,838.113120086063,823.2590395584886,818.1596489384252,823.1789988452624,838.1667008204785,862.5640684539262,895.4183490028994
545.5152335938944,454.53166030125357,363.5899312561293,272.688009776591,181.81487593894826,91.11897532159166,0.0,91.04710597732833,181.78870511554257,272.69357577930595,552.8588726032054,463.3974644748436,374.69220240981485,287.4174670025298,203.31080760969394,128.50140420650237,90.99340404503147,128.5937686305655,203.4220040577438,287.4787282127022,574.8800864088009,489.5242027937466,406.4027602213552,327.70813323263434,257.0581903007134,203.19805504278142,181.64618825165803,203.2892015034361,257.07744335735424,327.6799825185331,609.7880602373226,529.9898677591971,454.4441193827252,385.80534604031965,327.67363485921084,287.5029790612775,272.6963417812892,287.5439536646222,327.6994876993437,385.56411120629474,655.3810627688833,582.05613267426,514.3276524065286,454.4232261348741,406.6126937617431,374.84863259675603,363.64634510862476,374.6762167313199,406.46695942991073,454.46792943919723,709.9385377015178,642.6642151564747,581.927251707407,529.809245569808,489.52837147986827,463.44646900599383,454.38479107691995,463.44095816877666,489.536716327312,529.9760978927234,771.4116641803871,709.7988939977442,655.5794884831738,609.904474611547,574.8942758937203,552.9699908591574,545.4676306184126,552.9615777808663,574.9432414581785,609.7594398968405,838.076134168951,782.1014373396403,732.8956899039417,692.3047984886206,661.7575159587674,642.7598299603956,636.3467269100108,642.7441229949542,661.7585061175147,692.4287685525497,909.0339661722077,857.6297172582355,813.0926370362748,776.6478821701247,749.6717825962321,732.994147161374,727.0996505392517,732.8854079724692,749.6398094038558,776.7384282015555,983.3936460475961,935.8712151176314,895.4415370145448,862.4307184093698,838.1733995052394,823.1626434842108,818.0742746604124,823.157402885011,838.156824199409,862.3779849164483
636.5623045537056,545.5787501118997,454.63701256863436,363.73503431601455,272.8619692228382,182.16605060918764,91.04710597732833,0.0,90.74161975368331,181.6464869933225,642.8499313785974,552.9776658415104,463.5612232416077,374.91150431709167,287.6703615189708,203.38814871648222,128.7244364136777,90.98187982115944,128.61629908378646,203.1896779249776,661.9008874953935,575.0736189387103,489.559098142462,406.6578925287204,327.8960104184057,257.22004851998383,203.23093714568648,181.8767932037613,203.2239918184335,257.0076391427849,692.4597947793742,609.895182831028,530.1429896310473,454.8085083761689,385.73770609218144,327.91699465264793,287.5634307198271,272.82362007580383,287.4222494422006,327.6348980416687,732.9183679520097,655.6562730014635,582.3311435194076,514.2968055666172,454.7317407216784,406.6756358106008,374.9284898355251,363.56387230046977,374.73540970147474,406.457519040927,782.0984042053869,710.0416235088837,642.8001466408676,581.9791129579697,530.160973628734,489.5603525456243,463.505761023092,454.4871684660771,463.55868414955125,489.4781212276026,838.3229914701922,771.3261468272615,710.1808873339951,655.7482614049378,609.8849183211188,575.053875327917,553.0832800424821,545.4917387336708,552.9848563050073,574.9198929188801,900.0400526110094,838.3555980315191,782.141164789212,733.0280481217528,692.3943494244254,661.8831742621136,642.9066103189278,636.3580594400775,642.802082498581,661.9354288335635,966.4673447883506,909.229506363392,857.7334175409635,813.1605812464659,776.8528797617543,749.8069025901266,732.838816402527,727.2921337804315,732.9624001565018,749.6805609909254,1036.7241008235808,983.3673653512396,936.1865908085839,895.4696583392885,862.5850454957122,838.1887789718976,823.1844366679516,818.1877026693838,823.2790274738852,838.1062077796585
727.3039235226425,636.3203633724424,545.3786290480083,454.4766525349501,363.60357971856274,272.90766617663746,181.78870511554257,90.74161975368331,0.0,90.90487084958305,732.7879650273826,642.6554426495363,552.8235945900791,463.45886896767024,374.85238797705256,287.43273068712466,203.2545512343465,128.55673361270834,90.92420396956636,128.63475779922982,749.561034204143,661.7735197246045,574.7933803657521,489.5084626918297,406.54403137671545,327.74348452814326,256.99574459257906,203.28274009593213,181.8205407222558,203.3093017627607,776.6898641915717,692.2413494930414,609.739560807767,530.197911474046,454.45223450086297,385.70240682717724,327.7847902989568,287.5069563095855,272.70483791107296,287.4314589276839,812.9490426050443,732.8767026676911,655.6438989784211,582.0140112845045,514.3169250295612,454.5416642534052,406.58216663836,374.74737341539816,363.52990817256426,374.76120892697116,857.5541474937544,781.9286538165162,709.8674912166572,642.5917936892467,582.0493963357139,529.990366161055,489.4883074452668,463.44845253567763,454.5628727943971,463.5285761538942,909.1397454573049,837.9554842287484,771.4146913057334,710.0950101105025,655.4984566291034,609.8491929975146,575.0136770991088,552.9783068874925,545.4442072433754,552.9911163460862,966.3317534330386,900.0430602537118,838.146172853953,782.0264496553932,732.90072792674,692.344260504764,661.8748391671184,642.8035170561951,636.3438428002218,642.949269944777,1028.4863681410477,966.401608867039,909.0728402562108,857.5859539594998,813.1567362587956,776.8055017515035,749.5155475403625,732.9284828338439,727.2970186428331,732.9583571582448,1094.771011755325,1036.4440956174135,983.4526361337672,936.0045875112751,895.4252278746227,862.4353544553909,838.0608314466195,823.1985566871945,818.2341625961881,823.1895853148193
818.208791301322,727.2252341287024,636.283498980153,545.3815113673373,454.5084505661452,363.8125362533084,272.69357577930595,181.6464869933225,90.90487084958305,0.0,823.0687102377141,732.7617458951175,642.6672608786489,552.885443078623,463.5703250558859,374.78228707345204,287.4343560601222,203.24849549856324,128.43879576934754,91.00766958696701,838.0447680379388,749.5981426868143,661.6613113824707,574.913672897166,489.5609726624614,406.53336401518686,327.65996185136646,257.1169852959472,203.2937089206317,181.92769385148262,862.4086406686903,776.626851636652,692.2489617316811,609.9465545689254,529.9964857330851,454.5433471257875,385.70696305292626,327.7726369243162,287.47486317632615,272.72127447701973,895.1896099128353,813.0579278473789,733.0282948929497,655.4783605127698,582.1560300413689,514.2414403488206,454.5659087218368,406.50493083280827,374.7070618625449,363.56370807105316,935.8890978286622,857.5570947599659,781.8825923174622,709.8082556243479,642.7609786363663,582.0050656920421,530.0472218852627,489.45954462448225,463.571786886791,454.56535484806204,983.3918043259491,908.9222990783068,838.1644699708115,771.4594681280695,709.9667410339666,655.5695137229881,609.8991300003626,574.9571010083882,552.9590450837774,545.5025785964707,1036.486030001287,966.4711740128133,899.9750819919077,838.1484678719411,782.0099532692774,732.9561438094019,692.4094939592057,661.8267579443223,642.8190061031296,636.4928396158184,1094.6675989254404,1028.5543445796463,966.3584787541424,909.0522597938657,857.680876695455,813.1928538227806,776.5977853790694,749.6629605395904,732.9654958146187,727.2933604385369,1157.1710070060144,1094.6168663945095,1036.6522809279818,983.3863392959812,936.0531248021864,895.3631099678405,862.3662901069312,838.1332056145262,823.2757141383074,818.1610167068566
91.04707617593509,128.47547315691688,203.23291899992662,287.4755552757143,374.71130887699024,463.2309364469323,552.8588726032054,642.8499313785974,732.7879650273826,823.0687102377141,0.0,90.92004545928914,181.81984742497116,272.67907038505666,363.46108859400204,454.42951164789156,545.3932613449022,636.2738500333031,727.3239938027867,818.0442179486356,90.83881469585151,128.5044303600116,203.24851751204056,287.2986472114337,374.57715328870427,463.3743990018866,552.8581430051629,642.735761497349,732.7714601635025,822.9486572780295,181.5891486244692,203.17662189623988,256.99706979995915,327.619678489332,406.4495397705696,489.4946090917598,574.8069260611011,661.8203638039062,749.4773193009948,837.8865219414436,272.5347969507755,287.4527709099406,327.6001280577488,385.4796099853831,454.46447439918956,530.0804699782701,609.7469193397261,692.1030542347982,776.6465552866459,862.3207295308406,363.54430510588384,374.4141132077239,406.3697617064945,454.25699308247084,514.2715948735733,582.0149102782907,655.2506331837776,732.8241658073747,812.9902855090678,895.0804462987038,454.42996868171605,463.2325911006909,489.5551197200735,530.0804955804924,582.0234178080261,642.7391996904767,709.9059606319989,781.9597609399168,857.589219414868,935.7152676067153,545.3401411597673,552.9631678962987,574.7746121611814,609.6903439049491,655.3880447657024,709.7919077388152,771.2074387492803,837.9389109264631,908.9223661309511,983.3063951931867,636.2483634620125,642.7267308318783,661.8144426649231,692.1984554350668,732.8751961435846,782.0308358367781,837.9399175349257,899.8169572865181,966.2734491174343,1036.4995804340022,727.2858237321772,732.8343706744944,749.6463199117472,776.5890119812934,813.0307045228145,857.4673133697139,908.9518663533479,966.2396613522433,1028.4559334913731,1094.5707493025188
128.72564321949002,90.78685621413402,128.46427430199657,203.2535034984068,287.32221646869993,374.4812933202257,463.3974644748436,552.9776658415104,642.6554426495363,732.7617458951175,90.92004545928914,0.0,90.89985498444294,181.7591257570323,272.5411079891244,363.50951744471183,454.4733067073619,545.3538747899637,636.4040113634915,727.1242451332214,128.6388984977748,91.0100207721589,128.57567974432283,203.12173073296222,287.24191133997533,374.66606240216584,463.4315939906346,552.8962747015717,642.6668213547317,732.6675819352238,203.25240931691962,181.83673710295054,203.23314890792335,257.0736066324016,327.7119187190844,406.53411572815963,489.4373741926478,574.9756977317834,661.6672628337452,749.4161556543218,287.4114774824013,272.8244201372256,287.4539784550906,327.64266164256065,385.69755710807584,454.59827203030727,530.0451020807144,609.6309769809976,692.2868840392899,776.6316845335741,374.86272413936615,363.3774891367945,374.73686175796894,406.3409793758905,454.6347812295296,514.2334426983163,581.8560481812893,655.4895134840715,732.8512392432016,812.8859198706422,463.5900314997283,454.3531193986743,463.66210833632397,489.6699503014132,530.0939294696431,582.0996968349165,642.7837728401447,710.0121513772531,782.03348047937,857.436289872787,552.99484526369,545.5783713403835,552.9264855414275,574.9284840260664,609.7702740337128,655.420588982919,709.928337131175,771.259931002516,838.0345306992178,909.1244855405013,642.839453442671,636.399656053006,642.9197447629634,661.7933527041934,692.391023640235,733.0293212568229,781.9047295134421,838.0807614044945,899.920836272218,966.4119061280069,733.0756769185964,727.2876132346759,733.0532630934291,749.6402131060524,776.7568175462669,813.0503688640982,857.5784204150518,909.0353913315099,966.3899210728272,1028.4652802135702
203.47441603253944,128.58073718193972,90.88810700337415,128.6220005778897,203.1378375931036,287.15619225773924,374.69220240981485,463.5612232416077,552.8235945900791,642.6672608786489,181.81984742497116,90.89985498444294,0.0,90.85927878169778,181.6412544988741,272.60966947138064,363.5734517480691,454.45402167095864,545.5041602059806,636.2243919562087,203.3336168243214,128.67097013109617,90.89058791315858,128.4043787136893,203.03393533902963,287.3188386330747,374.7103847645721,463.4708744735821,552.8262576034314,642.5669667434013,257.1450459044334,203.29091074695248,181.7755096172634,203.2856098883015,257.0577712209645,327.7626428651514,406.43807623870975,489.580010571035,574.8001722578578,661.5915199337157,327.6970512132659,287.5599065820784,272.7542227390095,287.34252960409185,327.7982387287842,385.74858929288706,454.50641773228125,529.8761040095026,609.7717001470957,692.2422252889555,406.57624546928855,374.6048346664792,363.5257587478374,374.58268944589645,406.63189365478263,454.503686562405,514.0098174121102,582.0240274855242,655.4712247645806,732.7042674591726,489.61635146133733,463.3488227357622,454.65097232406265,463.6574820009996,489.5527132529987,530.0792892615178,582.0625017047871,642.8050951783136,710.0155476870032,781.833215437598,574.965058756719,553.1012256129342,545.4089767394099,552.9450875097895,574.8867835249064,609.7049539403517,655.4628928126618,709.8886187292553,771.2763768034941,838.1707394895587,661.832296400706,642.856036263174,636.4348965667383,642.7767923856577,661.8671025727717,692.4296697064497,732.7875122205986,781.9607560465817,838.0982966170768,899.9746360282678,749.7858264199862,732.9226313495773,727.3894686844715,732.9153873050528,749.680989343992,776.6553285996141,813.0397073959011,857.5667988690573,909.0930690179026,966.3089991821001
287.6570988790222,203.33311058319705,128.63209308226865,91.16273455222951,128.5249167083515,203.05476865459337,287.4174670025298,374.91150431709167,463.45886896767024,552.885443078623,272.67907038505666,181.7591257570323,90.85927878169778,0.0,90.78203621665268,181.75046542417442,272.71419246696,363.5947806665672,454.6449262805192,545.3651476826304,287.46263531765624,203.29929115712355,128.44797331110783,90.73422798859359,128.29962360298865,203.1258298902067,287.3757641795058,374.7819448659067,463.42828455324684,552.7593222469757,327.74902397816425,257.06221766094063,203.17366573854213,181.84931472169063,203.16407211024688,257.11364915348537,327.662903458056,406.59022441405114,489.41779873789454,574.7454688485498,385.53777340412495,327.76457234987896,287.4868590476326,272.5397295493885,287.47919050499013,327.8037112272639,385.64576104879484,454.32711881858376,530.014160055064,609.7395250325492,454.4784065535894,406.307717884236,374.6374460279002,363.3149650505095,374.83321569949516,406.4631474537925,454.27328806707476,514.1530196694976,582.0114899992027,655.3306049145231,530.0820743985479,489.2946973292076,463.57481287088706,454.59474752757905,463.47391534416937,489.5092956868121,530.0200118748651,582.0529200556005,642.791768694801,709.8240534949422,609.7630047254615,575.0114088542783,552.877517861186,545.3627292665473,552.8507545676136,574.7917937579389,609.7161923284613,655.3915507300998,709.8846910988345,771.4039627261135,692.268871278885,661.7895407731922,642.8082902837931,636.2471981355773,642.8025325612455,661.8590439399076,692.1409998825051,732.8249079551305,781.9551404745595,838.127650214797,776.7770445302303,749.5573722625678,732.9826113823475,727.1977663260946,732.9027962197231,749.531840673737,776.5923428622062,813.0024251569863,857.5983755453902,908.9866678246826
374.8586640277762,287.39770736702997,203.19337661319102,128.63676928668377,90.86353365717109,128.45872960761483,203.31080760969394,287.6703615189708,374.85238797705256,463.5703250558859,363.46108859400204,272.5411079891244,181.6412544988741,90.78203621665268,0.0,90.96842955098003,181.93220844785282,272.81276717208874,363.862906842609,454.5831374674259,374.7086462288763,287.4032656970871,203.09196383365168,128.45774996132727,90.75518220803382,128.5296020670884,203.29187185422137,287.5719887051035,374.84474880001693,463.46670436811684,406.4772541226023,327.6543325230565,257.008479776326,203.38139091853327,181.76161547509565,203.38457569437594,257.151385058728,327.94740666739494,406.5528016401438,489.4857017378557,454.3444388286147,385.6398548544748,327.82020937630216,287.3459022635627,272.8160129263038,287.60096991195644,327.85513045476904,385.6051370706883,454.5946566022918,530.1199152004098,514.1589805139535,454.3341623238463,406.3815553357793,374.5501984624714,363.6881118119032,374.8114756495277,406.40988582640597,454.54968528491753,514.3024496739906,582.0220443646203,582.0989765550836,529.8394635832659,489.60518353717293,463.6443492353046,454.53258358007696,463.5884823256465,489.6114180566765,530.1514183860272,582.1874186900402,642.7697583266605,655.4795030000099,609.9063033692374,574.9091815382976,552.9477587054894,545.4040865566958,552.9173770535344,574.9579753565523,609.7941905225737,655.5409862603626,710.1695125335185,732.8667673329381,692.3324806791212,661.8361262041077,642.763118371266,636.4131046916036,642.938187421227,661.7161988370952,692.3465006361735,732.9765276702993,782.1325240076601,813.1768967730118,776.6474434699314,749.7532670757108,732.9260587335851,727.3224088008851,732.9003566045984,749.6080882236001,776.7197923611991,813.1927014567885,857.6462488270648
463.62230603073147,374.7943724485674,287.42872283693896,203.31428378352,128.50031851336348,90.86728593175388,128.50140420650237,203.38814871648222,287.43273068712466,374.78228707345204,454.42951164789156,363.50951744471183,272.60966947138064,181.75046542417442,90.96842955098003,0.0,90.96390771359694,181.84437047243048,272.89449608402987,363.6147362622824,463.4959714813165,374.8158635530098,287.360653865824,203.26974386181274,128.55680047810145,90.88640746784719,128.5190753018809,203.33889731072438,287.4551233874513,374.7066939324413,489.5674349907284,406.50704768149,327.7308890221602,257.303953187075,203.25231365277438,181.93907373670564,203.31136254739994,257.2824700040256,327.7462792611948,406.452128965825,529.9664880218932,454.5534184245338,385.8262513423286,327.72230476429047,287.6168491986419,272.85530087048835,287.57278978055683,327.6865126341616,385.710483774899,454.5471064772095,582.0759497302721,514.1628119475442,454.4392708709522,406.35007894770513,374.8955385998668,363.63393872588233,374.7193733518928,406.55181234595454,454.58734068636824,514.1792391273543,642.9102629174795,581.9438532680695,530.1878860335175,489.710350279569,463.5711405901611,454.6227792312995,463.6337516271891,489.632834526875,530.1641986230721,582.0591876497598,710.0253212631055,655.6977406520044,609.8688029568259,574.996000350365,552.984484846848,545.4542600913355,553.0246980860351,574.9458474591025,609.8366102585577,655.7076106761795,782.0417671277032,732.9988898149421,692.40299538916,661.8268566859934,642.9235724246455,636.5141460354628,642.7380793920205,661.8578983515408,692.4032832604975,733.0331816892603,857.7685409668461,813.0980433398881,776.8943016552048,749.7193366172587,733.04148418334,727.2926153918703,732.913113464549,749.6753855598843,776.8234762217161,813.1349641920361
553.1338884115808,463.6052344286668,374.87262182224254,287.5993662957102,203.36332952984804,128.8453043880869,90.99340404503147,128.7244364136777,203.2545512343465,287.4343560601222,545.3932613449022,454.4733067073619,363.5734517480691,272.71419246696,181.93220844785282,90.96390771359694,0.0,90.88062593659293,181.93077136452976,272.6509645377567,552.9525647758119,463.55163903362114,374.71819618696,287.47946273367324,203.28974476820642,128.49573438063246,90.65280742307885,128.48250003623545,203.13827642356645,287.26726659871,574.9744087513606,489.49582941813,406.48510534529294,327.89611629510483,257.01330491456326,203.2468383052679,181.70297781104372,203.25266490952083,256.9505078327263,327.54351925465517,609.6945893861579,530.0449931364652,454.6281297750764,385.57241562186664,327.79417060139895,287.4321777983374,272.6529640021501,287.226211332433,327.6019297694041,385.53084173709175,655.4794909116437,581.9761376876796,514.0757389014922,454.25054197647114,406.467259211771,374.6570142156061,363.39143949004995,374.6295306433513,406.43209154426955,454.31984917683985,710.0539677716006,642.6017511036441,582.0957209670247,530.1108191957724,489.43696779218135,463.46769200858904,454.4742560476089,463.4378533275186,489.45006771746165,529.8953331523767,771.3156395352701,710.0728312308385,655.4924278764402,609.755183256862,574.8310411826544,552.8440855176482,545.3533607933558,552.8034909194045,574.7899110641129,609.820497490346,838.0661493127886,781.9982267010848,732.8630995396966,692.2121096777245,661.7802179246224,642.8103030928615,636.1062676344392,642.6849184599689,661.714958064617,692.2582790589008,909.1246194716483,857.5004359384167,813.1615649897935,776.6663586323099,749.6236667136658,732.8034791196962,727.0808901738604,732.7818234202293,749.5761097924756,776.5681072294067
642.9363348255154,552.994203865044,463.54349471417004,374.87864421088557,287.50668004872307,203.51794876206952,128.5937686305655,90.98187982115944,128.55673361270834,203.24849549856324,636.2738500333031,545.3538747899637,454.45402167095864,363.5947806665672,272.81276717208874,181.84437047243048,90.88062593659293,0.0,91.05014992994634,181.77037034604146,642.7844060557013,552.9698831242137,463.4315274030849,374.8370699038181,287.53123928658556,203.28492705652152,128.4390957627925,90.89494515852886,128.48367650733508,203.1334249452253,661.8506641608326,574.9008590668311,489.5043344297128,406.6980740265485,327.70744475148655,257.14568482049873,203.2699805510888,181.84181486585922,203.17966070950172,256.9703483064306,692.2183771503705,609.8094459895005,530.2052698574023,454.47925844952346,385.7602100018008,327.7742918812089,287.48521182616764,272.58201201116265,287.3503522776139,327.6688301226315,732.8809124174477,655.4877032421945,581.9647732800711,514.0351135554822,454.49451260936326,406.4502905435538,374.70366781774516,363.50534698833087,374.7873237230173,406.4344324865945,782.1023234467084,709.8554811077377,642.8579767315945,582.1757312214221,530.0224597334133,489.5536567050175,463.5651142787331,454.50991545167125,463.5019559173302,489.47495454561795,838.1099992335863,771.4863545669028,710.0278934540128,655.5428566194039,609.7858602482802,574.9235650110134,552.97712852821,545.3762153869397,552.8977008914818,575.0256362422849,899.9296683278127,838.166575903898,782.0089804553869,732.8702388777215,692.3647393664921,661.8826219190131,642.6459527899716,636.3103001109141,642.7947331724023,661.8115589858172,966.4603600525264,909.0093554408908,857.744896781936,813.1327384087182,776.7749302134044,749.6133923659725,732.8162369879881,727.2058716511269,732.9340336588165,749.5738662732775
733.177845328309,642.9751868175149,553.1062763196206,463.7183230970704,374.9837157745854,287.8480444332332,203.4220040577438,128.61629908378646,90.92420396956636,128.43879576934754,727.3239938027867,636.4040113634915,545.5041602059806,454.6449262805192,363.862906842609,272.89449608402987,181.93077136452976,91.05014992994634,0.0,90.72025096704112,733.0381364222058,642.9605737144194,553.0099649068659,463.70964200454716,375.0417610196971,287.6493219870233,203.3425474647661,128.67831119956634,90.89680089237305,128.39150017537577,749.8317204225189,661.9180650733821,575.0545396489052,489.8457627130911,406.63954688772156,327.9251695066235,257.26831526576206,203.36163954284194,181.78099005272634,203.11549688442284,776.7549526305509,692.4592251213071,610.1066407409918,530.1768012059541,454.7447113976155,385.80272812005165,327.8934042004572,287.4551394381364,272.6059216021905,287.342037200634,813.2105223982408,733.032835907842,655.5656544475005,582.0343870792501,514.3222697244671,454.5519787458153,406.57507754087607,374.7599831751692,363.638937182109,374.7396984563108,857.8578130264099,782.0168238597212,710.186020399729,643.0207745262247,582.1548449760377,530.186423528215,489.6753504377537,463.5694060466825,454.5202183152229,463.5013785282588,909.2030153440933,838.3730343574309,771.5364343200198,710.1409815696069,655.6254698358723,609.9218993142505,575.0594555635536,552.9775357321843,545.4199061343313,553.0566333187253,966.4914952808552,900.1156809683664,838.2362019276611,782.0878086912033,733.0588929029506,692.482353528975,661.7290537779606,642.8341560625865,636.3730625045066,642.8093891216872,1028.7323300536518,966.4184819415522,909.3215939956508,857.7721910381555,813.2688125668811,776.7830675154099,749.6093549031543,732.9244692875266,727.3101974606518,732.8662816729872
823.2811210585035,732.9058759204543,642.7752219167926,552.9691129386053,463.53518264325805,375.0368994135193,287.4787282127022,203.1896779249776,128.63475779922982,91.00766958696701,818.0442179486356,727.1242451332214,636.2243919562087,545.3651476826304,454.5831374674259,363.6147362622824,272.6509645377567,181.77037034604146,90.72025096704112,0.0,823.1277072390286,732.87247166268,642.6604691477772,552.9480563785233,463.572535919316,374.80738073530233,287.368910916777,203.21266381474715,128.52007987156497,90.92009104729708,838.1234498018442,749.5479226888532,661.7272619002867,575.0445967040533,489.4499541382899,406.50690760731135,327.7456015132229,257.0358325815532,203.1958177812543,181.71362391631675,862.2720961481053,776.6433299164214,692.4199086689115,609.7428209124818,530.0918098584928,454.46047449831303,385.6464522616312,327.66244384950727,287.26393554928154,272.5560384870863,895.2496916427898,813.0398599419962,732.7573931032192,655.3164860728062,581.9735785881635,514.0980991283159,454.45274614345607,406.371275699577,374.75937924898835,363.5576977107175,936.00239416998,857.4441149420849,782.0016011944589,710.0333306482069,642.7046395746968,582.0455163371215,530.07141915604,489.46747492299835,463.43036006632383,454.49491900845413,983.2584968439415,909.1384975579581,838.1185104277183,771.3425393647317,709.9408717694982,655.5132267514217,609.8264368873051,574.8724601271231,552.8789580456805,545.4851703308818,1036.4576422401553,966.3640358425932,899.871140505891,838.0394378944848,782.0025081368116,732.9264590304618,692.1293705293107,661.7452989008618,642.7615510021326,636.2856908654092,1094.7245405577096,1028.386348132065,966.4430645117973,909.0810690483322,857.6479488160884,813.0501873977895,776.5666657253428,749.556647734497,732.8949034408599,727.1533478146968
181.88572914592442,203.17816681463336,257.1031683311591,327.84951842310755,406.4714541245387,489.29920495588505,574.8800864088009,661.9008874953935,749.561034204143,838.0447680379388,90.83881469585151,128.6388984977748,203.3336168243214,287.46263531765624,374.7086462288763,463.4959714813165,552.9525647758119,642.7844060557013,733.0381364222058,823.1277072390286,0.0,90.88683308917776,181.88809966584404,272.6481716103681,363.4865399002253,454.4514733217217,545.4221019858325,636.3356545105227,727.1759325704016,817.9665224443069,90.75034374993696,128.55576697258687,203.24628888523284,287.3631745915987,374.80907190330674,463.5440203797133,552.8963427997792,642.8817957652922,732.8270157838296,823.0330511044735,181.69600069458517,203.33351126791754,257.0109105054605,327.6599637655605,406.5415285508378,489.6283880804174,574.942690412227,661.6736098442905,749.6653887146553,838.106558996135,272.70550142954625,287.1408697093827,327.685818845012,385.5179846693687,454.6470391777251,530.0939195050032,609.619575576275,692.3278616417456,776.6806697482655,862.2421858604938,363.591154339021,374.5933167314015,406.6330221613278,454.6169122218644,514.2718131366906,582.1007158535655,655.5161363928921,732.9489651785606,813.1591736114603,895.1728254512311,454.50133448918126,463.60586129256967,489.45209161986696,530.0217046722814,582.0209594718331,642.674146160806,709.9191101572083,781.9119843285085,857.5511607025146,936.0191897723837,545.4095566910223,552.9553206892435,575.0291251429478,609.7767834843999,655.5811668229857,710.1085908172428,771.2844979432359,838.0898575195043,909.0733499288134,983.3999332913498,636.4470164359254,642.8031239022417,661.8952495085102,692.2830551563737,732.9279275796632,781.9461291196583,838.0942182321531,899.9052440586697,966.4007171268187,1036.4943529801458
203.44419793208985,181.79675299112995,203.3222384916607,257.29290138012163,327.7423080794868,406.35399947566356,489.5242027937466,575.0736189387103,661.7735197246045,749.5981426868143,128.5044303600116,91.0100207721589,128.67097013109617,203.29929115712355,287.4032656970871,374.8158635530098,463.55163903362114,552.9698831242137,642.9605737144194,732.87247166268,90.88683308917776,0.0,91.00132983241805,181.7614137845383,272.59977732559105,363.5646792280477,454.53531644098183,545.4488434207303,636.2891250905668,727.0797072689494,128.47416663319922,90.82675446851269,128.49267625799604,203.17687235024945,287.4593331120918,374.83491787407,463.4754579009007,553.0488902667537,642.7316839223772,732.7628865536321,203.08992009641523,181.8144374808354,203.1661631532253,256.97520318175384,327.76003211196513,406.622997847429,489.54433995287235,574.8037850583562,661.8380734594642,749.6256008852304,287.39635876435796,272.3674736912597,287.31898790628645,327.531124916037,385.76718013157347,454.5274268832874,529.8547719807018,609.8082722405247,692.2930070711988,776.5314783147534,374.76298852703593,363.34312903492946,374.8605374746372,406.60245625586214,454.51906831210465,514.2347779512558,582.0495840575322,655.5549044871126,732.9616911208559,812.9343268841508,463.4516429930025,454.56837135262896,463.4067170962457,489.45895345191036,529.96919554371,581.928116869819,642.7030128139663,709.8854527270165,781.9288806163675,857.6774175934665,552.8829676199917,545.3896591810236,552.987682618252,574.85212616084,609.825746041448,655.6077207922376,709.8768244850266,771.3125366848723,838.1009051516351,909.1356914938154,642.8579333943522,636.2776347849325,642.8538662539387,661.7326807659198,692.3048052570041,732.814359992113,781.9409533192429,838.0597852289868,899.9515129586056,966.3212823807652
