0.0,118.47517286850966,92.18178003087138,131.61182939951343,145.20357989186036,148.4742769325659,129.04243050901215,61.314268757721706,120.93723752865489,54.65159065554964,140.01225983242605,135.71546779406762,76.68010876805188,75.33590941623324,141.21310640093668,64.85408384625967,138.648302373024,67.47924779677318,136.55580240215818,63.13976860330831,118.49676876697747,130.0563873349589,132.81765199839623,99.3893031828066,99.02840459016026,108.42872700964064,105.24938982099853,98.84972824512286,56.75416583523813,62.921906634087335,83.4107481556481,123.00315632937983,93.65762933430612,89.97746085513047,63.70555670160258,147.10586528214785,139.10098521290266,100.72273313500062,85.13379525675902,139.22366728640023,91.84193453222046,101.38630560290768,63.95175553873755,127.1954260425247,123.25858349559877,61.10936128556578,80.08157554800155,53.641312668779015,67.57987435195678,135.1026363516994,372.3641437962437,350.6420180572614,412.70574343349716,432.17989667256677,417.276762816717,416.9066413940978,359.90038534346354,357.2847519806489,396.88276247379775,446.4142552702275,426.94124684050036,378.1821718462697,426.29633990608545,441.9802157475997,377.0098817129049,434.42412102109427,446.6749342420935,422.0581147859993,445.2299433471732,402.8941287672962,433.1566904578332,444.9335666598136,378.75703960479035,439.014401869116,365.21242940252205,428.8035503258878,432.3033756068623,397.7259592458967,423.2191248813645,397.6071654991772,412.75177230561286,359.8463964577906,441.37270209457614,390.49913152975313,415.001196522357,413.7219369232536,362.89568128912845,430.13379608999827,358.80940309465154,401.4968840472841,448.5895747795797,415.3783600633055,428.5343084631399,355.23294120510565,402.8335984100093,404.4692724962826,449.16840959943397,389.7463605132088,381.56095067566906,439.9435725090467
118.47517286850966,0.0,227.29144734264202,1706.0416387593918,1102.1635404109998,683.3767022765057,1632.0818286751405,1050.857355842241,1370.7344698874501,1200.5577801326754,1619.1589374969592,222.2650424858352,1356.5706136813862,805.934059183022,1554.0780046790721,1205.0824013442273,543.3966152673546,1285.253682797872,1041.8601886853771,717.9078417130864,1365.262324979091,1729.5711459609363,591.7903843695024,1328.8843740949983,226.39386063072627,544.2441926502286,95.08188107726653,760.694715642132,932.6089276182872,751.448019260079,1412.136580478513,1277.3180372669372,1340.9120942311938,806.0151085771413,1058.6154493971837,1253.3061046203416,429.5885157009671,1471.1244041276586,273.97676139051447,251.38949073072513,996.2166796240666,816.8857413273655,419.2080564774524,69.66560329002674,1493.557373534815,690.3619141899053,1328.821542346179,1185.1791614269673,596.1610195194263,1289.73618576124,2992.72306550999,3083.020822612986,2356.340395760749,3502.9085137749266,2413.8452738719207,2473.263751897239,3348.295710585028,3250.8215563483454,2791.99888861993,3834.9151442118527,3802.4149600702667,2679.164029997166,3252.948933621291,3041.3544527205936,3316.5416882764475,2428.3855932260653,3792.926112595612,3775.722088193918,3198.890504739853,3324.5837622027757,3041.5155812020694,2428.7637408503683,2729.9585569761293,2833.8479046243315,1859.9278160624604,3019.841454335487,2204.2478107598126,1970.3064362164519,3757.582034342872,3590.648261965649,3698.507244045022,3007.805609916142,2451.2399466255097,3341.5542397272184,3127.439037095655,3708.0134999192937,2893.9887483990324,3675.474440564438,2883.5230889070885,2418.549947278279,3168.3207795831436,2669.8969358408795,3005.8144856824656,2928.648297330828,3610.4874392144707,3652.2187676007375,2920.134323903062,2430.385661419801,2094.853943538447,3627.2247720446667
92.18178003087138,227.29144734264202,0.0,1552.7120722665481,913.823872386255,812.9628488755288,1409.220900871424,826.6084908144037,1297.2091944648541,1000.6507088286976,1392.0324632868137,305.52949937056235,1181.5183019432648,580.7165704288478,1327.259715724757,989.1001183894041,458.3690761937211,1114.6291724080313,1070.9946084009746,490.68407678400513,1138.50549121078,1525.725704411808,705.3861381137859,1222.5928916661262,61.06675984409067,371.90038348516464,140.50845208665567,553.2601121871501,706.8699803778699,524.1923295652082,1227.4995005882315,1054.9424890067264,1116.6976670582058,588.3872440557947,945.2046063319448,1257.3728943340416,595.0496385636054,1324.0413233406268,51.17412876139385,331.32250297164046,946.7848074414763,817.2436861681953,205.21073042837295,296.9476845005212,1266.496748091692,617.3351230968922,1113.5890381166453,982.0845985427271,541.1155754093662,1262.6200831875944,2786.502587521073,2999.359294296227,2373.4995221948916,3287.5591837486063,2615.4604933787846,2458.4871143476826,3152.6992830815634,3119.279821842741,2883.1362319134414,3608.018782962516,3591.4532671400857,2532.240983978007,3064.78408054257,2916.320650005114,3089.251340127065,2645.936284288182,3565.730681731816,3569.244919119908,3044.8590502336174,3106.272009878648,2902.1910740956855,2514.1129678458387,2804.1839698760855,2756.218911605853,1948.3754596092294,3111.6418044561265,2382.756639838382,2187.8348491661204,3602.3617690977426,3377.1442489515166,3485.620804855238,2969.766326817345,2671.912861409066,3266.1834934962467,2946.4449647900683,3540.671760058381,2691.6153780654904,3580.59521898003,2879.559983169859,2384.9163636247767,3258.6487249272423,2819.384672417401,3100.525011786586,2715.602421128979,3457.9087239913747,3445.5594949057463,2838.8091814628983,2366.6617187564384,2306.259414537116,3573.4857813853573
131.61182939951343,1706.0416387593918,1552.7120722665481,0.0,1780.2091029490825,1636.669985564045,983.3538801050641,1062.0852227896648,670.1468327804049,691.4737886494444,1212.4299337951336,1857.58701669622,412.06967067461943,1356.1914765076226,1336.0706756435166,861.8095355036289,1887.1472770974704,456.0784442454627,1244.6803636781217,1311.3738325115212,1294.0130002060753,601.6583531253139,1563.3795691004116,508.3953609410885,1605.4550562257887,1668.1953919211232,1621.1712452706608,1547.2378758951713,1141.2989691841253,1295.9291969501971,433.85592371913253,1440.5333170863569,1005.5809423725141,1463.3982772833504,687.5997068666827,1122.7492899034812,1703.5853541060453,238.63691413254784,1506.0705684364152,1883.962796953989,924.6433850663943,1167.7658666279153,1364.7304177488872,1757.133418378072,1171.704612804875,1067.101177024772,811.0938873639509,727.8800493841497,1165.78075627291,948.9581602731446,2854.034216332954,1625.9730389524425,3777.925849542174,3115.6350898070086,3329.99153877883,3776.4668665651043,1757.9099632561615,1581.8968540422798,2637.618358578486,2793.6003472959787,2338.750822201139,3239.388952152882,3335.0761911884847,3724.9400883910093,2416.914419183787,3558.218373109185,2890.8095511053434,2261.9038090074723,3638.8732564479737,2888.350590128779,3619.057684342039,4034.3291207979314,2451.2479661328944,3827.3773131767657,3477.5477544477367,2834.1272360036746,3907.1168558244444,3576.00839292273,2051.9759197049752,2173.4025154174524,2265.9828615680085,1844.598337429222,3633.84651221658,1915.2324431016782,3309.837685060067,2007.2263294670217,2833.1795370514515,2136.104840951648,1979.721891248286,3649.092891426874,2949.399428391165,3030.622400100404,2846.0598179847666,2674.5935323186236,1906.0227459625867,2145.503403169072,3887.21788093256,3525.520319980602,3170.33812427055,2310.020237576435
145.20357989186036,1102.1635404109998,913.823872386255,1780.2091029490825,0.0,1719.5532535019638,1080.3971327064746,718.4128712751176,1862.6205492581612,1089.7342140940596,910.857589942953,991.6889663431313,1374.2467557352136,491.3925128122643,762.8814160069554,924.1327148078417,656.8606034743752,1351.4576950999376,1873.3905479411615,593.0879022645026,630.0584141409535,1423.231209464172,1607.6949987011976,1700.6719378885414,885.563147142748,558.3047746480116,1042.5244988682484,378.4954857085495,655.7426846540538,583.9692547674767,1348.4938906742796,442.9642910840011,849.520488176251,399.1679202627773,1462.3191480091966,2003.539867846437,1508.4714867510809,1624.1329492140276,893.0237698025579,987.4816268175937,1626.833532329718,1605.0383881421062,852.5577720853628,1162.0418255536047,826.405174463607,1326.9379310536547,1004.2081653325135,1052.959957740078,1303.5836634686925,1946.4732951450455,1902.2380235533292,3398.2851275169246,2061.2992760525176,2438.724570667466,3515.610081285222,2013.836217524935,2959.2378472255723,3313.540244525606,3723.737305253584,2983.488110729122,3238.4774779554828,1659.271977304265,2152.251161027759,2086.047493092788,2435.4259204698405,3511.1159187157286,2878.519270210585,3262.601993235732,2155.0789912051964,2277.711915717328,2040.0109610357008,2468.47398861484,3618.970707585055,2067.557712511551,1975.1480201036752,3951.0974806494837,2772.3890467494557,2825.317358816062,3655.4328954688617,3003.40314238713,3115.05188425577,3521.1572653244266,3523.478358678439,3684.9732242841364,2032.717453780804,3526.09481700089,1797.4029662801051,3915.247727769801,3527.985128163697,1874.4146938153558,4094.579732926091,3724.193601926735,3944.4375168045513,1858.5214773885875,3531.0271106160867,3141.6503870534357,2134.99654204623,1746.667083100678,3190.1298552288445,4057.2456183048575
148.4742769325659,683.3767022765057,812.9628488755288,1636.669985564045,1719.5532535019638,0.0,1942.3950479216012,1427.3762493855966,1076.55139909661,1397.2432287474976,2007.9491529136126,892.3580110667938,1417.9185674728717,1315.1429556061582,1991.3678255309858,1493.2362441343716,1224.8922687252089,1339.7082430794817,522.6948146410017,1203.8199909554469,1813.1504348594144,1889.5507451659034,115.9771252749487,1145.7353457112965,853.3335549344544,1184.5770903631928,703.9447690504448,1346.6256047838456,1342.4959419663141,1231.0254166187262,1507.135784546698,1781.9566746873315,1688.4825936873624,1358.9251838709001,960.9655763110698,758.9743122566631,270.39498315766417,1406.3965528762917,827.6397011671221,917.7957649878283,720.0935344924244,470.63074436818675,882.4704810564219,655.6317863283558,1885.8198555783065,636.6354107102193,1597.7392298600205,1400.299718789543,568.2261576281211,873.7201281416861,3551.123705783747,2703.755356461627,2973.3375930868715,4017.5293145971164,1886.6796444223598,3121.241696036243,3389.5811016567977,3017.5308972229614,2113.1413078128653,4159.717131972208,3933.5451697488465,3344.1794509751353,3861.0855715719654,3719.3911449773937,3678.301894918573,2005.8677318863759,4166.042186563475,3875.2408332879663,3857.7941019646914,3822.3555264381257,3712.132708683564,2938.7878748696958,2061.5897271501617,3515.039763079993,2379.3339850278244,2340.363363294824,2447.958740724107,1976.4450060215347,3600.765733238717,3745.367797017717,3846.3341956274985,2514.0241200352084,2060.437305663773,2933.3826291724477,3750.062196861215,3602.606503844632,3465.9788882658386,3315.291707806481,2320.838547097253,3081.040122577918,2489.2597925904547,2006.6914796724482,2325.259491576736,3458.968181192586,3446.3398964588473,3755.258271596222,3602.031814935174,3108.0630652405553,1632.450765218818,3158.974022140446
129.04243050901215,1632.0818286751405,1409.220900871424,983.3538801050641,1080.3971327064746,1942.3950479216012,0.0,583.4039842938345,1429.5351642017367,568.5622205888089,241.13388670398047,1670.5345933100991,722.5928403586889,893.6634945998578,394.19238959728835,450.46485670009696,1504.1549565345283,767.9138656065265,1788.385820297936,940.3150670788425,453.42806817629116,421.4363956912752,1833.0048237609049,1216.9504804310338,1432.0201296859989,1285.6377404075185,1538.008082038503,1054.0371374722306,706.7189462338467,907.5423270968903,628.7460991569232,641.8973360667687,295.3287153427919,961.4957692845287,1140.6910304783287,1788.007733953892,1864.4946022553756,963.2597082149019,1359.7349243673343,1685.423262246663,1432.5376773535024,1577.4186264851228,1213.6463666494492,1700.8414842368054,261.37362975881405,1318.3390655933476,347.23708415713355,554.8099231192032,1374.876005209666,1649.768850332159,1888.091700453565,2554.928319912812,3134.9448576643167,2211.8519826286224,3820.0928232743236,3060.4314036675564,1883.3164533053127,2324.705577178062,3492.55848571505,2225.381125072991,2219.365268368654,2292.3513775378347,2354.400379100231,2787.6652070316054,1735.9268517600635,3943.626496989863,2223.9211415677123,2221.2161023632098,2666.3069773098237,1993.2681879676845,2664.886095156332,3541.1466209854593,3330.841445240424,2971.5478964721774,3029.800950138956,3704.3438745428048,3712.604825264149,3595.2077111866192,2598.4505384721097,1994.3358537923023,2104.985831197631,2825.943789418253,3990.4560894231113,2844.75872367376,2326.4838112859256,2454.3464559885465,1857.6237971918124,2997.349242355447,2955.8307881977003,2901.9993338644267,3831.404657526617,3740.2649740671745,3710.0048001492023,1723.9616653697203,2482.020824259681,2098.123671940383,3020.0462738733163,2723.6043086581303,3574.2231820532306,3261.9437927956205
61.314268757721706,1050.857355842241,826.6084908144037,1062.0852227896648,718.4128712751176,1427.3762493855966,583.4039842938345,0.0,1211.302415201173,371.34531425089284,586.0491187667985,1088.926731339305,656.2418873590211,341.76913731338925,566.9690901559798,221.04696411832387,954.4952703067273,637.7368070041181,1385.090378941782,362.51783126152446,400.68500734310953,778.0526047460111,1313.0876920390654,1025.60288936393,848.6161454246669,727.8492861813445,957.4616733697728,529.2432962533156,125.80012590292995,331.36073956206553,631.9760140190654,446.9901254255897,290.11756959907376,435.49865105811017,828.7355861102311,1451.0541760755689,1313.0183409514805,910.2841517378549,777.5718126945022,1104.7929257028884,1065.273831487953,1136.6770258732697,634.517395842465,1120.0018663915666,461.32118072472025,849.9215830146583,331.7428201287022,334.5471428929557,879.0262537164518,1353.2215733374292,2177.4118899641094,2680.7212108260983,2739.9720488938747,2603.5325872575577,3313.742873429739,2720.044849016702,2399.788630250321,2610.2716368406777,3199.999485990479,2789.642538395369,2787.9136412462594,2268.6377612843417,2559.179218421183,2732.2984834995077,2281.1384130919428,3404.724463235583,2763.7549839789745,2778.4303432537577,2719.9914943965005,2402.0636859781534,2653.951527400722,3064.6749347846103,3066.8655226291266,2776.8917913663886,2529.8978585096147,3422.0850776857565,3146.991492435593,3011.8037279592395,2990.731756130369,2567.497886690585,2677.3003994363194,2824.8447027687193,3444.1571995527497,2967.968342083642,2485.45715425575,2884.9657370585956,2111.387533746325,3197.825826574862,2864.131534666119,2588.306182533851,3558.9908060090174,3335.040223272474,3421.3624243591103,2059.719143168913,2859.02411462918,2654.7073798316005,2840.6154711156723,2464.793407153089,3044.264669330367,3345.416493445862
120.93723752865489,1370.7344698874501,1297.2091944648541,670.1468327804049,1862.6205492581612,1076.55139909661,1429.5351642017367,1211.302415201173,0.0,911.3569299792271,1610.099954809715,1570.7469066003512,708.3620111016585,1373.8074357329456,1683.9230497316041,1102.5248090515129,1727.400373892741,663.0760987859699,606.6966383398387,1283.797854637774,1572.3047062067976,1161.1426879476269,1033.1814135012623,212.92727662351513,1357.9960733284613,1549.2581828641241,1308.944422828728,1531.4142825663662,1224.2628068665063,1285.4383940217813,807.0246900398076,1657.2355222878773,1314.0365852293346,1475.1107329067127,400.8657913667508,454.0452128720092,1218.4793213164744,511.7612859886165,1264.3085864064963,1600.504846058219,385.11141835768063,623.3037345511484,1167.7996003499973,1401.0694654279032,1525.349508516239,684.7005728071645,1130.0183559347136,941.7496551961733,774.9358004714035,279.3041306821887,3302.5369623751117,1712.2936541393622,3664.2471501987484,3639.8075359139084,2663.898272308302,3725.588509233071,2398.787623962582,1945.189054775401,2063.3878464492627,3443.773829842017,3002.1153944348,3477.4199971819203,3733.557949039718,3933.2867833223813,3039.2784786360444,2907.4845549061497,3521.3845770242,2917.822249301387,3930.86627211775,3419.059880093445,3862.8222469040857,3797.5263938389107,1902.6292726865781,3917.5289343475806,3228.9957188322824,2274.8578876645524,3484.8751778480782,3052.9608766025794,2525.0369648462115,2841.751361435969,2932.891148285984,1688.2390925140023,2988.843649012081,1972.5637011261094,3676.4844622391765,2535.4988788485584,3257.9496938095053,2307.4568361081965,1665.4332179563366,3631.0896149748814,2402.7253657389556,2378.143656661423,2280.5044944129722,3149.4957883658276,2370.2958890487826,2803.788305674588,3989.595956312194,3565.5528219101348,2518.886843574499,2277.877686313441
54.65159065554964,1200.5577801326754,1000.6507088286976,691.4737886494444,1089.7342140940596,1397.2432287474976,568.5622205888089,371.34531425089284,911.3569299792271,0.0,709.1518444305374,1298.04608743719,285.41354786949734,674.4492054669993,772.6858488095023,195.7569489666267,1247.7046979196532,276.54471209314227,1220.101878968844,647.3712491792451,668.3138713863154,529.8458508353208,1292.5533274301365,707.5454656468727,1040.9096197287836,1020.6525326455264,1106.2657846130435,867.556798111374,453.13667759278576,626.2474799619891,267.0464321834663,780.4049764982959,402.74687536034406,779.6006376401315,579.5542557316144,1229.8474714937136,1352.7745538597235,544.7687965673451,949.6560873121934,1319.8492042249397,865.8479643304762,1011.2220075651671,795.7590235825417,1264.2125801197267,615.8463352809977,763.1124631937907,228.9950587225625,37.095167184385105,830.5214387482343,1102.1198792594776,2396.9289898733236,2309.733754509169,3096.4730640101593,2763.652885105694,3261.7688816297828,3086.5359434361108,2152.0667028170387,2251.9352221885156,2957.3557347236597,2763.5156426273966,2607.2882515479632,2607.505588696128,2822.2143905351268,3080.634275957166,2292.550776117365,3403.11045522535,2781.5510355484203,2575.971980255916,3040.0448676066003,2549.3137905298427,2991.66877058802,3389.097809511121,2807.2026254157545,3145.7558106438178,2842.8924064569946,3173.886481527176,3380.5642241762607,3163.7242717432746,2660.6155456721463,2400.9193431442964,2507.139774101205,2468.297631909602,3456.215226977636,2597.2832804875593,2767.197879651515,2572.5887927954714,2348.380593066947,2827.5725715302406,2530.2336850741785,2957.7077232630754,3305.4555269080306,3174.3703735550935,3176.935525912205,2252.500743595513,2524.0700996881683,2452.61107618247,3208.29266005142,2836.1232831677985,3028.312470082411,2977.886068812325
140.01225983242605,1619.1589374969592,1392.0324632868137,1212.4299337951336,910.857589942953,2007.9491529136126,241.13388670398047,586.0491187667985,1610.099954809715,709.1518444305374,0.0,1625.2696793614289,915.9021444093798,831.0385833753071,164.04250099053922,541.6414354799144,1412.2701514280266,948.8439195331246,1912.7087277374665,903.2350510553151,292.67946652662454,662.5447233339473,1894.700298076323,1400.2154811748262,1404.8850166299237,1207.9333097510444,1528.2809501995525,960.4005983089613,691.382197652535,869.4715672163799,830.9943877843181,469.64265063762014,325.6356050256478,875.1136583308886,1287.6296721051667,1937.6218089106535,1899.0103673352273,1170.3579310376317,1345.572866526605,1636.27842743389,1566.7922137390444,1683.0935298312531,1211.2418444185719,1688.815355198359,125.96793042774149,1407.434526805621,482.13340515877917,685.258217123094,1449.7521389395943,1811.1402508219983,1692.4661409069947,2795.170715074091,2941.672789750044,2058.577023702733,3894.4446089453577,2851.8859982868876,2055.006519454607,2561.1209259771235,3665.277424344712,2216.4261923204763,2334.552956178389,2051.3265736622243,2138.9000288519014,2546.532502403223,1699.034840883522,3990.751529740798,2179.455866627397,2353.208019812678,2429.4752502106326,1847.7200624634015,2424.3724155434215,3379.039297585605,3511.705548712785,2737.7701889026607,2882.9688380121174,3880.721640619294,3619.970367978944,3555.8842274922126,2816.529138020583,2102.1527244632016,2213.7615447575577,3056.9904473191837,4030.0080601846735,3085.118588518676,2101.964659467829,2662.165809510065,1651.3315714442576,3238.028863848138,3174.382530591236,2687.8385221743147,4010.991125483594,3871.4192643576444,3884.441507771771,1543.51741965558,2704.0714050524275,2231.813328962619,2784.6169228402146,2499.487297671422,3629.583971932226,3500.835226194049
135.71546779406762,222.2650424858352,305.52949937056235,1857.58701669622,991.6889663431313,892.3580110667938,1670.5345933100991,1088.926731339305,1570.7469066003512,1298.04608743719,1625.2696793614289,0.0,1486.6023617170436,794.2900673830546,1539.7570637387967,1270.0563476975908,365.98590584938427,1420.0846790963778,1263.842781290462,730.7607859450361,1352.484844020904,1818.1726510773965,807.4081634014888,1512.9608559040273,257.8474488296433,449.1384470128012,262.3783713757427,697.5760344571718,964.1857609005981,763.9622710043623,1530.742763535547,1237.7209719514854,1375.2738870217886,764.5844125456762,1237.5810304376578,1473.4708943158978,628.1375093614195,1627.807800927786,354.10233933943823,30.086590247545242,1203.4237086356904,1035.142091480686,504.7131577501734,236.72884450120182,1502.3080816460447,886.1588228102082,1394.7288480399116,1277.4129429617394,797.4211588830901,1504.3830612811125,2893.926033535776,3281.007476489083,2135.4002628026496,3424.2689546347724,2542.0432113256265,2251.144570099857,3448.924877908644,3420.7253748478897,3005.106613524053,3837.080871126836,3872.5991789346663,2507.1753365902327,3123.0736730747203,2852.7129052413984,3307.671543236394,2519.9969775661943,3776.1918691309957,3855.974723709717,3031.4661502770105,3255.3317901142427,2862.6129057079697,2227.499303772451,2947.3931219574943,2623.0602353069166,1659.5040848561437,3232.527649123914,2082.521635649527,1930.909200339687,3907.761873623942,3654.664059748716,3764.014385912972,3221.8874728788414,2531.8495195760424,3543.3105375022487,2988.424084258775,3845.8935794545446,2788.0562309751067,3868.3061312137265,3103.956986393597,2198.0077061836905,3381.3230079145364,2854.954080426879,3217.604169012837,2845.5617440341657,3763.122884342778,3732.187506812601,2710.517334999822,2215.8910789639513,2204.8102727154856,3837.0806345348237
76.68010876805188,1356.5706136813862,1181.5183019432648,412.06967067461943,1374.2467557352136,1417.9185674728717,722.5928403586889,656.2418873590211,708.3620111016585,285.41354786949734,915.9021444093798,1486.6023617170436,0.0,944.144495407011,1009.825092411912,470.8114428032054,1485.9917593323382,78.4624776018172,1137.4225730494077,901.5768716288604,932.0936866943182,490.3314051858215,1325.910929132646,495.44295175559176,1229.9584961831856,1263.7605421517326,1266.394960616463,1135.400047263577,729.9604402010734,885.0963518659737,102.6069068049983,1058.971938619238,649.477717539615,1051.3287301497228,480.7845154727111,1093.901270280192,1427.72628893027,265.99130831595295,1132.5001853655356,1511.2966828435156,777.9890641836604,978.6669276296007,984.1898786890988,1413.9409641243233,845.5066280068876,792.0468884114274,452.35113667533574,322.48231770622755,880.6741842673852,942.6643022555484,2604.9208540573586,2024.4947938845276,3366.3235569851504,2931.476202674873,3227.391820427746,3364.947873667076,2007.921187487818,1988.0929915965096,2771.6855969994886,2799.8415463952665,2519.084549551743,2880.5396619454855,3053.3502420133855,3357.767175040033,2363.6576166336326,3406.568728184995,2850.591145683135,2468.6869732865207,3302.709150438605,2710.744744070611,3263.6450369456347,3633.9556228555452,2608.3106428185774,3431.062397257228,3080.8582012794664,2982.3857105109314,3559.1831222039436,3284.3053706018127,2428.0909737164434,2327.7687556476167,2429.3796717545492,2190.89833551853,3469.741191933562,2311.9122710278752,3009.34881545303,2359.322447339914,2567.0682567151616,2546.2936877589004,2270.5745912173384,3239.1076313165704,3108.9360871625936,3054.2994904956304,2988.5145993877486,2445.7247256713836,2286.8206905024626,2347.160201969415,3493.348346841603,3120.8732969913226,3024.130163731581,2693.291819973082
75.33590941623324,805.934059183022,580.7165704288478,1356.1914765076226,491.3925128122643,1315.1429556061582,893.6634945998578,341.76913731338925,1373.8074357329456,674.4492054669993,831.0385833753071,794.2900673830546,944.144495407011,0.0,750.6709578782205,559.5459624473024,615.9381718029368,906.9285061481307,1400.6791919306809,113.60877605103329,561.9806321612641,1119.776986615222,1199.4986480410591,1218.705264633381,583.3198578453561,392.7228729263182,721.0320859980033,193.2260454896613,226.05130048269803,94.85644797090818,941.4142377545109,477.3938211681102,601.2932680104046,108.02368578359695,973.0103647563304,1518.1399515689345,1145.620696903971,1174.4601287107653,540.0582954390534,805.3058545763602,1138.110628536232,1134.0582885516123,436.64090600234306,875.0299844441806,708.5971110353206,848.6321082184046,673.5065661008516,641.0323558800237,837.9171207858451,1455.9708061129743,2236.502769897734,2949.7537704123633,2423.120450434902,2717.8479354426822,3174.876870491071,2423.777331226126,2739.4397563831176,2926.1424127912037,3250.1692130080532,3043.9703067350288,3112.06132212507,2140.5946486652942,2556.4107997689694,2575.869413619186,2517.9544935098766,3223.1288192332727,2990.811284215779,3108.7561874317694,2624.829543294527,2531.8198803105533,2523.636921042961,2725.920352056403,3138.307657303853,2546.7048863995983,2188.740375835254,3476.557301318553,2819.426052539453,2724.8632821517763,3325.3803874578443,2887.935499886248,2998.50124167212,3042.424734116852,3251.390126336133,3233.1904048944493,2457.1346476550707,3224.2836689506344,2150.9776718195967,3486.988907639201,3038.514276279084,2304.4313250823006,3618.576283747903,3296.556446348415,3471.4598448183206,2151.177858662306,3191.685204375961,2985.222137510348,2617.1764377963214,2207.6076542222877,2877.8850279818166,3592.474762844263
141.21310640093668,1554.0780046790721,1327.259715724757,1336.0706756435166,762.8814160069554,1991.3678255309858,394.19238959728835,566.9690901559798,1683.9230497316041,772.6858488095023,164.04250099053922,1539.7570637387967,1009.825092411912,750.6709578782205,0.0,585.868430609089,1301.0292818747441,1032.3952540774671,1939.3616149378413,837.2081121881463,188.86630185316187,811.1429221230168,1876.4196569581375,1478.3588974490126,1333.5130139285486,1107.934864777996,1466.3788690538724,855.5321346997714,651.0660636873057,804.089754144698,933.9683048178855,331.3733863919912,369.940640812477,777.3476552139444,1338.6415911117613,1983.5754990071594,1862.1715937094614,1271.805960687749,1283.5224435185164,1548.2691832447763,1604.3433157112381,1698.1565075540675,1159.496262205736,1623.5389029672745,165.4802292172443,1414.327337798183,559.2742720203073,743.4027575322542,1445.9708404002365,1867.45398221085,1630.8814247621522,2935.6296300752765,2780.738226082781,2037.4425780572203,3876.1748756304232,2688.284244093071,2213.9088535884816,2718.8526509764915,3724.121499491299,2298.5806815835203,2475.790981509032,1909.6163791064853,2050.0123939919145,2401.610858846222,1768.1890452086843,3953.493475540203,2240.1497322794858,2500.3953511690715,2303.569444506078,1835.1026265206133,2286.2056372250468,3227.530257259968,3578.1173217959436,2577.831517513988,2737.9773514671233,3942.448095110191,3499.6047270733716,3465.0657407066255,2980.3507626324968,2241.2021470866425,2352.868064897471,3178.5153852551475,3987.5928394336156,3225.898168149908,2000.0386404738526,2826.1248876379072,1577.1260258107131,3388.694640072268,3279.4302642686516,2523.8387901969604,4075.4142055036523,3895.40921394007,3944.429160449913,1500.0979205434037,2867.4476614498344,2379.7917023949567,2625.922708056904,2336.0098371380654,3598.7238484191357,3636.748550178091
64.85408384625967,1205.0824013442273,989.1001183894041,861.8095355036289,924.1327148078417,1493.2362441343716,450.46485670009696,221.04696411832387,1102.5248090515129,195.7569489666267,541.6414354799144,1270.0563476975908,470.8114428032054,559.5459624473024,585.868430609089,0.0,1165.7642114728324,471.09914262513587,1371.0947479752763,563.720630595742,472.81779739442925,563.2150116687982,1383.181098995012,901.2875230720908,1019.8055765585158,937.6478987806036,1110.0793939242885,749.3338666085111,335.06430353459626,535.8016033165164,427.9588107037332,588.2726757820299,219.50319387330674,656.0581020544557,753.4422832463872,1400.8499354517348,1415.4588995488998,735.1576288599595,938.2831697516079,1288.5241809696022,1026.2153683477284,1144.40193106912,786.6776308362246,1272.4087345767125,436.1556082377198,875.0728330985537,124.75425102866598,161.94674335147874,926.7763832788222,1281.7380131588666,2215.6252412170325,2486.980935369914,2959.038285768288,2599.887786259762,3374.222068475512,2933.740088608987,2192.627410531318,2393.8077642841176,3138.4428309479604,2675.2177126822953,2603.566451921634,2413.0773083210584,2632.1229529642856,2887.923388607484,2185.4292432434627,3493.239618479395,2672.8777522170244,2586.128376386697,2844.289076081036,2389.3474017145923,2796.9802544291297,3284.7812541836047,2992.503740216468,2966.004363026294,2748.1753819043156,3356.591082704018,3343.228763997427,3175.1644551352533,2769.687876116881,2388.1234437413095,2496.753810322582,2660.445708605603,3540.042803775912,2775.681145984871,2574.1723270931066,2664.9785478726203,2162.9603019725923,2992.7390322761917,2725.9569797490503,2798.216681269758,3489.5892888765115,3329.7821496301267,3358.661308262357,2077.933750580439,2638.0452767916368,2462.3318273744226,3026.6874270153094,2665.4686831296053,3124.39353496945,3162.410715312651
138.648302373024,543.3966152673546,458.3690761937211,1887.1472770974704,656.8606034743752,1224.8922687252089,1504.1549565345283,954.4952703067273,1727.400373892741,1247.7046979196532,1412.2701514280266,365.98590584938427,1485.9917593323382,615.9381718029368,1301.0292818747441,1165.7642114728324,0.0,1431.95280918648,1528.5051621118741,604.5199216276126,1123.1938024288688,1728.9570964130628,1128.1227951493463,1627.8391021597836,400.67031511204357,228.44088505046443,526.8284216432588,453.0110442688912,831.9728383246335,630.4979416910649,1506.4397944435468,976.8880396359602,1215.1844313900974,543.2035580382218,1351.7030772113303,1715.2685387508875,972.5400646397759,1675.549464997514,476.2154635651978,352.8623209654617,1394.3422108861967,1275.5513451296672,560.6150389350852,583.8544954274938,1297.5557581820667,1062.4001921174129,1284.523606886979,1219.1606906339368,994.2216442106957,1714.7900277016822,2550.7483237792976,3408.0273523090227,1937.9053547064668,3094.9048667614484,2906.172457396779,2005.8263658187016,3354.2562708481264,3468.953561415009,3325.2408017308344,3590.989308400575,3723.4139411660085,2143.2643714493347,2762.595707583942,2498.1973598148284,3050.7451861180716,2872.2999057516436,3507.458425728354,3723.2879337098584,2666.5136522653006,2934.4844000391086,2501.594385418827,2148.0566227291197,3253.9123012941627,2303.893511453339,1596.2582339193398,3553.5322390452147,2210.658250499648,2182.268611061097,3906.9723186137116,3497.1404441911973,3608.0970674678583,3411.2754633118734,2878.784509903526,3681.276316892141,2625.03695592823,3819.399134619051,2440.4045131086687,3975.6386857752013,3334.083660723112,1927.5685049269619,3701.4049952037713,3211.0819102704572,3540.7953774905236,2514.406401178765,3768.696416871805,3599.8619919869207,2388.053717932957,1909.9681798923282,2564.7268222945295,4004.3483044393197
67.47924779677318,1285.253682797872,1114.6291724080313,456.0784442454627,1351.4576950999376,1339.7082430794817,767.9138656065265,637.7368070041181,663.0760987859699,276.54471209314227,948.8439195331246,1420.0846790963778,78.4624776018172,906.9285061481307,1032.3952540774671,471.09914262513587,1431.95280918648,0.0,1066.5008070529452,856.6782028971941,941.3943561357747,563.4578863974612,1247.4776090506973,451.7404081799881,1164.3721088989923,1212.2131514130053,1195.9036514912127,1095.8968300284496,699.848783522121,842.4453130066066,172.8073764943292,1056.8997074666536,665.8424345291432,1014.795357329105,407.539317865818,1031.8456180272449,1349.7863108535098,272.81635493699685,1066.1872809573388,1445.2613631655665,706.1687092239702,902.2861805793702,919.781031024102,1341.6808159607567,870.1657781410004,713.6293088891597,473.3639802631732,312.71432505791984,802.5438701641338,885.3674835507976,2641.0118650895524,2048.2174676389204,3324.7039646387266,2979.6691638108405,3153.221785203158,3330.5878334454933,2084.599842025033,2037.6959933295807,2724.9410980155144,2871.3560917501773,2597.5436844715114,2883.9161238500724,3080.9615620135874,3357.0926960145343,2430.407041874574,3329.6646374100574,2917.986733169635,2546.900299803193,3314.0529516722613,2760.405273737128,3267.9703334018,3579.752258060348,2565.688002650742,3414.4017920327183,3024.5019887014664,2937.5643396400264,3488.926578547631,3207.860682820157,2490.1858566827123,2406.132484980998,2507.8043522160756,2192.22146556699,3392.3403813883447,2334.0412231327687,3032.0301477125968,2426.4339155263883,2599.3385130960337,2580.06202668892,2256.1349822659113,3208.5122677032905,3065.79540388387,2991.903954604002,2942.7332606698988,2486.4390877379947,2347.5661028113864,2425.430521786553,3478.349677655833,3097.3591211641537,2947.588206821908,2707.7992403618905
136.55580240215818,1041.8601886853771,1070.9946084009746,1244.6803636781217,1873.3905479411615,522.6948146410017,1788.385820297936,1385.090378941782,606.6966383398387,1220.101878968844,1912.7087277374665,1263.842781290462,1137.4225730494077,1400.6791919306809,1939.3616149378413,1371.0947479752763,1528.5051621118741,1066.5008070529452,0.0,1289.2962891153493,1785.1521636863692,1627.6187464250058,523.7372608648523,736.5318000786585,1127.8404781679633,1415.7867057526532,1017.4375044111118,1498.7374059912959,1341.0033451348093,1306.1584149176242,1238.4203084002859,1808.8015462992998,1588.4706744609223,1477.3470746821918,660.0570404328496,236.9996296789241,738.384051584637,1040.0058855635416,1060.436861334792,1293.1932661397564,360.80290452526424,268.42411654720803,1036.7306996405616,1044.037159044075,1803.3468816921913,553.0638513877059,1446.520049091747,1236.627681257513,570.659202863979,362.38784989305,3562.3440964314896,2181.1644018272555,3397.3531584356942,3970.1532222929163,2098.500460185011,3512.1491945145235,2996.028185914177,2516.1012487868247,1850.7037073188485,3937.26113830901,3582.317323648358,3532.6379762077127,3933.822789574978,3948.441757489266,3494.076690509025,2313.5519768433614,3982.397803978405,3506.4063922952237,4024.273699465022,3760.428741889788,3912.6214362302685,3422.82724726833,1749.2424297259743,3825.0236546928936,2857.474961813,2077.8151365229996,2970.6470125791757,2477.8636889641066,3117.9563245536456,3411.3954379170154,3506.494193309892,2006.2187966038068,2390.307272272748,2411.337548844933,3847.193500491412,3138.3015808418413,3495.754727382248,2792.97031431553,1846.5858861780957,3449.362115673079,2221.2011124661713,1958.754459193393,2071.691163595643,3439.4136578149555,2962.259703468838,3390.182333827912,3906.362953567769,3437.651362366218,1925.6687858824362,2645.756808014024
63.13976860330831,717.9078417130864,490.68407678400513,1311.3738325115212,593.0879022645026,1203.8199909554469,940.3150670788425,362.51783126152446,1283.797854637774,647.3712491792451,903.2350510553151,730.7607859450361,901.5768716288604,113.60877605103329,837.2081121881463,563.720630595742,604.5199216276126,856.6782028971941,1289.2962891153493,0.0,648.7176882985291,1126.4836614664932,1088.0322933755263,1137.6716368799014,501.67393305351465,376.120758766361,629.2587793885829,250.06276979499913,236.71981674146116,33.77046551093696,910.7778795805012,582.2683163640505,644.9882444189161,194.59310866150835,883.3227508931536,1411.1970981003076,1040.24019354657,1117.5605699559596,446.32721711156836,745.1581830084036,1033.7664965921344,1022.1727324289488,329.93097782230353,787.5253569204165,778.2735580673661,738.2028855710319,685.0379460086998,617.2028633738922,725.0013890229873,1354.1301683243141,2347.3208509919414,2886.553137105425,2468.3307744990097,2823.7069683049863,3068.3136920894967,2483.5365674186264,2756.0441298050464,2889.4941250672327,3139.436050019971,3119.6486592903493,3150.3485801357565,2248.269730446254,2669.9459168051126,2679.1297119583623,2598.87991068195,3123.561506772936,3075.0466650075437,3140.6401016157533,2735.2599553169625,2635.477183801791,2630.597000174005,2741.730642898967,3029.4879153856195,2633.7318946732753,2196.486749211583,3366.060620721575,2784.893684115861,2659.5639085048065,3307.852592380776,2929.4635895374363,3039.3996102629667,2960.808395922358,3154.1578380630854,3167.9239308049923,2570.6739475141067,3215.909995170994,2262.965995030191,3432.6026341285233,2945.8818670039036,2371.228926183666,3508.4378283292144,3183.039397539762,3360.6291472192356,2259.0826574069256,3171.4293155049063,3016.896021562129,2706.0343204717065,2286.2818781048686,2775.285120119216,3519.7040655110086
118.49676876697747,1365.262324979091,1138.50549121078,1294.0130002060753,630.0584141409535,1813.1504348594144,453.42806817629116,400.68500734310953,1572.3047062067976,668.3138713863154,292.67946652662454,1352.484844020904,932.0936866943182,561.9806321612641,188.86630185316187,472.81779739442925,1123.1938024288688,941.3943561357747,1785.1521636863692,648.7176882985291,0.0,830.8684913319794,1697.7493457543226,1373.435562409269,1144.6675315583489,924.363781346326,1277.7422260352191,673.5893265962745,470.6546416854882,615.7220767702995,870.4485753857732,188.61449819599224,288.4579732721592,592.2575415490364,1208.2976498675048,1843.8728648572182,1677.4031638928595,1198.0526158542004,1094.958471858652,1361.5207930028441,1460.0884242163945,1537.3154337804135,972.4512779486495,1434.7085501411643,196.3487711011784,1250.0248262666114,485.1498917088919,634.7287859895257,1275.4405695794171,1737.369721564159,1777.2021668019045,2914.0441482031415,2681.5174222762175,2207.4043620274797,3695.6513582619577,2610.416527483288,2329.2085743674334,2746.3483640643913,3590.833382105106,2484.809608937339,2626.15899033767,1950.0108742607358,2169.490993144055,2431.7805887704517,1956.2698602227895,3767.5772078741015,2428.929262583184,2642.1486805864342,2372.6666581461577,2009.4378399723669,2332.303513718953,3096.9518146709856,3451.9683160470086,2556.330285589241,2594.9165625105816,3811.436768190222,3328.5614397754025,3279.6224278277073,3047.011146116584,2394.3314925573636,2505.9095999414476,3121.1000814819163,3800.6650081988587,3204.2178477259026,2104.9847027617247,2907.019071731996,1713.4198645391973,3391.073386807643,3197.50958865133,2455.5200233768155,3946.6974039472443,3735.6305710015436,3811.8567955387457,1659.6766277759896,2927.7887653104485,2520.2983694490704,2610.464924783926,2288.097689496056,3414.4341757147786,3604.0035124556453
