0.0,90.79107357009688,181.55450947195035,272.54403438404296,363.73123780255094,454.4303941713417,545.2845125219342,636.3667387195505,726.9897289523212,818.1833766177992,90.91526786792807,128.47776096597104,203.3145104643794,287.3368005514208,374.82540048220204,463.36544261404896,552.8604018880812,642.6999697910346,732.9137615083563,822.9962327308715,181.93783218291892,203.25106031901723,257.0958346643202,327.7241573658643,406.4914702251003,489.54739573856284,574.8103082727603,661.7860438310404,749.6851045413798,837.9540876104887,272.75431268085805,287.5349724981198,327.7220111420241,385.67489802389724,454.56244897136133,530.0196668950371,609.9132319196757,692.3006545362019,776.5449056662557,862.4363652957334,363.51472067530904,374.87715716784214,406.5778750768026,454.4770211970332,514.0830852273945,582.1109569776291,655.498657342784,732.8988873397188,813.1227860387,895.1807895396075,454.59889360217863,463.70460264818905,489.5208536614572,529.9452908493287,582.2154803005046,642.9841301666266,710.1316178415216,782.0290771976568,857.4359970772348,935.9197251946567,545.5246896568511,552.9953919527162,575.0108596353026,609.9368278181237,655.4829167632187,710.0850658260977,771.2977786682923,838.1920575492392,909.0973323544127,983.1420960426838,636.619034855749,643.0413718184498,661.877875305759,692.1514851402796,732.9818558755316,781.9702510306468,838.1198466103251,899.9652293533959,966.291402618159,1036.4782050943413,727.2802885254176,732.9956672220767,749.4721434899112,776.574952269979,812.9574856317482,857.7074033616194,909.2140908522586,966.3711460543467,1028.4449990866967,1094.6890077634796,818.1566798647002,823.294099136214,838.2671804531661,862.5444321269235,895.4294107067097,936.0205354218951,983.345912220143,1036.5870576315779,1094.5462842049083,1157.1141848859593
90.79107357009688,0.0,90.76343814753321,181.75296131453382,272.94016477246754,363.6393207960695,454.493440769068,545.5756672600814,636.1986553830308,727.3923045279779,128.48354186197184,90.80275641780375,128.72049413817226,203.2556648197214,287.586370463239,374.76567315511835,463.5446424872062,552.9724576882855,642.9182448053434,732.8288665320741,203.26474868778664,181.84753086797863,203.31694828033065,257.1736368438175,327.80370627140275,406.65438936816565,489.51955464965897,575.0224070255271,661.9679109737582,749.5854256946383,287.4640737804533,272.81826754415243,287.5054441348918,327.8063226041784,385.8193140339377,454.56820478592147,530.2602285899939,609.8975863965167,692.2657764108446,776.8352950606096,374.6750191709568,363.6734188724639,374.8743736933933,406.508485460436,454.4301261795891,514.3507812892485,582.1232820276907,655.6130518672328,733.0513376832366,813.0509306209074,463.582690578881,454.71827459509694,463.5784100034872,489.4766360799099,530.2727398879455,582.3285179725611,643.0156605823532,710.1099258177485,781.9236278070651,857.6831101506151,553.0170412712081,545.4723128452973,553.0332106248289,575.0934658202084,609.818150109102,655.6895898421291,710.00809842235,771.5202079392931,838.2343749307779,908.9902984982461,643.0645733254112,636.5696167865295,642.9131703321207,661.6555681672774,692.4336859874395,732.9242597937242,782.0750941456057,838.2222469936665,899.9469156291685,966.4173421654513,732.9176105485236,727.3306318343895,732.7549145649356,749.5363733445661,776.6098169084083,813.2370623541419,857.804925451986,909.153487235543,966.381413831352,1028.5928117214125,823.1622199819142,818.2577905126225,823.3466685980852,838.2802749404033,862.5429997603106,895.4497962947474,936.035769627493,983.449559049316,1036.458267401206,1094.7933166227035
181.55450947195035,90.76343814753321,0.0,90.98954096993818,182.17672904495632,272.87588617082747,363.7300187747141,454.8122454274627,545.4352226245649,636.6288796608106,203.0302086673293,128.29492330727481,91.00546276182429,128.64357437041835,203.49121638207885,287.55348928794837,374.95813886905523,463.68071366604346,553.2053738437005,642.8604249013139,256.89951831932916,203.21587547387693,181.80473256909573,203.3571382891446,257.2177049235756,327.97816220455894,406.62964362387095,489.736231820323,575.2226571516496,661.8915352600148,327.622801235193,287.48686400365693,272.74074150930915,287.4793123326752,327.9734483391002,385.78389878048176,454.8057345452516,530.2504538601368,609.870847816159,692.5715298864033,406.29426947479743,374.7587114974049,363.6224852019898,374.7255854509935,406.457139604327,454.68742152343543,514.3364112603331,582.2427245317259,655.78600969124,732.9771128641395,489.4974047150638,463.6491326660391,454.57595382164163,463.46290340976043,489.76895648410834,530.339128855674,582.3500362699347,642.9836414464205,710.0020291012261,782.1701761396671,574.894219427067,552.9250074035219,545.4437516795905,553.0840667424382,574.9464811276343,610.0056162806081,655.589614891453,710.2119222675129,771.5574093504338,838.1219679001323,661.9818298041569,642.9496331396565,636.4291542932575,642.6175052914473,661.9110103453343,692.3462035466117,733.01285621531,782.1575958880929,838.1943094724368,900.0682118730907,749.5560721484336,732.9232873524599,727.0457844450702,732.7963190023348,749.5334028248853,776.8569050338641,813.2975807736226,857.7392308594373,909.1543506852514,966.5102346031937,837.9982214987616,823.2331099142122,818.2584799807345,823.3402022030011,838.2221742582403,862.5431249831233,895.4418889054106,936.1078004004193,983.3256784078244,1036.6803237491504
272.54403438404296,181.75296131453382,90.98954096993818,0.0,91.18722107593891,181.88636688224813,272.740480696513,363.8227074275961,454.4456960273668,545.6393436931362,287.31225503863845,203.09293069569011,128.5560551220479,90.97281104920731,128.6888147903902,203.30541627027463,287.54268965582827,374.8962641519848,463.69539372408747,552.941993929884,327.57681578892243,257.1230535861002,203.25946197067577,181.86572563613595,203.29941757714778,257.28290291114877,327.7923059909358,406.6608603554277,489.75529515373347,574.9618019716062,385.5916099431242,327.82559905729147,287.5353783295039,272.67462795664693,287.67228124226654,327.81660810507896,385.8976527990723,454.65520367633684,530.0634543612726,610.0087625644702,454.34170244813373,406.50512668248024,374.81638706277835,363.4882311057966,374.70169459568774,406.66540197009175,454.56285755925086,514.3487593382425,582.3016635865705,655.5508239671019,530.0744087855771,489.6974818082455,463.64200733427595,454.48588760249993,463.75211858261304,489.7748797525245,530.3014826111801,582.2236671007984,642.7633516458199,710.1143640053182,609.8080352713755,574.9417017269338,552.9708479283347,545.5594541263199,552.9659064176154,575.1228806508997,609.8560022909363,655.7116058732122,710.156960566908,771.3303651352434,692.5384513614454,661.9728694167621,642.9356663149102,636.1640219086328,642.9036619631265,661.8191640837642,692.4082594834518,733.0336250305314,782.0535061792289,838.2211653351975,776.6702023522644,749.6788424156672,732.7314377525141,727.1650798464133,732.8230681525981,749.7796083149387,776.8823064883109,813.2045183624317,857.6815438886766,909.1903599178889,862.3321873665634,838.1941704893378,823.3120732600846,818.3348682188515,823.297505274201,838.2459452894032,862.5274539659036,895.4695027362471,935.9567956961221,983.4635925011004
363.73123780255094,272.94016477246754,182.17672904495632,91.18722107593891,0.0,90.6991575416661,181.55331667374264,272.6355376417492,363.25849467553456,454.45216176436634,374.9098681168315,287.5412876549698,203.4242788123585,128.7524042189075,90.83612407172127,128.3804771553763,203.06257474430782,287.2717834534046,374.68010730924897,463.22651973603985,406.54368349644693,327.95428490888787,257.22766494309343,203.34806815625564,181.7104845202746,203.22815231938313,256.893793732809,327.58976800587845,406.4651735468234,489.28562258229323,454.60664934327383,385.8714356416354,327.92679900594567,287.3897382868189,272.84148411047977,287.3337800783161,327.73800065993515,385.54861476903983,454.25408547587614,529.9855885802107,514.1983541573487,454.5711956605104,406.57550768341633,374.6231327329867,363.41961176096976,374.7737123910251,406.3488766929587,454.3933619864992,514.2274080810981,581.8394303658177,582.1961095886803,530.2858052057356,489.71317127101406,463.4776051230225,454.6612912742446,463.59654046640514,489.58587066002076,529.9919852222323,581.8087232876886,642.6612221534109,655.5994176984959,609.8657521807813,574.9391482030787,553.0304766196675,545.3601724171116,553.0175451688104,574.8196762401803,609.791072530893,655.4691216364889,709.7264015936198,733.185794959043,692.5014730111492,661.9524254300951,642.5781380794845,636.3510367521467,642.6885978349379,661.7380821493227,692.254914887821,732.7486318146892,781.8859170304264,813.1059714034978,776.7668005211605,749.4436199142892,732.790793140348,727.0885172512545,732.9358592145625,749.6439132259268,776.6449923791524,812.9751397009463,857.51451859241,895.2737220389519,862.5037537766533,838.2059163922363,823.3283080057396,818.1685838225372,823.2099735982243,838.0918160890986,862.3829257711562,895.1736767795392,935.8921910937207
454.4303941713417,363.6393207960695,272.87588617082747,181.88636688224813,90.6991575416661,0.0,90.85419772981363,181.93639755366547,272.559337151786,363.7530092164218,463.42723432411697,374.7002294640812,287.4230185418152,203.32897869228896,128.43226646526352,90.94946462255861,128.52481761084042,203.2788307139305,287.51542977639116,374.71253262706665,489.3458318831436,406.5643829692533,327.7275712219289,257.103244081362,203.1547641042223,181.83162626635746,203.18350112754584,257.07664765099213,327.8532668290518,406.4829814609326,529.9770340184017,454.57087064554383,385.73930795671015,327.6013328321418,287.5875554353072,272.62323737273033,287.5100260231587,327.76112178024084,385.56209090469827,454.62016338942135,581.8999431559504,514.1462274495475,454.457340189175,406.2777473219753,374.61332623967803,363.609177205919,374.67037519428277,406.50606880900506,454.6738258628955,514.1593605255871,642.7842904493062,582.1830222592309,530.1860301037199,489.466595745609,463.64710117071627,454.5919435811604,463.62422444194135,489.5566399816671,529.918590166186,582.073038466454,709.9389123918232,655.4853746041642,609.7283824086833,574.9560031446691,552.8805188242105,545.5199267471071,552.9024717680888,574.9883861106769,609.8560207026597,655.3845600331438,782.1656174415627,732.9850531939629,692.4181028896355,661.5471333662923,642.7946055269816,636.2437344374628,642.7810926540484,661.8053932763643,692.2521367183751,732.9016300054241,857.5241915183205,813.0715740366528,776.4632890226974,749.4954198117648,732.7498093397952,727.28665507753,732.9393812326995,749.6373152691984,776.6794605999637,813.0901074829719,935.792156078103,895.342552688422,862.442277770115,838.2283457482011,823.1825502416966,818.1872239502915,823.2060222958007,838.1275794512264,862.3572085390838,895.3658438926374
545.2845125219342,454.493440769068,363.7300187747141,272.740480696513,181.55331667374264,90.85419772981363,0.0,91.08222674739162,181.7052512722548,272.898864221524,552.8249147223337,463.39565236268106,374.73914668152287,287.51851825365605,203.14768127282196,128.70301724204208,90.97817924757119,128.7071308303856,203.37848452206006,287.4540781584901,574.7222268735154,489.5628567328457,406.51330150650125,327.7712124103313,257.0545757089967,203.341311081582,181.8471108519653,203.29592515452615,257.2953678132468,327.82259137454406,609.7297703217188,530.1233344779819,454.6247229463836,385.556915414566,327.93960064508275,287.45706812633296,272.8168726193416,287.5691844550496,327.76575401315375,385.8846818294218,655.3799904215637,582.0114784637769,514.2088923859789,454.3170222093575,406.4376791306604,374.87983447627397,363.5589383734997,374.8754831612518,406.82827820024033,454.5732837429449,710.014347876003,642.9404078901861,582.2787845395536,530.0834677391118,489.7316585066252,463.6533137783878,454.70962211333847,463.6507838145594,489.5202007184998,530.1701467688467,771.3409341896099,710.0061041891789,655.4974594804187,609.8954851549094,574.955861475443,553.1416223485346,545.4965761373653,553.1110364279325,575.0951948751765,609.7898218934072,838.3180960695504,782.1254359140391,733.0899202211277,692.1491436706822,661.8813530043506,642.8025456813688,636.4284647576266,642.9083219671421,661.8553759221468,692.4325944711969,909.0369351757766,857.6537428948761,812.9344030634423,776.6684670221545,749.578649867076,733.0415502565697,727.3645428214603,733.029023321975,749.7346347012523,776.8141949457654,983.2163465019152,936.0295097250417,895.4235902011042,862.6210641547608,838.1897234386357,823.3229537561931,818.281691350071,823.3041036797821,838.1970000195214,862.5704328470041
636.3667387195505,545.5756672600814,454.8122454274627,363.8227074275961,272.6355376417492,181.93639755366547,91.08222674739162,0.0,90.62308799885605,181.81663913480864,642.8430737950182,553.0014484877236,463.62177387581227,375.0306841393856,287.50385578172154,203.5462591761482,128.71630323013932,91.10291151947344,128.4911855686537,203.1213743801356,661.751560166128,575.126808886803,489.6745157707342,406.6998303139756,327.8409235512081,257.2713664823377,203.39056329353664,181.7774952507598,203.33600116168134,257.09334234675805,692.3947174673269,610.0251650549826,530.315855573887,454.5399121322853,385.9554378419206,327.83789292995306,287.5630616780574,272.799819896278,287.43046524564517,327.8818925927806,732.9158875484895,655.602194307261,582.1808153728288,514.1490326792385,454.54324581120244,406.66710275998423,374.767716088971,363.6662262545394,375.0810242371895,406.53175493072524,782.1627151961404,710.2644497816316,643.1380089455417,582.2237332621526,530.3291792045849,489.6906178095604,463.71840728690637,454.6399352958331,463.4911428983575,489.57930406666054,838.2194301498525,771.4960961755095,710.0658975758237,655.6962520557146,609.9157243644516,575.1724739163024,553.0592406680057,545.5759155635513,553.086102960092,574.8709294246228,900.2471064792423,838.3347967495387,782.2975232466765,732.8337810804642,692.4568552809375,661.8536461720178,642.914834070649,636.4424407015742,642.8326123024526,661.8770415593772,966.4388503794161,909.2131296714188,857.5558535376324,813.1516417706121,776.7262693062517,749.80134418216,733.024416014223,727.3734843200396,733.0053327509715,749.6981323077428,1036.5130513565773,983.493905832778,936.1168027354992,895.6096118953129,862.534697069304,838.2846733668107,823.3409968153172,818.259508758777,823.2826446314145,838.2361016911345
726.9897289523212,636.1986553830308,545.4352226245649,454.4456960273668,363.25849467553456,272.559337151786,181.7052512722548,90.62308799885605,0.0,91.1937378809743,732.6496388704745,642.5462071142204,552.7424756637947,463.4392017693687,374.5375730286013,287.42199935106635,203.11587548607957,128.50959522316998,90.67327954077408,128.58632832913224,749.2620336078263,661.6813055412171,574.7564692018934,489.3820722622631,406.3066907923569,327.590796114399,256.97628302420526,203.00313351582025,181.73347773830605,203.33829172968453,776.4610771893588,692.210469899535,609.7493790683003,529.7648377196464,454.4820925417647,385.46410086157937,327.56425346091766,287.3485840177493,272.6010263557782,287.5740473842091,812.7867241868237,732.6584346025388,655.3159175774197,581.6862333520294,513.979808528539,454.37054508681854,406.252854443684,374.6636637686712,363.79098860826923,374.7857195488937,857.4513229100098,781.9516347418008,710.0403623031925,642.6639995420704,582.0490274023864,529.9275065628631,489.48531623630356,463.4582492721768,454.3920054317404,463.50087305278055,908.8539076063258,837.9414452678782,771.1263950420521,709.8674217874404,655.3721794659305,609.8008875732319,574.8408876017753,552.9172320666437,545.4361288365977,552.8286788529784,966.3557296915387,899.8359893670007,838.126391298951,781.666087119313,732.783133040821,692.1372241797574,661.7173019695683,642.7304334028618,636.2499523606288,642.7923761546341,1028.2818019268905,966.2060142721067,908.7421411043244,857.42123682756,812.8817082706407,776.6435340310985,749.5298750098899,732.87158940411,727.2296641667725,732.8774164474694,1094.3857905469092,1036.401782214687,983.2033744947262,935.9723986197304,895.1984060039883,862.3659888361844,838.0768117610646,823.1209607443823,818.1430882063731,823.2127352793233
818.1833766177992,727.3923045279779,636.6288796608106,545.6393436931362,454.45216176436634,363.7530092164218,272.898864221524,181.81663913480864,91.1937378809743,0.0,823.2312477244423,732.9548317351741,642.8855620768416,553.1714436431964,463.56143558076514,375.0721996225574,287.6243309664814,203.49333928394563,128.48763506568702,91.01087497701444,838.0484802006729,749.8154179970952,661.9325859309666,575.0887132827976,489.6211665678249,406.66633319453683,327.9280579794384,257.1078366156186,203.30217050937136,181.9772248097134,862.4812201777575,776.9022251982805,692.5655929833534,609.8232347113184,530.3133142245364,454.6090543405489,385.72300983842075,327.8614112314829,287.53634062241866,272.8700524881729,895.3361412733768,813.1462410349526,732.9965668626126,655.4426931784183,582.1288335968094,514.3504249064194,454.4857997654242,406.5886696511386,375.12693246447543,363.69636988727825,936.0889691701,857.8537192139376,782.3531279992204,710.1646851721558,643.0347169158542,582.1735090354973,530.2168215849549,489.65170170616403,463.55763127813066,454.5765740470035,983.3930283332729,909.1889892253602,838.1607773010826,771.5034078843117,710.1098901526345,655.7553106440673,609.9425901531473,575.0637849780213,553.091046331198,545.4095928577854,1036.7894405985967,966.5354996799233,900.2251020836084,838.0556195788065,782.1258962237811,732.9590882855823,692.4361290288731,661.8985720682601,642.8486723070157,636.426973620767,1094.7421769034502,1028.6269780498415,966.3086938588692,909.1496916918671,857.6550870612092,813.244802212516,776.7754749220875,749.7604111846151,733.0326100256997,727.3066944593721,1157.0592197700767,1094.84169032442,1036.6486961536766,983.5883155940643,936.0363873522995,895.4860207111033,862.5645268115072,838.1921872372623,823.3329126742532,818.2724310778628
90.91526786792807,128.48354186197184,203.0302086673293,287.31225503863845,374.9098681168315,463.42723432411697,552.8249147223337,642.8430737950182,732.6496388704745,823.2312477244423,0.0,90.88912101450802,181.79246515325602,272.55987130951445,363.64034961494144,454.34344878706474,545.3367788577385,636.2252520253777,727.2804980891468,817.9608437182567,91.02262351342411,128.493428217281,203.2236720426953,287.4064489368391,374.76900367131435,463.52123156177527,552.8306432303807,642.8006377220019,732.9696731982998,823.0210852415686,181.83904482250904,203.30929684802686,257.03764302246896,327.7692037157299,406.5379629009469,489.4971278532521,575.037320613822,661.7865597515802,749.4773062178891,838.132463212613,272.5994528787169,287.5255785503988,327.79130661926524,385.64777264367433,454.3760989683213,530.0903096187393,609.7971554358196,692.314773562387,776.7121682958652,862.2663141105621,363.6836263596678,374.9737228817002,406.48997857830057,454.3904491443374,514.3545060989705,582.2608745739,655.6576995005661,732.9301780940295,812.9179405310194,895.3074776279607,454.6094222244531,463.557314315519,489.6104632076685,530.1807764793252,582.0238153586314,642.8735798602687,709.924303344474,782.079379685803,857.6377191527761,935.7787744269185,545.7037673327798,553.1902186207594,574.9950388376237,609.6455692505326,655.5999904064885,709.9625024372215,771.3643359780359,838.1511413077277,909.005413219172,983.2857476797026,636.3650207927324,642.8815859873614,661.6408425928054,692.1820008665035,732.768707363726,782.0977491921185,838.2680844789855,899.9439276850272,966.2960151915761,1036.5245331374626,727.241413125601,733.0033587713359,749.7777851232773,776.8221882560678,813.1929620659087,857.6834159596684,909.0988805092169,966.4433540669511,1028.3625821403766,1094.7200428487454
128.47776096597104,90.80275641780375,128.29492330727481,203.09293069569011,287.5412876549698,374.7002294640812,463.39565236268106,553.0014484877236,642.5462071142204,732.9548317351741,90.88912101450802,0.0,90.90366876314015,181.67087712229417,272.7513039604743,363.4544347575452,454.44773264774534,545.336225302464,636.3914192533697,727.0717944673962,128.60467326433374,91.04489047169072,128.61813794217645,203.28075563938614,287.47062234811415,374.8504767218746,463.439546557428,552.9889573548154,642.8954982902262,732.7711399369288,203.38498251479973,182.01558517256373,203.34639795573676,257.1971438224345,327.85784056392225,406.5576127249456,489.69593169178336,574.970385527885,661.6970337784513,749.6943527077641,287.45198689689187,272.87068703293295,287.60482914067677,327.79610209921583,385.60533383056656,454.63174197894847,530.107969626813,609.8708993467499,692.3978067791096,776.6117745087769,374.98642600033736,363.9155738414884,374.9307643446986,406.52536983971544,454.75698354920115,514.5063823763255,582.2908387691718,655.6285753787423,732.8037879307958,813.1358905405435,463.7037000609058,454.66960094563825,463.6935783880667,489.7637303547312,530.1146222107783,582.2595307064141,642.8200374323663,710.156094712147,782.1122513100762,857.5180929471152,553.3372506252805,545.7668928377494,553.1545332131759,574.8650550214555,609.9863034457728,655.5908425833743,710.0942319125706,771.4874806648729,838.1377443839759,909.1243724782964,642.925889894364,636.5279164140254,642.7408966986153,661.7856531202513,692.2884500707712,733.1043639286112,782.2449391109847,838.2260437475403,899.9672565961337,966.4592865465446,732.9923992264327,727.4550802450566,733.1583072141382,749.8748988732193,776.9042681812355,813.2710463700547,857.7469299698084,909.2471901437998,966.3246943791257,1028.636435902732
203.3145104643794,128.72049413817226,91.00546276182429,128.5560551220479,203.4242788123585,287.4230185418152,374.73914668152287,463.62177387581227,552.7424756637947,642.8855620768416,181.79246515325602,90.90366876314015,0.0,90.76748169551162,181.84799354830994,272.55102423558105,363.5443841435139,454.4328262643963,545.4881514171968,636.1684366838203,203.119407288605,128.56724392384118,90.79948746287265,128.45314775290052,203.17706459557996,287.44591393525513,374.67253299722546,463.51609777047145,553.017449847789,642.6385511171601,257.03570446172535,203.28285850449234,181.7356338135738,203.13108288948249,257.0988202574226,327.65788160303794,406.5987917631784,489.4937729055264,574.7615704634072,661.8124250156167,327.5459557357064,287.37201744439795,272.6172372551778,287.24224716312324,327.497267024336,385.63029702024517,454.4230239163615,530.0061888991773,609.8082965680179,692.1448997129241,406.49821649781956,374.88405157058264,363.5708843666609,374.59884775312526,406.5879072534784,454.6095128094933,514.2951744621272,582.0393281514716,655.30409596692,732.8424693904557,489.4762268353697,463.4386718697271,454.4385000097737,463.52131261087993,489.3827125271787,530.0634948166114,581.9292145103955,642.7997227401578,709.9650553189514,781.7824798972097,575.0856408255439,553.0396738910432,545.4240150708807,552.6448469195088,574.8885491895028,609.6646923973212,655.4396538587227,709.9453327945472,771.2264299316197,838.0286661967025,661.6921731402185,642.7486107194907,636.0405816048755,642.5623995510509,661.5556542588545,692.3031523114951,732.9357816694593,781.9322820385029,837.987418879823,899.8723280172087,749.4683233148187,732.879471376808,727.2532630859539,732.9333040645291,749.5961360251698,776.667763835426,813.0254013166325,857.587931684188,908.8693752054716,966.321668460248
287.3368005514208,203.2556648197214,128.64357437041835,90.97281104920731,128.7524042189075,203.32897869228896,287.51851825365605,375.0306841393856,463.4392017693687,553.1714436431964,272.55987130951445,181.67087712229417,90.76748169551162,0.0,91.08051193743687,181.78357750175965,272.7769176630206,363.665380934652,454.7206734425858,545.4009789657599,287.2037100908214,203.23540472830425,128.4753657758974,90.89292623734286,128.5741532510718,203.39874137116192,287.4735443236118,374.94064621224254,463.73449928242195,552.9443865423816,327.62268462876995,257.1191568071905,203.27981503782473,181.70184481622732,203.40875030003718,257.14032623977766,327.96143853519834,406.64194962069587,489.513745993312,575.0995852491682,385.44605006002274,327.6528044852793,287.39848247139423,272.5154426502901,287.29921523781803,327.8409293703985,385.69284153630366,454.60776614907064,530.2264210746813,609.795282251436,454.47639084864204,406.6304845631841,374.86781722953407,363.513077194505,374.9726337176495,406.7289612907975,454.7161435704534,514.3400678787882,582.0009396378662,655.6146327750349,529.992639081582,489.479710939395,463.4714012342228,454.5866461696571,463.4732790970519,489.66456738495106,530.0501468757639,582.2144043678527,642.9138372790902,709.9239433626266,609.9685650158622,575.0354355211674,553.0287924940847,545.1912117881927,552.9972057736594,574.8937875936729,609.8469920290194,655.607681450755,709.9998584248264,771.4246402417275,692.2234653350424,661.7873290091676,642.5594429789587,636.1922690886635,642.6516632436069,661.8933912767899,692.448452410262,732.9667260103205,782.0207035752458,838.1963939001665,776.5558328913387,749.6464307926854,732.9626859998014,727.3620573238605,732.9520203479066,749.7004098028715,776.7563105941381,813.1838332031572,857.5619941089135,909.1731983885528
374.82540048220204,287.586370463239,203.49121638207885,128.6888147903902,90.83612407172127,128.43226646526352,203.14768127282196,287.50385578172154,374.5375730286013,463.56143558076514,363.64034961494144,272.7513039604743,181.84799354830994,91.08051193743687,0.0,90.70315935091965,181.69643095058015,272.5849226391602,363.6401651385199,454.3204956848092,374.72447624302737,287.6229563661527,203.3656371483091,128.6709840768288,90.87436553842184,128.59418865208954,203.13848435159807,287.4360383449928,374.85970431249956,463.3601691687351,406.5821065165247,327.93729644340766,257.30705490582045,203.2270461101832,182.00536564290383,203.22690440385796,257.2088791505489,327.74369141114397,406.37968167405575,489.5653863521276,454.4811478330107,385.71396134483604,327.8169350187039,287.3196380496566,272.5835040389805,287.5173137785369,327.6862754898764,385.65999331680257,454.5996482446626,529.9302149004908,514.352026956472,454.7559564252817,406.7622269606486,374.819645151136,363.82519848196563,374.9714944491223,406.6862133058995,454.5595867874755,514.0746068415738,582.0583947538513,582.1491441690353,530.1402736180503,489.57479589774636,463.6545008919934,454.5240764965778,463.67138088131134,489.513543702153,530.1486008147615,582.1262208696573,642.6416145307834,655.819422619568,610.0171644141998,575.1346701395998,552.7921091613887,545.514956791692,552.9280206633628,574.9637926214235,609.8535348245733,655.4794960973746,709.9908163942005,732.9450294750594,692.4164584653297,661.6661828071371,642.7459944127835,636.2524232010103,642.9119541142167,661.9150748583082,692.3599234079345,732.8935097184866,782.0244388271844,813.0636135250802,776.8318187255719,749.7698085356956,733.1074699396387,727.3325137326152,733.0084311714238,749.6974715557774,776.7739040004057,813.0336816801697,857.6708718167183
463.36544261404896,374.76567315511835,287.55348928794837,203.30541627027463,128.3804771553763,90.94946462255861,128.70301724204208,203.5462591761482,287.42199935106635,375.0721996225574,454.34344878706474,363.4544347575452,272.55102423558105,181.78357750175965,90.70315935091965,0.0,90.99338513552757,181.88180442990642,272.93718365919176,363.61741290542193,463.2123141961782,374.743237443515,287.33447841396776,203.1535768844243,128.35157169984552,90.88233693555468,128.51358889016015,203.35562955211233,287.66921886149714,374.81976404737395,489.34907036205504,406.4789099776043,327.73368165932254,256.8539076854697,203.3033187664443,181.67387548847464,203.33958488662302,257.16843043240596,327.7119994969474,406.70338807146067,529.7973084836186,454.3240654866362,385.5058853452822,327.4049936866414,287.2015375073858,272.65981026653037,287.3272820168206,327.76049802270535,385.84710146644437,454.49618185013014,581.9632052618616,514.2373998622506,454.572484667587,406.39578885596455,374.861924239857,363.6426086003793,374.8950534523148,406.5678929730551,454.4041925905114,514.2810215828595,642.6379282965178,581.9416330611482,529.8857929370156,489.4775374857685,463.39148563786125,454.57052909026976,463.4500422987843,489.59396516631233,530.1254953379852,581.9642856905401,710.0586785330312,655.5086585452632,609.8384029563002,574.6108154945732,552.8911158803842,545.2943395380313,552.9122369949663,574.9334454876891,609.7563072216916,655.547379372686,781.8291697286902,732.8032221605695,692.0059734382679,661.6066432372953,642.5892186856485,636.3372626277485,642.8090118756436,661.7990121770847,692.2944465040193,732.927137806217,857.3714343318544,813.0276209219129,776.6545194476003,749.6819666954697,732.844324108302,727.2378243225637,732.8940393472103,749.6316638549445,776.6360152777444,813.1421140516447
552.8604018880812,463.5446424872062,374.95813886905523,287.54268965582827,203.06257474430782,128.52481761084042,90.97817924757119,128.71630323013932,203.11587548607957,287.6243309664814,545.3367788577385,454.44773264774534,363.5443841435139,272.7769176630206,181.69643095058015,90.99338513552757,0.0,90.88852349836014,181.94379869493304,272.6240650110571,552.7389238339892,463.5653465767467,374.78876796274307,287.46438232806145,203.190818955877,128.55509344479518,90.86894694866898,128.5518682184335,203.40263088453972,287.4191212966579,574.8568896291174,489.5907335130154,406.6335049613199,327.6166702824355,257.2391541650661,203.19985306302854,181.8387015152318,203.29855147160612,257.0372740686434,327.88797194512915,609.6708546779934,529.9754886259102,454.4683068279892,385.432733171425,327.6246589563775,287.468318697158,272.5807591265103,287.45812071017434,327.954912981744,385.63454708339356,655.532347339074,582.1879802620354,514.4217058287959,454.5165836954998,406.6711393569286,374.86350080594934,363.7314429679178,374.85910721288224,406.4354514916316,454.556120782881,709.946890141068,642.7797975041365,582.0000345206947,530.0923703198916,489.5051894077724,463.64748180855395,454.5184069717615,463.6083885771759,489.62043668328675,529.9593205309509,771.5308147510531,710.0715882739745,655.6771993636964,609.5980487007594,574.953594623698,552.8930020758108,545.4502912418309,552.9903177749768,574.9104945060901,609.8483011854737,838.053887959106,782.0082270464915,732.7112815881634,692.2391503137449,661.6967732971686,642.8682872611402,636.3863639024883,642.8477703824112,661.8286995401821,692.3555424287948,908.9361978536132,857.6557572223967,813.1359994629687,776.8573303233015,749.6424888474434,732.9737198282095,727.3035191971552,732.9488752650271,749.6313433298643,776.7830225216127
642.6999697910346,552.9724576882855,463.68071366604346,374.8962641519848,287.2717834534046,203.2788307139305,128.7071308303856,91.10291151947344,128.50959522316998,203.49333928394563,636.2252520253777,545.336225302464,454.4328262643963,363.665380934652,272.5849226391602,181.88180442990642,90.88852349836014,0.0,91.0557211201134,181.73562340318415,642.5462724805919,552.9583482044975,463.46627702726397,374.7640273644344,287.3428514194096,203.17300614884653,128.46680923443031,90.67479557750704,128.58845493147643,203.20415517582285,661.6749251840564,574.9325334590815,489.57703123049913,406.3299303094534,327.78537417538297,256.9545788413685,203.1093230904642,181.69704686085618,203.09862397827166,257.1776185926429,692.1213100428058,609.6529214755386,529.9303410307948,454.20257906805125,385.47032580939293,327.63999861526696,287.18981252567545,272.56346174783994,287.5817408063807,327.64731075277615,732.8360385171252,655.552524997147,582.1905498631465,514.1545055516965,454.5350527330663,406.4347623949907,374.7716023522611,363.5371625258968,374.61110813214515,406.4649331094715,781.8662271067755,709.890043140975,642.6168513490579,581.991326365148,529.9286869268291,489.5386013409064,463.41295603548684,454.4731521185057,463.49216347329315,489.3384486571346,838.1825029589048,771.3264348015708,710.0521882054836,655.2198167728699,609.7086989912508,574.7560718119947,552.8546398241821,545.3396675498565,552.8179739303757,574.8677240828019,899.7722731153151,838.0158532854931,781.7134636369308,732.7361789387544,692.1119787291128,661.7460474150236,642.700996381,636.2706967278573,642.7236818943107,661.7251711636785,966.1196795606309,909.0076290363727,857.5366611576927,813.1369218206198,776.5862159428726,749.5761261481871,732.846840176322,727.1567486490524,732.820751939876,749.5986971539353
732.9137615083563,642.9182448053434,553.2053738437005,463.69539372408747,374.68010730924897,287.51542977639116,203.37848452206006,128.4911855686537,90.67327954077408,128.48763506568702,727.2804980891468,636.3914192533697,545.4881514171968,454.7206734425858,363.6401651385199,272.93718365919176,181.94379869493304,91.0557211201134,0.0,90.68060940492917,732.835865622115,642.993033840029,553.0931342169749,463.68818680068904,374.91500961836743,287.60710516691137,203.4837203719531,128.62022491597745,91.06037458443355,128.60248929931117,749.7182914326962,662.0242213208563,575.2134541935964,489.586403870874,406.82175108186607,327.9024704472261,257.23545242483885,203.4591264230966,181.92825751369347,203.48912907620507,776.7554072650717,692.4108975838853,609.9459571282695,530.0323150296283,454.6418858612476,385.86283208926284,327.80704347289515,287.612623839324,273.11813328836746,287.58036569620583,813.2845712439632,733.2000449001664,655.9409747366245,582.3147756158727,514.5471341793609,454.7101247140827,406.79497777994953,375.02536371663183,363.7192086598851,374.95381908730263,857.7501946467132,782.1904714269613,710.1116086935812,643.0158166973836,582.273607028605,530.3828358002439,489.75972909007794,463.7640249754897,454.76323951834064,463.5782073963379,909.4195205733871,838.3678950451342,771.737490797159,710.0202307227981,655.7439472163861,609.9593265268544,575.1540584394488,553.158002053212,545.577091848748,553.1379373106195,966.5003149257274,900.1393753382198,838.1540182745641,782.1735461946782,733.0422244523675,692.575890348831,661.994313397573,643.0336003274367,636.5568302764834,642.9682392567166,1028.571616046748,966.6107089903135,909.3061609114579,857.9833058982856,813.2879731715656,776.9664565188232,749.8845595054784,733.101422977263,727.470299885954,733.1315161588464
822.9962327308715,732.8288665320741,642.8604249013139,552.941993929884,463.22651973603985,374.71253262706665,287.4540781584901,203.1213743801356,128.58632832913224,91.01087497701444,817.9608437182567,727.0717944673962,636.1684366838203,545.4009789657599,454.3204956848092,363.61741290542193,272.6240650110571,181.73562340318415,90.68060940492917,0.0,822.8654501320938,732.8448901242402,642.6785608024824,552.8527945592366,463.36347975699493,374.66460083444304,287.3897205597436,203.0223653294679,128.33850700798982,90.96651045825799,837.9293222087027,749.5711739447089,661.7973562444704,574.6951221373571,489.5112282043628,406.37353133304697,327.536217626033,256.9800379290874,203.1654187153662,181.85956692353153,862.1822225993832,776.4980334515641,692.1490415218342,609.4794995616869,529.8828871119046,454.38426800908195,385.40636482368666,327.5978999993129,287.6122168513442,272.685735520038,895.2176606540895,813.0702528482601,733.0123778502466,655.4619591836947,582.0546730578234,514.0758466171054,454.4439025077443,406.455020558876,374.6930799690417,363.56603256903827,935.7689724169265,857.4821962688267,781.7957104800665,709.8850487298231,642.682594032562,582.0756831513414,529.9944451161376,489.4823756917063,463.5159668419057,454.39898542235744,983.337642203728,908.9886549095341,838.1735323414366,771.0801038403606,709.8898162632098,655.372001010079,609.7380144781587,574.86060827059,552.8667991178994,545.4164072148529,1036.329473078922,966.2414336806961,899.6599740985259,837.9834635699393,781.8431345729845,732.8566162639394,692.1998271360644,661.7735825590862,642.7937665284256,636.2961533837587,1094.4235878550132,1028.4340951504582,966.2678131853506,909.1283049023278,857.4917710899183,813.056629658198,776.6782321947321,749.5509489600978,732.9228320393955,727.2618811730927
181.93783218291892,203.26474868778664,256.89951831932916,327.57681578892243,406.54368349644693,489.3458318831436,574.7222268735154,661.751560166128,749.2620336078263,838.0484802006729,91.02262351342411,128.60467326433374,203.119407288605,287.2037100908214,374.72447624302737,463.2123141961782,552.7389238339892,642.5462724805919,732.835865622115,822.8654501320938,0.0,90.63479385846165,181.60196920326106,272.49391489071263,363.4456313097648,454.3620952002921,545.1675012092691,636.2144963493758,727.171869842568,817.8333016600342,90.81665331237312,128.36666466800835,202.96140465701978,287.3182645227409,374.59860086301546,463.32737882600077,552.8952602383346,642.6254938882485,732.6040170306685,823.0473661994016,181.57699727553552,203.16132485547618,256.95820299802176,327.5838225737541,406.22571162834504,489.3843188014035,574.7683722009863,661.6373882098701,749.4488045795963,837.800519441404,272.6611875922695,287.4623905802027,327.5010190417829,385.34662546359635,454.43606063087475,530.062271333869,609.7537154791331,692.1630033376455,776.3593546849256,862.2283071497521,363.5869278012511,374.6910486929567,406.44692924031995,454.45952533378335,513.9961381323948,581.9551336783009,655.2692700969493,732.8005721369243,812.9369979939012,894.9907416145167,454.6813030691225,463.6200846866256,489.4247784205202,529.7314610828353,581.9683761219549,642.5856098711239,709.8130188897643,781.8593632661997,857.3696692143528,935.739323308894,545.3425257072537,552.8999192456848,574.6212429912342,609.5058374124261,655.2156549391005,709.9101916911698,771.3432816240761,837.9452677550521,908.8220429159687,983.1561945027713,636.218898423551,642.7617631199507,661.8027367638759,692.2695599171443,732.8435278526554,781.9005328713431,837.9659193241927,899.8447467059042,966.0273347117926,1036.3711254382463
203.25106031901723,181.84753086797863,203.21587547387693,257.1230535861002,327.95428490888787,406.5643829692533,489.5628567328457,575.126808886803,661.6813055412171,749.8154179970952,128.493428217281,91.04489047169072,128.56724392384118,203.23540472830425,287.6229563661527,374.743237443515,463.5653465767467,552.9583482044975,642.993033840029,732.8448901242402,90.63479385846165,0.0,90.96719127726516,181.859149312197,272.81085048712845,363.72733945925296,454.5327300762327,545.5797181295053,636.5371021036899,727.1985466783633,128.46856350342424,90.97073878777124,128.54422321120083,203.38321557072203,287.5467680836373,374.8887497630913,463.74703293992275,553.0616208426774,642.7765492786475,733.045142843957,203.07839911389507,181.8259323468999,203.3268918253199,257.15451789413225,327.70491763757707,406.6631465352828,489.64319012453063,575.0503464558427,661.9129271035822,749.6004596766838,287.47436936593795,272.8707467204983,287.4658294239887,327.67549686517367,385.8611087249427,454.7908641378776,530.2839115808905,609.9375749193763,692.255633230932,776.7989821830491,374.82154249421893,363.6247890095205,374.87234108306103,406.68582737709187,454.522891949539,514.380190890077,582.08641602918,655.6967322132276,733.0333519547343,813.0339395151668,463.75081763539015,454.72210134088346,463.6053266471939,489.38381487575685,530.1738955165214,582.0999183858734,642.8709640120392,710.1152030819994,782.0338413215408,857.6833496066478,552.926713320704,545.4831080752822,552.7798099168,574.8187150074681,609.7064774662505,655.671416564007,710.2097861947399,771.4505537570114,838.1387918295324,909.1803551438325,642.7320411197439,636.410263453092,642.9322609747477,661.9422928305102,692.4407795718726,733.0216463630549,782.0904451415561,838.2685353084115,899.8691925148088,966.4855728639393
