0.0,142.7580311450248,128.30635969243542,133.82584588827677,94.50224834264657,128.09116484360356,136.5385614092806,71.21104486565991,122.60861641919784,114.95481826186011,116.82467114476782,120.88868252678256,142.55457782809577,149.5080291004765,70.93225245611107,95.9134707320982,60.29775319640144,116.83028185263981,84.80388356141376,118.25241207475086,73.14649276387644,97.2693075605727,130.22266559256315,61.53464883407512,135.3245606779416,59.333356260229515,129.1111509767559,51.613857772808345,126.43754004112785,122.40745771698455,85.92110400036331,145.90720683761967,58.31120487755998,91.11881429712786,130.684045136268,60.53056882344985,78.71171015826499,89.42096500771474,82.96525011956697,81.54466159008032,84.17159709151176,87.44832486043512,92.53474138551445,95.25710087499142,55.56177427495546,50.63226045253582,62.77975993029069,56.529556668086734,127.85346444011543,146.2425053731369,400.8681026068038,439.74377350276654,384.07452838738055,445.2125989053991,431.9826125091602,426.3513372472679,375.2437220158592,446.4439435805701,358.74547274432234,374.5273660434958,411.10531191118105,446.57057290620094,386.09974427319065,397.357332384919,399.38920531805235,357.23379777669066,364.8375539012374,364.0567730454984,400.71636494671907,371.7801373140088,366.0676099384645,382.2133457053344,428.0867253500055,435.92838030656725,363.2523907142127,390.54265163040475,356.08717531619436,411.1300645464898,441.2197723488669,350.03941243409355,391.1698779568,401.21580628123866,395.9336465946157,358.0530503372748,361.88447247181097,372.7780148656111,444.9966839230425,438.81680744013534,375.75062768577476,417.2595451933795,430.96808194362916,365.7768746838817,413.5017973246455,420.40974971113565,353.22981484509774,444.6765213740151,369.2931916431031,423.1968162773472,414.9650805578432,411.8838745034674
142.7580311450248,0.0,117.67621462980395,137.73928615751979,371.47640961720083,260.725314107187,311.88177519008485,567.6213227558026,431.74870295007986,490.67277002491403,540.7507197289665,593.9488289656758,683.0799268755331,761.6344860482177,756.1900616316764,776.7056807050013,829.121206117647,897.5995869669728,889.2070975985604,998.2757572200649,946.3439535673419,1028.6693737456626,1183.2303693264005,1017.1826416037632,1298.4971592719398,1063.7751281702253,1357.9714343841963,1089.208087089098,1426.07482311083,1443.4483726406213,1296.4065880506043,1646.027994658594,1216.7165785990019,1404.1113583457507,1658.193062544243,1283.443859707779,1403.2430601146687,1486.4956733448041,1466.321451675414,1474.673666102915,1507.1214707877264,1543.060105912116,1590.2574760212622,1621.0375759339427,1364.5495623747722,1337.860647735365,1426.3470107909504,1388.0309345727344,1888.3406345293602,2020.712711828683,3805.011927770247,4077.132807000536,3684.527644967858,4106.278709049939,4004.6875022054937,3953.3242699089446,3582.0895138318415,4060.395666241009,3430.138902890353,3516.7448263351375,3743.974450726568,3959.979353939834,3511.2455700843957,3554.5691524151725,3531.8221917023484,3206.0122244759787,3216.8520935658144,3168.5283117691883,3369.8987854308402,3127.445772941223,3039.7245072344995,3095.4461012047723,3347.366955265337,3343.381745675509,2804.8216129186176,2925.5693472000776,2640.961357466727,2939.9760656646713,3076.6521497526574,2418.2467885915858,2621.3302997284945,2623.5659381807923,2525.6572830171126,2216.9301589330857,2178.6230405320503,2186.9311046196885,2603.0952450267646,2503.712348560165,2027.876524676687,2248.98587131195,2290.040120447944,1802.6341411769988,2078.8433390475775,2085.278348133019,1588.90232453508,2185.6804745997306,1637.1268648274474,1990.136544364811,1917.6661304133945,1886.9575461642944
128.30635969243542,117.67621462980395,0.0,69.8616500793421,256.0333215035577,170.6115294049225,241.55249743515293,452.15114838248337,334.7009591840641,386.06893967541794,437.9147867139924,493.96332866311946,599.1641128630719,679.5904344888952,638.5141186902889,662.675763717822,711.8587731818601,789.5320904278175,772.5688213771297,888.6155960048148,828.7083102758897,913.1114784425633,1073.0417346449399,899.881681258175,1186.8076593008227,946.8229239546229,1243.4756333833811,973.394068838479,1309.9593678522253,1326.61364317821,1178.842964664012,1529.2821821623675,1101.3998129543877,1286.9110645234334,1540.5201238309778,1169.0823337719848,1287.816782294796,1370.9154307242218,1351.7016200837886,1360.7880188576044,1393.768749875155,1430.2807267877868,1478.042798322054,1509.6184706534796,1256.5443059428883,1231.0657197144467,1319.6874847838847,1282.6764705522398,1782.0704385509302,1915.8232702634211,3701.139159661052,3976.000873333296,3586.327253597383,4011.474430430477,3913.314956848317,3865.6038537299837,3497.634387530037,3980.956712906992,3353.4058381674636,3444.6679160929434,3677.385443495767,3899.1796079244587,3453.6058118071815,3502.4331323744314,3485.0388653215923,3162.498003092102,3179.1664012138226,3136.343370018187,3345.7553214973223,3107.3102253229167,3025.104508009816,3088.1716271901387,3349.7291608741175,3352.7495464546373,2814.6679253753236,2944.399821475553,2662.8571787599753,2973.727395532635,3119.4251013612134,2458.906212947014,2672.9654674672347,2682.6223994803186,2590.6219777859556,2284.358336673819,2252.715257460441,2268.1707097877843,2695.1983809663675,2600.5609079967535,2125.829316404692,2353.8625381560314,2399.2514620117613,1912.8089261005427,2193.3692903292113,2201.76244170428,1705.8989376871928,2303.244555044822,1754.2812856210533,2105.139623364437,2029.9704388176046,1995.5100760877137
133.82584588827677,137.73928615751979,69.8616500793421,0.0,279.7609966024319,122.99027711100084,180.88879764004867,471.2150885235809,294.026047931118,354.1806657359895,403.60109080277533,456.29624274289836,548.2013733764944,627.5940646483334,641.4568119280946,646.4863994163629,720.5190594193866,761.7274354362166,764.7313474897911,863.1900469758182,828.6576829699529,900.6810082359644,1048.3250632421536,907.455851219414,1164.6733922901594,956.5226382572882,1227.4741182134312,987.8690381659428,1298.924122353421,1318.703661918909,1183.0744989796526,1520.73197518044,1117.1183114224937,1294.3104699077421,1541.6088644369756,1187.2726073105587,1302.8004549096213,1385.271657423881,1368.8648289490163,1379.7565643027428,1413.8875674966353,1451.5508404647642,1500.3577878103558,1533.3595987636743,1286.0909558164176,1262.2984166904168,1350.9115996052255,1315.6036709734717,1813.1203077562516,1948.4227174181724,3734.025314169042,4011.733905974465,3624.952842980554,4052.906469613,3957.419347784576,3912.2741501398386,3546.4802447021802,4032.5880553559655,3406.604927112971,3500.094204616243,3735.129383287346,3959.0889709959856,3514.6784129505536,3565.203810720409,3549.267665069506,3227.571829510925,3245.4837624248066,3203.657261747687,3414.193763616976,3176.2080104399192,3094.4741565835434,3157.9196737797033,3419.573002114437,3422.379152101794,2884.2549164604347,3013.3272684486005,2731.440324427694,3040.6373409252824,3184.539527918111,2524.3970927133128,2735.7620863775933,2743.127094473581,2648.9934120787884,2341.7033626238035,2307.166967664144,2319.0199886971377,2739.287765064495,2640.9751192190843,2165.287110051466,2386.5668492444165,2426.493269113327,1938.7057727787333,2211.049989586385,2213.5171406188256,1715.567107946181,2302.368773083449,1750.3516995576238,2092.882591438212,2011.803923717758,1971.3232080434282
94.50224834264657,371.47640961720083,256.0333215035577,279.7609966024319,0.0,240.1476977135935,311.060731376481,196.21308120393448,274.0489945621829,271.3898574627366,319.24561986874204,377.88508823139165,528.8573036972905,606.6801238936546,393.88247097886665,455.9765805519739,460.0030902254615,610.1462370143101,542.9255518234058,698.2442328809753,585.334951901919,689.7612164083683,876.0953802637927,647.8871577583215,981.2265806027549,693.221188785068,1023.1236803873416,717.7444725257632,1079.454675052286,1090.7727084897756,928.6572826907809,1293.470847044753,845.4673550921225,1034.0705896065224,1292.3966274346933,913.0808509483811,1031.9369578430196,1115.1170531290845,1095.6692922134685,1104.8929504732462,1138.0886643436033,1174.915129428447,1223.0513029926262,1255.260372273018,1006.3352429071685,982.6206454351636,1071.2193497048088,1036.2430873181308,1533.3793984981219,1668.8564092173208,3454.414544542429,3732.8763509549235,3347.632665618274,3777.729190689065,3685.1207511672155,3643.5223558071307,3281.5773641475375,3773.185385801393,3151.4536244540104,3251.1950391034547,3493.838559627388,3726.3221850601203,3287.8745410427464,3347.4608131410187,3340.8316470970844,3025.960160143319,3054.5033575248426,3023.221366549384,3248.5691449364504,3019.5412266605504,2949.404808847281,3027.8306157591237,3308.921735852054,3327.1151696648794,2792.7990260725055,2941.432168398879,2668.339360980401,3003.6180002176443,3168.8333174227796,2507.429822492283,2744.7674158354384,2771.2997389651896,2693.422470473196,2394.767218584836,2378.772795662938,2410.942105644203,2862.578222114177,2780.3631243056843,2310.2588128209327,2555.7990390958134,2613.5064358176282,2131.1424828628074,2425.327816532033,2441.874474966993,1949.197594380491,2554.994815707852,2007.9827078794494,2361.0833845706384,2285.6083994258374,2249.0186592466034
128.09116484360356,260.725314107187,170.6115294049225,122.99027711100084,240.1476977135935,0.0,83.35059722985906,407.09176852016446,171.13258723341534,233.893757633194,281.85117834095826,333.53279152125606,428.9069500312987,509.1467622128516,549.0346342405699,534.0304543636154,634.2598510447633,641.3851878500114,658.8280928763522,743.7447944479723,730.4245224748893,789.8191272918504,928.9180364939459,817.6892928473807,1046.4388224585057,869.087627370328,1112.9576104575135,906.6354943972068,1188.0142727813995,1210.3894427006894,1087.5715027643141,1411.477257878984,1036.6970439799456,1202.1018507451872,1441.5059705655283,1109.9601841587871,1220.358309080865,1301.626708100628,1289.1730076369656,1302.6102009210858,1338.284542630095,1377.5106262640122,1427.7087180353426,1462.78376739529,1226.1613217752551,1205.4430020908974,1293.5357541971816,1261.4563219124527,1753.6346377802777,1891.2901779896717,3675.086828344913,3957.746825275186,3576.703895597285,4009.9721811918907,3920.168248142253,3880.7503698325027,3520.316080719405,4012.9844508791853,3391.583469207867,3491.160774686288,3732.919535383515,3963.7473119029455,3523.697310124917,3580.54901418674,3570.650209351718,3253.0088566138297,3277.090803051221,3240.989978976924,3459.2087134998833,3225.384009681161,3148.9069904373055,3218.87783241377,3488.5404486752623,3497.106551453506,2959.9010803310407,3095.8021175382664,2816.476346298125,3133.8154984593443,3283.590031671655,2622.504011618851,2840.4219547788675,2851.922607771339,2760.8540904964816,2454.8342846909563,2423.261116735662,2437.854570919065,2861.210627859121,2763.6810863893347,2288.098635046272,2509.3605649994474,2548.2670976204713,2060.1887897863617,2329.2713744612433,2328.46065392407,1829.5159474388065,2407.739626965996,1853.5211265311395,2187.000063262076,2098.9685729965704,2050.494246481778
136.5385614092806,311.88177519008485,241.55249743515293,180.88879764004867,311.060731376481,83.35059722985906,0.0,459.3854051090009,150.6885842913966,224.99788356996388,262.95625055970805,304.5738253755536,372.03625505982814,449.93432670947954,575.0116431218217,533.4831154679781,664.7814351263303,620.2987053845452,666.8117912671246,724.625667430291,747.334160708733,788.7547125948081,908.710702043681,842.7194149191309,1028.8869407134257,895.9110619580313,1103.3353907125793,938.7271360420909,1184.503526470095,1210.846472165308,1104.7764540512978,1409.8329134570254,1068.6161705685674,1222.2280810596308,1452.0571230475243,1144.0538189783024,1249.6211905374437,1329.5021655001412,1320.5114648573767,1335.9972930788324,1372.7797098036665,1413.0992521376224,1464.2087958150182,1500.742440081154,1272.3359470930243,1253.6602721662705,1341.097600484617,1311.1319218420306,1798.6317156080545,1937.5575454959155,3718.602666905167,4004.3248089478366,3626.925672266919,4063.0599322872727,3976.3584410991543,3939.8648048571786,3582.123153693232,4077.561988758934,3458.2814263576893,3560.210372030393,3804.3332277597306,4037.3793977780097,3598.746860376363,3657.340565345477,3648.9387017524546,3332.252740235005,3357.539895937574,3322.3906094483546,3541.5870731163964,3308.177754327789,3232.0589496042962,3302.2237059343906,3571.7246634791177,3579.861453667115,3042.536430844252,3177.472426618888,2897.632831622729,3212.8733982323242,3360.4721596808854,2699.7294366985498,2914.484673686312,2923.3167588285496,2829.7871938413705,2522.585995430415,2487.7579807958896,2498.3291236914024,2914.02340581768,2812.4275464056404,2336.0720813233334,2549.7120124252087,2582.523852061833,2093.6034660461123,2353.194176916837,2345.7768476417386,1845.6945816531359,2410.6360393041628,1854.452972127894,2177.344327408664,2082.678764995395,2027.2456148973893
71.21104486565991,567.6213227558026,452.15114838248337,471.2150885235809,196.21308120393448,407.09176852016446,459.3854051090009,0.0,362.1691609401628,316.569871931763,341.5885756882624,384.6627006924171,546.878862483191,612.4778779791885,219.21792413139707,338.14073641495014,269.51109555741294,510.62898149528496,384.07411793299093,580.0163864368086,405.33148429642614,532.970690081704,743.1508469531666,455.6445227789167,836.5387064628563,498.97014997359065,862.3982520353965,521.5989000502137,907.6286412861798,913.4208404657402,737.3999141841322,1114.9827610116474,649.2654994207303,840.0613710343101,1102.3197250122896,717.3063112081302,835.7247775612551,918.9083919899105,899.6928800152991,909.402873716094,943.0488238632945,980.4264171681958,1029.143228991752,1062.2770969500884,819.5996143680742,798.3945486685404,886.560112691077,854.4035889666919,1347.2168149174558,1484.440622416822,3268.8511968444523,3550.7172896750453,3169.919611166152,3604.39121433515,3516.976170757899,3481.0020356610494,3124.9724281707113,3623.36847399445,3007.811726602236,3114.903328467404,3365.7589106717323,3607.014455048562,3175.6933829718373,3244.322127569715,3246.8332545275052,2939.495503026241,2977.892905978567,2956.329524187915,3193.853101020981,2973.429700790063,2913.366041138013,3003.683567767273,3298.9330758162328,3328.8476346438247,2799.9752510449807,2962.28078771778,2697.101329091818,3048.835928096686,3227.7199415381187,2569.0426657254475,2821.790203405483,2860.1810602269024,2792.5643132485347,2500.6841681908804,2495.3944354271043,2538.574773442576,3004.90875183749,2931.043118123983,2465.2379525080432,2721.108974095172,2786.3493709976733,2307.3027920897357,2609.0416489170275,2630.2604895146937,2139.6756950767785,2749.612823700754,2203.55370312331,2557.271991626619,2481.027167007691,2442.5129434421897
122.60861641919784,431.74870295007986,334.7009591840641,294.026047931118,274.0489945621829,171.13258723341534,150.6885842913966,362.1691609401628,0.0,75.17557003570711,113.72100543901364,162.463901333916,272.7534047057988,353.76453893048813,438.06809853801917,383.13496390302834,530.7049372067437,473.79631676459803,518.1265324366886,577.3667565457949,602.2369606543316,638.1262963763371,762.1800118031989,702.3306354399682,881.2831755579797,756.5825569156796,953.3991479543419,803.6260467943572,1033.855401180359,1060.2127937398784,958.6846222084104,1259.1462968276905,932.6748039120118,1077.4093541905622,1303.031432849122,1009.7781197145018,1110.8070473223097,1189.425506525362,1183.1893304857567,1200.4096325326307,1238.0981801896105,1279.3349923149892,1331.1897270550012,1369.0867749710326,1151.1173320582525,1135.3374782130368,1221.4403893582762,1194.6182129833173,1674.2031070582211,1814.4459498038009,3590.5321149161155,3879.7556334983933,3507.328035627258,3947.3956856598193,3865.6781064291717,3834.337669484232,3482.035959022329,3983.028908067403,3369.1565732825175,3477.022845736711,3727.6841665505,3967.674742597568,3534.4736398292057,3599.989855527763,3598.474104252696,3287.0999826166626,3319.6412887506985,3291.5060086160915,3519.8660811281243,3292.2093984295266,3223.0954278305935,3301.870635632691,3582.0890868046727,3598.564465958998,3063.434219237712,3208.4422908031434,2933.042667304291,3261.087652227151,3418.8304739179835,2757.1487290051327,2983.8218468585014,3001.0658547273674,2914.3611039321213,2610.3255336174752,2582.9661202911134,2601.541920733978,3029.704034250462,2933.683336887547,2458.3629439657066,2680.492371334018,2718.8163576871357,2230.5323507443627,2496.5589463000733,2492.3585700518815,1992.640969522098,2561.009327866169,2004.9789732939569,2327.553942144151,2231.516133499726,2173.626999830629
114.95481826186011,490.67277002491403,386.06893967541794,354.1806657359895,271.3898574627366,233.893757633194,224.99788356996388,316.569871931763,75.17557003570711,0.0,53.113555005110754,112.61397542084804,257.5798107714419,335.38945767650705,367.2316974198815,308.48981035593147,460.78546863415824,407.68462251489564,442.9509762685021,509.851068149992,527.6712284522104,563.9652319132422,695.0248210879759,629.2387540647578,812.7350428370578,683.8183583353675,881.7069856164144,732.4645814113842,960.4719782627154,986.0331423013703,883.7716421633068,1185.429136476775,860.996466383277,1002.747264943458,1227.8892138221695,938.6644216988334,1037.9268856522501,1116.0837972995325,1110.7899557401222,1128.6288379712043,1166.628603637914,1208.1820215076007,1260.283914919685,1298.6776474387248,1085.2910840318186,1070.8253992869763,1156.1823268487208,1130.8016729647043,1606.449637915823,1747.1360135079349,3520.8298566002873,3811.3161159791252,3440.857539101353,3882.4107283712265,3802.7303866732163,3773.5384398817046,3423.6436448745008,3926.8926897814436,3315.595211857477,3426.065295309375,3679.5723551456545,3922.6310207882825,3492.1134874981694,3560.8138472291703,3562.5265014509678,3253.847818188012,3289.8233165159086,3265.0726458204513,3497.705681461908,3273.0043829446877,3207.37069082794,3290.3233909040373,3575.657799315216,3596.2895664524217,3062.6713426545352,3212.6334515105123,2939.728951937412,3274.032149008725,3436.9037203996995,2775.280010098713,3007.9441476979073,3029.6040044971123,2946.5934728285715,2644.5058819302935,2621.1811174654767,2644.0978542676858,3078.9727620150366,2986.215941958543,2511.7477030630735,2738.8105636268565,2780.570898289229,2292.875613068804,2563.1477678641995,2561.3959457869955,2062.0690555696046,2633.9366306221923,2078.2351733676774,2402.298723142214,2306.6486577909095,2248.727870148653
116.82467114476782,540.7507197289665,437.9147867139924,403.60109080277533,319.24561986874204,281.85117834095826,262.95625055970805,341.5885756882624,113.72100543901364,53.113555005110754,0.0,59.96497666945534,213.4707872509172,288.5729785041749,359.48316164763673,276.1400643725209,453.8938942222378,360.3365323180147,415.5976201089634,463.7012385767803,506.51359734960715,528.465187459144,648.598107253979,613.4184002821219,767.5657015697569,668.7475635161571,840.3797184295335,721.2588968764892,922.3611043231658,950.1579630487348,859.309285399493,1148.0774657667982,848.1953052823471,979.7728072298042,1197.6639101203261,926.9740512371548,1021.6407853520425,1098.2979474234496,1095.7038962694983,1115.0589784521005,1153.7305816672183,1195.9374733998432,1248.5085268539196,1287.8915437321182,1082.764229424387,1070.2473473450539,1154.365450200936,1131.0739547513977,1600.1961118384697,1741.4937592154608,3510.420812714977,3803.112430588355,3435.882377301755,3879.536095097721,3802.6333875271216,3776.1415454338216,3429.1220239508416,3934.7302368613537,3326.1965297161328,3439.15042188063,3695.189261012485,3940.8305121302615,3512.5760429860657,3583.7127298408636,3587.7767184716286,3281.0347049376237,3319.264217657124,3296.629365002923,3531.7210981829394,3308.6987918570985,3244.9040776124075,3329.8968726927624,3617.512342968158,3639.878777887903,3106.9326892536874,3258.6995504284055,2986.6781750012365,3322.8484035490587,3487.036383336063,2825.4807057586168,3059.3818020994363,3081.7613027174298,2999.2116563573204,2697.3167466368736,2674.2373573102736,2697.2000001000592,3131.6364337203013,3038.388486400504,2563.743139946896,2789.53334342882,2829.9805094898434,2341.9984640936946,2609.822522158286,2606.067330184891,2106.361519036622,2673.5218121967973,2117.1986321524646,2436.7740516976855,2338.158994457549,2276.8840739703132
120.88868252678256,593.9488289656758,493.96332866311946,456.29624274289836,377.88508823139165,333.53279152125606,304.5738253755536,384.6627006924171,162.463901333916,112.61397542084804,59.96497666945534,0.0,162.4849394724754,233.20420599877204,370.7730493414654,258.8127677428,464.2829095409207,316.15333327424594,401.66058088288895,420.7979232256744,499.2513828268844,501.73131167245526,604.3229735380747,611.5732726485986,725.0005569259989,667.3519327903962,803.5261283119551,724.0444949110541,889.9454166873276,920.7942054879718,845.3100555917023,1116.2423235501926,848.4295424139802,967.1953844734005,1175.2977117669418,928.1711159808361,1017.0869305311369,1091.720948456754,1092.3592887485431,1113.4512254160668,1152.810597397016,1195.6788784072646,1248.6786801139742,1289.1273398719707,1093.8376144177053,1083.500551305439,1166.0360111336008,1145.0942563213323,1606.1091632236953,1747.9281659309231,3510.444030492389,3805.5931751426156,3442.1222162901227,3888.023640822331,3814.2275627750914,3790.7118541026025,3446.9036700310335,3954.933089664729,3349.479267860269,3465.0143791611204,3723.6287213958126,3971.8794982265085,3545.99969479817,3619.5629401810934,3625.949327111418,3321.1475613133666,3361.533053139254,3340.899172157411,3578.2377504581436,3356.768062075339,3294.6182351127422,3381.3746365172615,3670.8873048706027,3694.6568070329777,3162.2673861580793,3315.384686729752,3044.004096746893,3381.391103373681,3546.3179635574934,2884.8041453147234,3119.21079219146,3141.724950519989,3059.113860491002,2757.1126975813936,2733.663186867622,2755.969518397799,3188.78066352944,3094.402058654738,2619.412895357218,2842.8560571869602,2881.1523361219292,2392.7818811686416,2656.926866536537,2650.3498747713925,2150.2508895123015,2710.977976130187,2154.039406150431,2467.7848034144645,2365.5283933693686,2300.1842172081792
142.55457782809577,683.0799268755331,599.1641128630719,548.2013733764944,528.8573036972905,428.9069500312987,372.03625505982814,546.878862483191,272.7534047057988,257.5798107714419,213.4707872509172,162.4849394724754,0.0,81.08243275018663,509.24501137165066,361.67498619674853,598.7841580661807,337.5161383358855,498.2844105008131,435.0944593078813,604.1255521860364,562.321441032451,601.4274574497257,723.0280534581325,724.4658927171786,778.3629163413003,821.7286548282368,841.4548025877161,920.774682994349,960.3881420131277,926.749943257035,1145.188858880782,959.4261822481832,1049.993228868526,1231.0875152794965,1039.987335332115,1116.70372265698,1186.3382084243183,1193.6925551885931,1218.081173451441,1258.475311272232,1302.3165997221345,1355.7855669368428,1398.0446425936063,1221.3636702264462,1214.5210597626951,1294.1061104780188,1276.9593857979805,1722.3332656892317,1864.6392828223343,3611.5806978811083,3911.5395065136763,3555.767416049245,4005.5874976138894,3937.471767232584,3919.102170124149,3580.7108763634606,4092.2368259071204,3491.5103203408166,3610.483329468694,3872.2626931502496,4123.495213246585,3700.2133178129843,3776.056449873762,3784.357816441252,3480.949656458402,3522.560348970693,3502.7667132993724,3740.6396955336904,3519.2459995514064,3456.8546477328764,3542.9057724422246,3830.98282842149,3853.0671428868673,3319.82676134981,3470.2095678526903,3197.1202363939356,3529.8228319324753,3690.0996035132657,3028.396092083876,3256.4918734481457,3273.645877093623,3186.084216518837,2881.342513191298,2851.722480550348,2866.652847446049,3285.952499996991,3184.261390182658,2707.7991677912464,2917.9956897910465,2945.7186081207606,2456.489323017549,2704.130929956216,2686.3352819627767,2186.0982792397776,2722.0610560169803,2164.638743827245,2458.3515542998216,2345.1895567979454,2268.050736756369
149.5080291004765,761.6344860482177,679.5904344888952,627.5940646483334,606.6801238936546,509.1467622128516,449.93432670947954,612.4778779791885,353.76453893048813,335.38945767650705,288.5729785041749,233.20420599877204,81.08243275018663,0.0,551.9292495498454,389.9389557108625,637.1268662745391,327.39647375802934,516.8972349895822,414.7036772268001,624.3071038134884,559.9118635065365,566.6672403755981,744.8445159298857,688.2818880520929,799.1314503266982,792.8128779665451,865.4301032923729,896.6826479978064,940.1611821236696,928.6970907295515,1118.195811212675,978.2530427077348,1051.5248903770798,1216.8389388786431,1058.6822742026095,1127.401862489509,1193.6282921330446,1204.9252195953375,1231.1753793076011,1271.9865278140753,1316.2091996236127,1369.7211903490079,1412.935297341156,1249.425417595563,1245.1223793135696,1322.241026686376,1307.9193867153922,1740.9010159871864,1883.1929827016893,3617.929364756026,3920.764892789373,3570.2726510057587,4022.530640552327,3958.480633749839,3943.940005892025,3609.9336096311827,4124.111566609661,3527.7250364908077,3649.823659826424,3914.6414453591788,4168.998419371573,3748.874574125288,3827.6746633352222,3838.830977831948,3537.913282482467,3582.133015720682,3564.775404439204,3805.3278403101363,3585.8539602504025,3525.4585106789314,3613.633228478664,3904.001449891174,3927.791624867961,3395.211481536321,3547.235172488928,3274.9044734692634,3609.1154149469185,3770.3120800066854,3108.614360205846,3337.372528205942,3354.720964170718,3267.117169560802,2962.284598226474,2932.2815509014927,2946.4882744940574,3363.7880016770687,3260.7880409531504,2784.162301789879,2991.4596059526857,3016.575478425906,2527.3749203149255,2770.303041427793,2749.0765842463866,2249.2476319679417,2776.222744915735,2219.2478976241246,2504.84865741594,2387.2865820132192,2305.0717340311335
70.93225245611107,756.1900616316764,638.5141186902889,641.4568119280946,393.88247097886665,549.0346342405699,575.0116431218217,219.21792413139707,438.06809853801917,367.2316974198815,359.48316164763673,370.7730493414654,509.24501137165066,551.9292495498454,0.0,178.66545137589063,94.41232913180909,343.36724202547833,168.29439192965415,388.28208391266077,191.47540179459156,315.63427727278224,535.2074031383389,268.75855591799655,621.5725126752876,321.0709962239268,643.2749234182667,365.5589085660754,689.6905512788699,697.9713769982633,541.6474829669448,900.3843197157782,494.7345023926206,653.6937143140764,902.0219219457867,571.7264477303928,674.616011678008,754.6194023290625,745.9053109156067,762.4686624244873,800.0409882134227,841.2860027663277,893.2241619668295,931.4556943185167,723.9680265166296,712.8356982009785,795.8983822714929,774.3387217617577,1240.893339660368,1382.0809863297825,3153.6368557944843,3444.7312453576924,3076.430406497196,3520.1903141091516,3444.3822288636948,3419.9941207147167,3076.4605211051758,3585.509707876023,2982.6383864984227,3101.2610806572798,3363.8423188672505,3617.1337296323763,3197.3240474553536,3277.8149719956164,3292.0379189645837,2995.2859235738692,3045.1624634652394,3034.695630768009,3284.40789216793,3073.7374135843356,3023.904592087357,3125.1163675435964,3432.108128437892,3471.9109006327917,2949.0781481792887,3121.448136427667,2862.8652859020403,3224.9715760524273,3412.192748743007,2756.48614770706,3017.250255015146,3061.4979657306308,2998.545655518806,2709.703477513362,2708.1238465987417,2754.3538783956037,3223.3283008860467,3150.195100902687,2684.4398977518326,2939.336036685615,3002.5702380544267,2522.073591109809,2819.055763664612,2835.3633576502075,2341.79915154844,2941.354933264586,2390.95608507118,2733.355260551549,2647.8154809792813,2598.833739536207
95.9134707320982,776.7056807050013,662.675763717822,646.4863994163629,455.9765805519739,534.0304543636154,533.4831154679781,338.14073641495014,383.13496390302834,308.48981035593147,276.1400643725209,258.8127677428,361.67498619674853,389.9389557108625,178.66545137589063,0.0,251.58811321081873,173.99122765622207,143.01274265407494,245.1079672793499,244.39032129063986,256.09019400353446,420.118800000083,361.77106513749936,527.2871509757097,417.3354764623458,581.3146026072566,479.7806963631335,654.0110240956661,677.8422806174607,586.554143076162,877.9861017717099,598.7732557672953,708.3839220233435,921.531656218272,679.2411396657335,761.5278329324694,834.6411728186885,837.6236371503359,860.3061895599873,900.2672080075895,943.7292167623629,997.0578957143125,1038.6385831747868,860.933067150822,855.5967542046667,933.7430186852811,918.3187658411533,1361.1134471757944,1503.3797457488174,3256.8012910062635,3554.2810224132677,3195.5164094758884,3644.453358638808,3575.7968602215565,3557.899690786657,3221.2664682875798,3734.5602593770145,3137.855596889195,3260.6916018698425,3527.0110997617317,3783.784252147415,3367.330403488161,3450.4457610251015,3466.8461590697866,3171.7643950454903,3222.8490038742875,3213.10986823462,3463.072878572317,3252.1645426406444,3201.6230547997557,3301.5552051475784,3606.512035036981,3643.9012760260093,3119.101276287732,3287.850027591551,3026.2703707963765,3382.8887336972307,3564.5074937223258,2906.406842003317,3159.9222225140975,3197.517843729542,3128.0683633952617,2834.2410891159197,2824.953696005656,2862.4615362947443,3318.208381045442,3236.2356233478304,2765.6661880494084,3007.352342345331,3059.2420527178824,2574.0120166095267,2855.53003898004,2860.0012323669002,2361.933914579553,2940.782174387151,2385.6416591586394,2710.688094249946,2613.7992807419955,2553.006405091115
60.29775319640144,829.121206117647,711.8587731818601,720.5190594193866,460.0030902254615,634.2598510447633,664.7814351263303,269.51109555741294,530.7049372067437,460.78546863415824,453.8938942222378,464.2829095409207,598.7841580661807,637.1268662745391,94.41232913180909,251.58811321081873,0.0,397.4800038777886,182.9168835286705,420.95861096617784,148.13214815647243,309.31555088957674,542.8689584526339,188.07644797711637,613.7583558243398,236.01674811659313,616.9247991491334,273.9534623584573,648.6594222596658,649.2812913258676,468.77313383149885,849.2299388493251,403.85387501422065,575.0617128631258,833.1833932666938,479.6201213302487,586.2014764198781,667.3742400312519,655.9736082442448,671.247695422835,708.2701652635847,749.0441259511367,800.6626005642923,838.3822342730177,629.8147427635789,619.2741434992167,701.8642343391367,681.0250271675862,1146.5733360117597,1287.7105310564905,3060.1222966510513,3350.701686727549,2982.038456108023,3425.8025180823493,3350.2841621779107,3326.488318534162,2983.9815632423692,3493.982508109103,2892.854515354947,3013.1224339572177,3277.547438616255,3532.9827190515016,3115.7997069969115,3198.9789775283843,3216.147749290378,2922.5390379911305,2975.7647820536663,2968.8415728416326,3222.487132672891,3015.608592542715,2969.8418424355646,3075.5128482960044,3387.51162701736,3432.116086706143,2912.9880754047895,3090.7409485325175,2836.416851115458,3204.8557015661495,3397.9615798208847,2745.27794764316,3012.5898446018145,3062.540133179058,3004.8936523090324,2720.222153506368,2724.22270841112,2776.2985145939065,3252.990292892078,3185.0710932985507,2722.5697508924513,2984.079353762267,3052.7858373430236,2575.102521157146,2878.4596399937086,2899.5238432734595,2408.287704005025,3014.4764965982745,2466.1400073902923,2813.359092994802,2730.879449706501,2684.71808930554
116.83028185263981,897.5995869669728,789.5320904278175,761.7274354362166,610.1462370143101,641.3851878500114,620.2987053845452,510.62898149528496,473.79631676459803,407.68462251489564,360.3365323180147,316.15333327424594,337.5161383358855,327.39647375802934,343.36724202547833,173.99122765622207,397.4800038777886,0.0,228.50307953277667,104.84084399397251,329.6054797301537,233.33150195995515,288.49742720521994,447.5375809703961,408.85648054465184,497.68137816878294,491.99157407656116,568.7536242910178,585.8359199799991,623.4641652527202,602.5590256398912,811.5456843491457,669.4510726401701,724.9939684709906,893.8784279632694,748.6334866104886,806.7043699494855,869.8475005293612,884.3910316245017,912.4250653901751,953.4979805244537,997.9425546211426,1051.28354155935,1095.3862032676604,954.2630839294503,955.5951134324696,1026.3909411347145,1018.3750826326061,1426.6545799450143,1568.5379160748985,3292.0701859275378,3596.2537885525226,3249.6276288637523,3703.9713766470413,3644.461609739454,3635.0773896554892,3308.4019766788433,3826.92271910813,3240.2349361482457,3369.4954651979187,3641.7323918216507,3904.517509214326,3494.985932955395,3583.7514263622074,3605.5799142186984,3315.656878173941,3371.362969681082,3365.8976658299966,3619.95821258528,3412.4476144697264,3365.018364886818,3467.8407871736626,3775.4743794727246,3814.8202255949413,3291.0719764074056,3461.056918533279,3200.004582964739,3556.863479001228,3738.0113594063796,3079.6087799930337,3331.574217049235,3367.271574076696,3295.641124305779,3000.0757123332874,2987.6072858431203,3021.088282807477,3469.623234904315,3382.761714336805,2910.009418195507,3143.227038969931,3187.6011876592784,2700.2046393419787,2970.143232259308,2965.767775754534,2465.8329613372466,3026.157371780273,2468.983832575167,2777.636497505335,2670.7205257470905,2598.9312789243786
84.80388356141376,889.2070975985604,772.5688213771297,764.7313474897911,542.9255518234058,658.8280928763522,666.8117912671246,384.07411793299093,518.1265324366886,442.9509762685021,415.5976201089634,401.66058088288895,498.2844105008131,516.8972349895822,168.29439192965415,143.01274265407494,182.9168835286705,228.50307953277667,0.0,238.32757412678657,107.46882501077208,149.07213917655213,368.46710078587284,228.17774985253106,453.45981281557124,282.2342923356528,481.2016254055456,349.38780692349405,538.1037804224144,554.3381234692266,444.2238118815676,756.8273063985744,461.9845378699438,565.6533408905481,785.2505804418935,542.538334769186,619.8614736960118,692.0836054713328,696.3786763768499,720.0323001783266,760.3149769334754,804.0853843623474,857.5384956270323,899.7641610046057,735.0212636100335,733.4139847261987,807.6970252901843,796.3465603151046,1225.113122787482,1367.4463953038924,3115.4260743345785,3413.9500543447093,3057.553330228523,3507.9462118655306,3441.984453400827,3427.0885005867794,3094.5332399824647,3610.4268080500456,3019.000698942017,3145.8276687783887,3416.220879759186,3677.5305512954765,3266.840580384296,3355.2532106236154,3377.29922887561,3088.2318072174617,3145.3082801013975,3141.7821859729534,3398.395066230796,3193.8986615875174,3150.040525867796,3257.161718750156,3570.107673366211,3615.0317464742147,3095.756083287597,3272.7593441567496,3017.380125083465,3383.6532968487913,3574.0489168998884,2919.639452048379,3182.847263807244,3228.5761151417787,3166.4762403785694,2877.949046339225,2876.3210284536412,2921.8751596113493,3388.846726095583,3313.703375692819,2846.5366288317086,3097.383242428248,3156.4316096160655,2673.7890480831247,2963.9703208498277,2974.326600229222,2478.065515881467,3065.9061777042275,2512.2335940377707,2843.198467253472,2749.4018281248746,2691.3126611107255
118.25241207475086,998.2757572200649,888.6155960048148,863.1900469758182,698.2442328809753,743.7447944479723,724.625667430291,580.0163864368086,577.3667565457949,509.851068149992,463.7012385767803,420.7979232256744,435.0944593078813,414.7036772268001,388.28208391266077,245.1079672793499,420.95861096617784,104.84084399397251,238.32757412678657,0.0,318.4325654803626,175.0514388528474,185.18303425252626,424.8345472440576,304.2728346399869,468.3539393337479,388.6160294086895,541.3407484056689,485.68126411686086,526.3833161946125,533.079629567493,710.3571136205176,627.1385458266932,652.8353500294655,802.2225255497282,703.4893216698734,746.9859377074814,804.0663847968494,824.2231076087531,854.6551602973118,895.760443210875,940.1773834024192,992.9303714750683,1037.9276167411613,920.1534599267654,925.913977914549,990.8890427483965,987.9028631014996,1371.4957314342373,1512.434552677482,3217.771278949531,3524.7055707689833,3184.150776906225,3640.826876006785,3586.195800845815,3581.5889736870618,3261.1680130132495,3782.497325899085,3203.0232318810536,3336.6850667032795,3613.0549733670455,3880.32571955274,3476.8978674827654,3570.5895055127303,3597.5277595954385,3313.0879424106593,3373.7681291271238,3373.333897520558,3632.4596391436603,3429.91165273237,3387.4059420169783,3495.3104232448813,3808.404359011674,3852.799682369884,3332.6603118036774,3507.857471803295,3250.564948071119,3613.2270378094504,3799.4570428047637,3142.8785681672034,3400.1888522856775,3440.130319517541,3372.1433781914848,3078.961116213563,3070.061429131421,3107.156265299828,3560.661089101678,3476.397660887647,3004.6040423013255,3241.1272596410486,3287.7074555990534,2800.767500752282,3072.97315069352,3069.6857815891585,2569.8668942350473,3130.9975258830523,2573.818502776022,2881.777808047492,2773.9748186707634,2700.8279862357513
73.14649276387644,946.3439535673419,828.7083102758897,828.6576829699529,585.334951901919,730.4245224748893,747.334160708733,405.33148429642614,602.2369606543316,527.6712284522104,506.51359734960715,499.2513828268844,604.1255521860364,624.3071038134884,191.47540179459156,244.39032129063986,148.13214815647243,329.6054797301537,107.46882501077208,318.4325654803626,0.0,172.96650419901783,408.82371124568465,120.7402336460743,469.60728923600516,174.88630065983904,468.79274600208646,242.14651886213358,503.48126434656314,508.13306191713417,357.6771457805028,710.006721021342,355.3338279956678,475.20090884128496,712.9603205973877,435.90617015525686,517.9506528583813,592.6660194101512,593.6252941856227,615.9402769137243,655.8770089749977,699.3534902005168,752.6995714421473,794.4227482162578,628.0821991195031,627.3326691587117,700.6842014412479,690.2343061098207,1118.4158955737475,1260.744267039619,3012.654608056371,3309.8908392313538,2951.7648384189206,3401.5275951882004,3334.8585805241605,3319.646856450966,2987.181280378516,3503.3378537933377,2912.888766857248,3040.688950959911,3312.2310491087533,3574.991658924654,3166.508805868557,3257.048056774361,3281.547112128438,2995.3969656035774,3055.3908273082866,3055.0626010469014,3315.0788205777444,3114.270999848496,3074.2838593643833,3185.572213568803,3503.1351957897205,3552.734845330715,3037.47891016474,3219.7111754431476,2968.78718915658,3341.2646389199253,3537.6386337902713,2886.6584854960374,3156.5769675436777,3208.3213318021503,3151.904291473935,2867.902878711079,2872.3249372067044,2924.3063011370987,3400.0290934795844,3330.836713171818,2867.2346236307703,3125.9594529049655,3191.60417948573,2712.014087047478,3010.3509049229683,3026.792852259373,2533.009614705666,3130.4346635416614,2579.002131856579,2917.3735157805227,2828.1588146164604,2774.5759342612982
