0.0,80.5108036404364,129.93347092997084,62.21358491197507,73.57268754280608,100.14468286766053,80.26889943051835,87.16238115056719,65.66098354126208,103.47758409264479,117.00476940538584,139.5628317547441,76.44677537723005,77.45854850408386,72.204404989463,68.57724389525151,54.27144656068087,58.617838938844535,145.7450772474454,79.01791834268445,124.45058228872546,104.2378448459828,86.43338195279206,80.44608330539762,129.09453296598133,78.42168159881041,132.11173724589094,78.26137997158055,108.24199015479391,130.81042753772135,116.02598219383229,111.26724494948733,63.71385299112408,83.99718210830125,136.19434001543112,113.98267330785586,79.38194854885914,52.56313627494503,133.4628696131314,108.72044738000925,50.20538882336966,103.26469330857621,52.643407580037746,141.70033221256148,63.38730345140122,126.23971575910373,85.88270244871755,85.66162343466566,106.88056164209559,133.15320177715597,357.5856894916589,406.8980958221347,375.7064790010316,403.24795610955357,411.05745402496643,391.0504537022596,356.8016503444437,353.82019823965567,381.5267120391428,423.55528236576083,356.9706628991719,359.2018489222249,411.9399601134195,439.7242430131135,419.06047242809535,355.4180593060126,371.9587813337178,382.18963299329675,363.8433497678914,374.33502148134585,413.38663064955153,392.74408983740005,433.1772089944647,412.3051536891021,382.8556292079185,378.7758251632095,438.8230367804543,427.87375021929836,368.0677312896468,447.9742363834647,416.01759296434574,362.9022601257035,350.6535000320696,403.9187015824268,368.11196446163507,378.6244223731678,422.0925119008601,350.10888883999905,435.8609581195599,422.25862390441,393.0523061292469,356.00646148894157,408.45263357306396,444.80733452210444,432.3120220960187,404.9298784818181,428.26279110695003,444.9585748843741,375.7812628777899,386.0340645761213
80.5108036404364,0.0,348.92897063671717,142.66658383589652,113.35341599932262,210.27178304753411,177.8317836299023,226.78287275050457,247.1762401443029,358.94445804895327,460.2275074816165,620.7240582948677,376.728241316491,411.4573243794903,431.894709097385,454.83852658515553,462.12377032078524,492.080440978787,902.9812550472692,603.7981741636833,852.1105164408522,778.3497741931164,723.1210246287769,724.2277315109695,1010.6068820111645,767.8047555127541,1090.585954954091,816.4990085114104,1006.607930623975,1169.382691293875,1105.0795542287276,1100.6324131749773,843.0591992096157,978.590923703474,1328.0828936961955,1205.149306869965,1002.8465127237557,851.2265813813952,1388.919020438714,1239.3950001834307,867.4675991761991,1229.3234599157536,899.8801057013899,1515.000668479881,986.240313861096,1426.350096653912,1152.9114410146422,1156.0467558642345,1307.6956666753956,1494.0568650288224,3066.443850156629,3411.62541950943,3191.4187207209416,3380.4051951534016,3429.379021407726,3281.943041069727,3033.3299275390646,3001.554713166735,3182.1092875231357,3460.5558082383363,2980.18343347784,2977.8619227581917,3324.8955966960857,3496.5501139897224,3329.8391866668335,2864.5572134809304,2953.39847717011,2997.1225665160846,2842.3822490888883,2885.291372020566,3123.769169239673,2949.831805643241,3195.635560662271,3018.3381232196857,2781.969674715067,2719.396824110042,3096.5448421997176,2985.6581740778634,2539.9899334203064,3052.487884688224,2797.045999820687,2397.695235846164,2278.86691533225,2609.000264996512,2329.4087538190897,2368.3833512820943,2635.8316310780674,2109.396199444329,2671.6067902788905,2549.949804217971,2321.707206544162,2040.8086283921955,2382.497405462577,2616.021962574701,2511.7275733979136,2305.78790895317,2456.408501902548,2563.5386741196226,2072.6555497331783,2140.0960094795214
129.93347092997084,348.92897063671717,0.0,475.7185206482659,403.964579055671,257.9255189889521,391.9459451017294,380.85959387936805,512.1598742284434,402.74392091359584,442.876327115212,535.4018244558076,574.2272700032344,604.7161102014818,645.9893368499755,682.0549808508182,732.0001704275484,750.106251375071,943.210047855587,811.1805761851118,963.2540947796585,941.256970118427,930.8751176981108,950.1883949360781,1165.5086222642472,1008.9201015553085,1265.8713897248083,1069.1964440537354,1229.0576577166103,1379.4054897045316,1337.7131175018792,1345.896525316973,1136.4487991722606,1259.443960040087,1583.1176112829876,1479.7165713416198,1302.2798933792192,1169.6048642239502,1677.1875735055555,1541.9318613927867,1194.6550605076118,1543.8150706162164,1230.9289041664833,1832.8162076795845,1319.6771213914449,1755.2085809552607,1488.725336377661,1494.455458773023,1647.5813487601988,1835.815312151053,3409.6119890154814,3757.473871219498,3539.1393900824874,3729.1538890194374,3778.245703465011,3630.074724004873,3380.0304998602323,3345.9163776552664,3522.843403671358,3796.260368095599,3312.276067885293,3304.0779110673475,3642.179372517923,3804.558486064235,3629.7883995706607,3159.230835565967,3236.5001522789457,3268.0788173440274,3103.2991876500732,3132.1148985428003,3351.783467978998,3165.6069406521055,3389.921142304523,3198.794362297887,2950.1513036745764,2870.4652923166695,3217.39410243808,3088.483835548404,2635.525927552549,3109.675428556081,2838.8053594971607,2430.71706724324,2293.180668671823,2585.54017405478,2292.022909646888,2304.3124695740785,2537.6286696282455,2005.5967609131578,2523.939607879088,2381.7385679843164,2136.1821717194334,1840.4048359913722,2150.980562594742,2360.6444426815583,2239.325827648142,2018.6319756942175,2152.508941545917,2245.9738464720526,1745.877127933561,1803.7002983122031
62.21358491197507,142.66658383589652,475.7185206482659,0.0,85.00319503290687,274.61215124339276,157.5363807904111,218.01944447300238,143.4238406405897,358.64401363663944,465.1353787885628,632.85431909948,289.6840693941346,321.48250030495876,328.4572462697584,342.7740934132619,330.86037935000246,364.23883662234647,845.6113029948635,491.5322768020058,768.2589788802917,676.7996402617598,606.3418142760968,600.9419472477363,905.9245220722635,638.7310405159124,977.5482040278326,683.424757828423,879.9015386700397,1044.6617592704652,974.6636550292351,967.075026595879,701.4865805950432,838.3772885574358,1191.369146072479,1065.301873630879,860.4779575777936,708.9105332311751,1247.0980589373787,1096.7790718835374,726.5570013510936,1086.917218571254,760.0955304938002,1373.0007410160629,847.418847671611,1286.3347611615932,1015.2662891662428,1019.7989345758406,1172.455778000497,1360.2551781543054,2933.9316084254688,3282.0708846533794,3065.2523367560643,3258.040833688115,3311.184096420391,3168.1252890722017,2923.9809641726997,2897.1949991901424,3083.518050602516,3368.3761310535197,2892.7694118198183,2896.7114081026334,3251.6778873227477,3430.9696379012735,3270.8968517810567,2810.6051830331894,2907.587873764806,2959.4281220199705,2811.6097689903995,2863.0424626392205,3111.6577245084436,2944.9822583518558,3201.2406346244106,3031.3855391751426,2801.797283721189,2747.4349461500055,3136.4636762788223,3033.4414688511188,2592.5078712555146,3117.7382889546334,2868.7402557199293,2474.110455712054,2362.1606261057927,2702.800487657757,2428.401201442469,2474.6533882557014,2750.054525307828,2226.5910836259864,2796.923354584883,2679.488897802889,2454.649879873405,2176.5132624108046,2521.731435022739,2757.3601355934234,2654.0864116927773,2448.4538544602874,2598.585526021281,2704.3749369615434,2211.638052915861,2276.1059919193094
73.57268754280608,113.35341599932262,403.964579055671,85.00319503290687,0.0,189.87155449715033,82.78444775359651,142.8504342213623,135.0592658454064,284.7316043192322,390.97455297667,557.7292420096985,264.4575705149163,298.99419115282586,318.54130222766156,341.9096147049812,355.4691056349531,383.1893849140456,802.1619968280195,490.6185976199405,742.3354716991889,665.35799986129,610.258240386433,612.6481591855376,897.479149622036,658.237760590242,977.2660602699181,709.0897518929407,895.6558660000376,1057.6649935728324,995.5756878997947,992.9984021571299,747.1495389260269,878.8284411325844,1222.8260851354005,1104.243722937562,910.0386886218822,768.1853341408294,1292.697527573939,1148.5429006829845,791.071206204782,1144.5672892376933,826.9859814057307,1432.5489773293443,915.7285495265079,1351.6881202124619,1084.914371005808,1091.1501808129758,1244.6409870141351,1433.5812710552236,3007.595705408258,3357.8125176615713,3143.003442737093,3337.5252205448464,3392.1910613357404,3250.3986665690236,3007.2523924444727,2981.256195604379,3168.1585769881785,3453.3321376821896,2977.7661073400477,2981.5251550801086,3335.9549110570797,3514.4253862448822,3353.3935467792826,2892.2020346255445,2987.6095865709412,3037.6253407990903,2888.0236705065477,2937.0859661991985,3182.617664124523,3013.4465975392877,3265.941367078684,3093.107448984222,2860.6225335921586,2802.6149277293816,3186.0996418878585,3079.032857872707,2635.442709742173,3153.555421746459,2900.5571724665688,2502.813601262449,2386.233715974297,2719.3523740676887,2440.865664820793,2481.057612611695,2749.1626719233627,2222.7414121210204,2784.0805759868786,2661.2606449879636,2431.5394646902373,2148.908193037588,2486.7814576732526,2716.14871079483,2607.8377997413345,2397.5801262063364,2542.4780273241963,2643.531129306233,2147.1958229868324,2207.5288402120354
100.14468286766053,210.27178304753411,257.9255189889521,274.61215124339276,189.87155449715033,0.0,144.71811979373655,123.04690040779883,264.4096330948179,181.91734456995712,266.9503428590894,417.43237544479524,316.7783323753601,348.0187855306552,388.2580611319478,424.1314505017689,477.2054187169351,493.38766551378654,749.4933872996393,555.3157601345856,736.110229890849,696.0412919005995,675.9216049715559,693.2176554065596,925.1291803872282,751.1616713456053,1020.2761477294509,811.2718978727603,973.5373118842172,1126.405979006685,1081.2607851563255,1088.392941615934,882.7919141815748,1002.9829695713166,1325.327628782001,1222.253141544161,1049.3719482936103,925.1368488016997,1420.963651673926,1289.0459027458398,955.6810255356643,1295.2255133139236,994.8026365406974,1584.836853453348,1085.0334827368279,1514.1964580282474,1255.38916288706,1264.2069918174745,1418.4905819203393,1608.7753744250344,3181.8519504124915,3535.450271484274,3323.998513686273,3521.2047963635837,3578.1311559286764,3438.084969568119,3196.144800012771,3170.883734893622,3358.029079274405,3642.861444174294,3166.6209476021736,3169.104311470714,3521.346548684176,3697.105248485293,3533.263968655192,3069.6998546061955,3160.9014334967137,3206.2348809206346,3052.2988622200814,3095.5631101072763,3333.502261007021,3158.606874360203,3402.0217584702705,3222.5023511063782,2983.7378829831077,2917.5480853526797,3287.730907314138,3171.711359965044,2723.217039030687,3224.0562221445816,2962.703045254635,2559.270094554848,2432.8514527529246,2747.945652627346,2461.4110232149005,2487.9179969889165,2738.7055568011465,2207.9212399715752,2746.800690820635,2612.3566807406532,2372.5696408031918,2081.119116474284,2401.058743052614,2615.748230877165,2496.5213488388567,2276.548667339424,2409.487546123869,2499.968956582564,1996.7420073704645,2047.9416793157568
80.26889943051835,177.8317836299023,391.9459451017294,157.5363807904111,82.78444775359651,144.71811979373655,0.0,60.900900367385084,120.8784852989408,202.73970754954314,309.23570503344695,476.53666439761633,209.26606552929107,243.99885288945276,273.5661964545535,303.86553579744157,340.95630628558035,361.7299590098609,725.8121958313951,447.11261855237893,676.2600587333775,610.3215646284578,568.602440981729,577.8905516063841,842.888499697438,629.9994489370044,928.6350124661285,686.067348111291,861.3684817924676,1019.860842577774,965.3616109791162,967.5940597817835,744.5433114737884,869.1761896423329,1201.677116853445,1091.443996372311,910.3413140905302,781.5619185909526,1286.361793099749,1150.0065325914736,811.1606794567742,1153.3319851481326,850.1130624097079,1442.7374125791175,940.3191700417889,1370.1041815070691,1110.6710490019968,1119.561024366903,1273.875345151682,1464.2507144046936,3037.182425902942,3391.105622305928,3180.432040385465,3378.7266756915797,3437.155226828521,3299.00075671932,3059.2629079971575,3036.549194344014,3226.7329374700644,3515.1440377131325,3042.0383416232553,3048.4729565672465,3405.783451647796,3586.7435783095398,3427.682425726424,2967.888217407479,3065.1238255949565,3116.6777371175754,2968.1870115632273,3018.3201953173375,3264.7507171593447,3095.993461774007,3348.7245591698215,3175.807153013649,2943.059926139078,2884.4970711816977,3266.692460405278,3158.4446336027913,2714.034252307156,3229.2951823140065,2974.5747553273054,2575.4772920219425,2456.60652141628,2785.378488924783,2504.5637258345664,2540.8330019644322,2803.6894660101984,2275.491393818457,2829.351546629219,2702.087352298585,2468.2496744144028,2181.7781590909062,2512.067521612486,2734.6266541726286,2620.7633744594996,2405.2254688686107,2543.3606208197343,2637.893463741085,2136.8205672193926,2190.5816880486013
87.16238115056719,226.78287275050457,380.85959387936805,218.01944447300238,142.8504342213623,123.04690040779883,60.900900367385084,0.0,154.2154612729259,141.96555831075852,248.3930447393381,415.63684203645505,195.52501811255303,228.05481004795098,266.1479021366732,301.3661914281021,355.81015883492324,370.7122753471178,677.8095152298046,435.56850054169223,640.2260541980885,585.8664082367487,556.8417520326104,571.9123305895854,817.3684620034189,628.7608796047857,908.1560067016618,688.3983199519433,853.4551072966943,1008.3125938015626,960.2375739492951,966.2726415478223,761.4557870111988,880.2551538505795,1202.7993158113545,1099.219329903243,928.2935093618756,809.0106303872058,1298.274107774998,1167.83965871948,842.7338052835518,1176.1733451402704,883.3966479243088,1465.8700979893108,974.1453122033902,1398.8544009275352,1144.6979690620853,1155.2144166723833,1309.7039425319158,1500.657244203574,3071.8068963113687,3427.985171994194,3219.958732666964,3420.5233989854196,3481.2099066826695,3345.229892249758,3107.5013402083323,3086.6315831758648,3278.5739243935836,3568.6619766988038,3096.8587439145076,3104.597193092758,3463.213433600556,3645.2383105533013,3486.960723490557,3027.678908505965,3125.475657886875,3177.391493743275,3029.0600854037352,3079.1991803270603,3325.385793284203,3156.2803629623468,3408.275671523158,3234.6538687668817,3001.141401805234,2941.489433240538,3321.740766875718,3211.9951323019523,2766.658336454126,3278.750908023998,3022.308646455398,2621.9561022485996,2500.936406861675,2825.635164074436,2542.8459076021345,2575.703172423284,2834.019991841052,2304.6037320240357,2852.0877751046787,2721.332166037758,2484.3843784288465,2195.134811855857,2519.3517903014654,2736.620369632049,2618.677647286838,2399.386626082145,2532.4853710861803,2622.260644264702,2118.1765349337124,2167.253251647998
65.66098354126208,247.1762401443029,512.1598742284434,143.4238406405897,135.0592658454064,264.4096330948179,120.8784852989408,154.2154612729259,0.0,267.2363193030397,367.7366593273711,532.7679703020042,146.51600470449299,178.06156029134766,188.09475145180332,207.97410069022015,224.52451935190211,249.61709623208898,704.9002731429885,357.3508592494645,624.9733073928069,537.1773045137238,476.0484867086717,477.5939428540054,768.0482574308173,523.7219338813416,844.5890564629583,575.889119750656,760.6234708101675,922.6414010066899,860.9589567946172,859.3826543940405,625.0298618874183,752.0327646511114,1090.6905952343122,975.8322403463648,790.3457188827646,660.8843568482527,1168.3101463850123,1029.9162057424728,691.5386507063919,1032.4803754071827,731.226083185896,1321.8653623353648,821.7317546101867,1249.7875122475962,992.2363213687084,1002.046724666885,1156.499797427216,1347.2733757535848,2919.2399210862613,3274.5440920998103,3065.886212131946,3266.3122992363815,3327.277146616104,3192.032848349303,2955.4801616053346,2936.173084556935,3130.116437247009,3422.7114961861507,2953.5410469206804,2964.4766328971496,3327.109368594248,3513.4962310164556,3359.5492241738025,2904.10625743635,3007.345874206081,3065.01313661215,2922.0406097213345,2978.6960878335713,3232.7623379040674,3069.9156928531465,3330.7378487841834,3163.959373372894,2936.902324295276,2885.079261646696,3276.8746832384923,3175.292942030632,2735.0687886686633,3261.1348264712537,3012.0909880473023,2617.1598036145906,2504.3946262647605,2842.877241579531,2566.812598350762,2610.1059365937613,2881.1215218785674,2355.5399847238605,2918.7452003577673,2796.3066938771194,2566.4767243446136,2283.3673857441113,2619.45350171993,2846.2767215016593,2735.2419941081957,2521.8869004441467,2662.1894026499017,2758.082380002525,2257.523999991649,2311.4216834351028
103.47758409264479,358.94445804895327,402.74392091359584,358.64401363663944,284.7316043192322,181.91734456995712,202.73970754954314,141.96555831075852,267.2363193030397,0.0,106.56033847174648,274.210313513352,223.18605074851465,241.55445734582185,290.6562142261922,330.90576117463473,414.80829620880866,416.6478170725719,567.5943670983412,430.5269272658411,562.8606689754087,540.4227691002485,544.0794955388882,572.173676546125,762.8315818789642,637.7619005813929,864.3982646377037,703.6356138008691,840.8525522870489,984.5091618941931,952.3230195276869,967.1496511406448,807.4481890226722,910.9684353381069,1206.4334728768936,1119.3241100083253,973.6575795760639,877.0534681501903,1325.9444281071496,1210.1471523109406,919.1727585569139,1229.7194448703285,963.0115362225309,1518.0584451796637,1053.9626519877952,1464.2042853468297,1223.5265506810658,1237.588488724453,1391.5421501828407,1582.9170074703356,3146.650020934046,3507.8466403489956,3306.3011158365243,3512.143994454833,3578.2282404934663,3447.594267532806,3214.893839774524,3198.545761376471,3394.743189832426,3688.936977982527,3220.593938804296,3231.684635646347,3593.670455044409,3778.586485997227,3622.56430937687,3164.8556685697063,3264.450766851597,3317.7318389173925,3170.2491649351628,3220.991244622161,3467.3350453027197,3297.971113811664,3549.056824804869,3374.3995488015275,3139.680016562704,3078.1981139096733,3454.9232386439444,3342.4152047571138,2895.4574367453915,3401.26153226807,3141.5223713044957,2738.907286066672,2613.6974680841163,2929.850919082996,2643.2681381800876,2669.001623792939,2917.41992850216,2386.1838375111797,2919.0845638661203,2780.8786709541164,2537.498757571673,2242.7602036001795,2552.5926504150816,2757.359744881891,2630.233094786333,2402.694774638557,2523.606442938887,2601.8295659941305,2091.7401019630393,2129.2050507378813
117.00476940538584,460.2275074816165,442.876327115212,465.1353787885628,390.97455297667,266.9503428590894,309.23570503344695,248.3930447393381,367.7366593273711,106.56033847174648,0.0,167.7985385418952,296.0655310582378,304.4368107684724,353.38756933078093,392.65385528700943,487.2522778166637,481.9642732145878,501.2931337885366,463.18494359883306,529.7146144881045,536.3019004951136,565.3309485757588,601.7006493123087,744.3382434951448,671.2415062659595,852.858507524124,739.6794362327319,854.0035633201516,986.8977232772302,967.1761994282847,988.2631580482415,861.8969466479773,953.8252319146497,1226.94928503789,1152.4593716689496,1025.5362553286316,944.4427146386535,1362.734614559962,1257.8549630651917,991.2669362890956,1284.8330435398098,1036.660236327768,1570.696352096675,1127.0759111739017,1525.8888618773128,1295.0365915953957,1311.2541694347847,1464.2124826668999,1655.2093693121549,3211.479398366999,3575.840029442554,3378.839231610859,3588.116752406669,3657.7840929996164,3530.7581616001544,3301.455838205816,3288.0343790543893,3486.880983520649,3783.597253276718,3317.517454673067,3330.647727644089,3694.5921908579876,3881.176033001796,3726.431156928489,3269.5882095128763,3370.0712823470967,3423.944199665798,3276.741959450069,3327.5353715879337,3573.5571148985186,3403.7006672777143,3653.701183739193,3478.0125776493924,3242.188517915453,3179.1033183304903,3552.80282779015,3438.0542234949503,2989.9129917518985,3490.5908821679923,3228.3779549172427,2824.227874051464,2695.916362970289,3005.366708692087,2716.173692909243,2736.549970335405,2977.299298599589,2445.3912640602407,2966.6996934501603,2823.1183402500005,2575.3394281547426,2277.130724487031,2575.6114008937398,2770.6670745921106,2636.8941821911008,2403.649121548093,2515.1396878479654,2584.505488330855,2071.0832111530003,2099.6243018924615
139.5628317547441,620.7240582948677,535.4018244558076,632.85431909948,557.7292420096985,417.43237544479524,476.53666439761633,415.63684203645505,532.7679703020042,274.210313513352,167.7985385418952,0.0,444.18832940373517,444.42472019248834,490.0684223770367,526.2803265701529,627.3097846869862,615.2087043846866,442.0146235982445,562.098505346131,530.4693983916449,582.0366635055648,644.1178320102531,689.3568698581082,756.9731397000016,761.2080497174863,872.65174474112,830.7768569626971,910.6817344546537,1024.5210047365554,1023.5751361278868,1053.181726608358,973.5905837710245,1049.1128539286728,1287.1842968977294,1231.6020471230636,1131.552294564355,1070.8718992559975,1444.6440469837262,1355.7812702396382,1122.8974422302497,1392.432338554385,1169.7776289860237,1672.993839078876,1258.8765010308498,1640.6391707506327,1423.7961827287293,1442.6395763399835,1593.6098336917871,1783.3715826301095,3326.306343241516,3694.7369305221814,3504.262362442641,3718.1218036571177,3792.6647388034394,3670.6158818962613,3445.9877619230883,3436.4243602376755,3638.6309124523686,3938.4980910539966,3475.3808425957905,3490.998526342818,3857.2139161327877,4045.683808533642,3892.3147673666317,3436.333654004891,3537.549943045944,3591.7311326259955,3444.4561952459403,3494.761380646285,3739.649419699581,3568.6047988366336,3816.3217805570694,3638.670604358663,3400.86050034596,3334.951868404107,3703.3329270024333,3584.854406397084,3134.982466841449,3626.9709664294005,3360.9327786419244,2954.699820985227,2821.6287017817554,3120.0944797453503,2827.2296831646686,2839.197001046531,3067.5172585769906,2535.724508482438,3037.7622902877347,2886.1130095062413,2632.1533280829335,2329.5849414411714,2609.3201472262813,2788.562455306202,2644.772846490568,2403.399739859087,2499.6085670983502,2554.7169583293235,2038.1511582917549,2052.292695041474
76.44677537723005,376.728241316491,574.2272700032344,289.6840693941346,264.4575705149163,316.7783323753601,209.26606552929107,195.52501811255303,146.51600470449299,223.18605074851465,296.0655310582378,444.18832940373517,0.0,34.90698589596513,72.34534952610598,110.99083671505245,192.68433053122484,193.65447476325932,559.9329072600818,240.39546227607292,480.1367613206922,402.2614847451332,361.91466514540775,376.5437004722153,634.8288770472063,434.8249256411504,719.3693546695533,496.3680771420938,657.9671905529236,813.6283569013611,764.7906601067938,771.6891278006414,586.127574314639,695.5010589029688,1008.9982378127431,910.1227089537418,752.8857828046293,654.2098513085582,1112.8368947381227,990.689096625442,697.7845969932949,1007.4877434387968,742.3946263242101,1296.291265311285,833.1392729338218,1241.019149830912,1002.0866933541945,1017.1402201894243,1170.6727556368412,1361.9398462887843,2923.7646685092195,3285.619696523426,3085.6743351976925,3293.357862667207,3361.9965958522776,3234.7109825103216,3006.043781814781,2993.990645187177,3194.8421897568487,3494.3156845901567,3031.925702187333,3049.318224268,3418.479898051531,3611.1323098699595,3462.8613107366955,3012.2136466982156,3120.8061987424994,3183.448343431577,3044.7068417523274,3105.6807943487765,3364.086157308365,3204.380975587825,3468.688250191166,3304.268606857672,3079.0786155908445,3028.9848450646114,3422.434988610042,3321.549996200271,2881.548579762233,3407.3552600786584,3157.6810871806424,2762.027048724213,2647.891510747651,2983.3683270510082,2705.30107488722,2745.1094350805274,3011.0588615070615,2483.504039409928,3038.617599428764,2910.9870185049526,2676.2186771942947,2388.4571340949865,2714.61227116566,2932.0397095309318,2813.283824592506,2592.563871717996,2722.5573125815754,2808.168699144757,2301.2038376114688,2344.217249189823
77.45854850408386,411.4573243794903,604.7161102014818,321.48250030495876,298.99419115282586,348.0187855306552,243.99885288945276,228.05481004795098,178.06156029134766,241.55445734582185,304.4368107684724,444.42472019248834,34.90698589596513,0.0,49.56002503514826,89.73877985153095,183.81865767590855,177.91944888571877,532.6611120735067,207.57047870331493,447.1121584529362,367.36592687641354,328.78875548923463,345.4724926458585,599.9265635833824,405.59210022585916,684.6671104716905,468.5209099479986,625.6860886386692,780.3380401529229,733.2666940830698,741.4594646256837,565.9483539867495,671.11155671011,979.3619639679939,883.3772718022689,732.1034362750809,640.614892739077,1087.598267283731,968.8046072341663,686.8311426210258,988.4587802573058,732.3065987885698,1276.5847385199545,822.6593453486462,1224.915312738396,990.6425817051643,1006.8450430115327,1159.7785412854782,1350.798282255511,2909.225188861614,3272.408162517457,3074.4754979971754,3283.7672173495544,3354.1929515359075,3228.8617669554233,3002.2153955865115,2992.0045653010447,3194.587885363419,3495.8161244259836,3035.402917958966,3054.6024648512594,3425.5597782424834,3620.0474377153873,3473.560374365949,3024.5390378745865,3134.8758337131403,3199.223031413513,3062.0348165708037,3124.6394557797516,3384.772815427334,3226.4596790711894,3492.4066997902087,3329.256430543076,3105.1967798608894,3056.3052792173767,3451.2463184479434,3351.3744537304124,2912.018467256199,3439.131967305503,3190.1095556612504,2794.903817594363,2681.3267907588715,3017.5152386138843,2739.7263288711038,2779.835758979729,3045.9574674667992,2518.4108546728285,3073.324952417852,2945.4256807191887,2710.332872441655,2422.222243509775,2747.402880860274,2963.745628638684,2844.0347843302316,2622.359238936154,2750.8303466511356,2834.815544990978,2326.9477987076543,2368.08085714535
72.204404989463,431.894709097385,645.9893368499755,328.4572462697584,318.54130222766156,388.2580611319478,273.5661964545535,266.1479021366732,188.09475145180332,290.6562142261922,353.38756933078093,490.0684223770367,72.34534952610598,49.56002503514826,0.0,40.26950943048392,137.2862840093794,128.61100065929713,545.9466041109763,173.75751684228032,443.65961308851956,349.1151175210912,295.08493918808114,306.0931615512799,580.0594698433389,362.9316146731759,658.875079505119,424.0668814350578,588.731821144554,746.3282242513515,694.4391688645198,700.1903122782456,516.8049982769263,623.7466141053535,937.1283719089973,837.8070047440696,683.1498714208014,591.2838790565476,1040.830967698621,920.2460601181781,638.0617042541919,939.1307854982495,683.7742444543478,1227.4027296543813,773.9766598071017,1175.3552959949625,941.6685052893935,958.1702785068736,1110.915809565709,1301.8534873057727,2859.7124175227286,3223.026604554054,3025.453121380824,3235.153371748475,3306.1601747136933,3181.615331374812,2955.9435066889096,2946.7467990002824,3150.3829711651206,3452.7818472508457,2993.878408844095,3014.552962857487,3387.062688072426,3583.2819567986253,3438.6370721565236,2991.454452386009,3103.8210518785604,3170.2958547617354,3035.2028796555455,3100.118212865629,3362.8469775083704,3206.8277177279733,3475.6024552792815,3314.8612789782746,3093.105049547275,3046.805775422639,3445.1916148980026,3347.9649970673004,2910.4921873885655,3441.610859480552,3194.964539634613,2801.6043543081933,2690.5407377381125,3030.6158475804277,2754.882636033149,2797.96998624161,3067.6473214917273,2541.2650749919544,3100.5092420722763,2974.9125226278798,2741.752573476691,2455.261773632887,2783.6861150697396,3002.6216539261086,2884.7039358307798,2664.5103116424766,2794.8759270189594,2880.431890401367,2373.274541845315,2415.6038744925086
68.57724389525151,454.83852658515553,682.0549808508182,342.7740934132619,341.9096147049812,424.1314505017689,303.86553579744157,301.3661914281021,207.97410069022015,330.90576117463473,392.65385528700943,526.2803265701529,110.99083671505245,89.73877985153095,40.26950943048392,0.0,103.74230424358429,89.60837657287162,556.3178144339506,149.53953507835575,441.2812342758248,335.4000739787535,268.3494512322065,274.05312570443994,563.1886306540616,327.68702334803237,636.8015259791197,387.16983909962255,557.63693711471,717.3313441704167,661.6440762730795,665.4550180110207,476.58054953844595,584.512102542708,901.4853619989353,799.7499889426716,642.9905008228102,551.795622057905,1001.912012571079,880.2609647634322,599.4171078031084,898.862952291441,645.4333920887693,1187.159688110425,735.415643152239,1135.2582497291924,902.688275723882,919.5889027342225,1072.071588957059,1262.8863615884406,2819.8114619303788,3183.3865225672184,2986.343723284974,3196.5581994536906,3268.2389401240225,3144.5557735594634,2919.909232256417,2911.7391933526,3116.4050790422707,3419.921023768633,2962.478995097318,2984.533322848483,3358.4471572299803,3556.2295081898674,3413.256315646253,2967.76452482996,3081.9163376048164,3150.251493054284,3017.003643440174,3083.907769398743,3348.824279963276,3194.780518159184,3465.9049368250885,3307.208602166359,3087.4113326838224,3043.2700627876407,3444.4224723824045,3349.3716388969715,2913.5095323527944,3447.764210306151,3203.0597493942137,2811.2450184539516,2702.1951446076396,3045.252560390371,2771.1720034941427,2816.5523367949886,3088.9086995960683,2563.499869447517,3125.915020834659,3002.0457583968173,2770.336696725921,2485.0635340311546,2815.7792857572813,3036.526916255052,2919.856530574253,2700.6787054035267,2832.2863444226373,2918.8336545560483,2412.1186397307315,2455.1273117505534
54.27144656068087,462.12377032078524,732.0001704275484,330.86037935000246,355.4691056349531,477.2054187169351,340.95630628558035,355.81015883492324,224.52451935190211,414.80829620880866,487.2522778166637,627.3097846869862,192.68433053122484,183.81865767590855,137.2862840093794,103.74230424358429,0.0,39.412547501364934,645.1667520303756,193.91167723248523,512.3917416907161,387.31893646548457,289.1620910129879,274.0517947640663,600.7841047386273,307.88083598867155,658.5766702496137,354.3758595765989,549.3390386389118,714.6486915766557,644.0900401517318,638.5092338639711,405.68120729623644,528.2603131700441,867.3572880694737,751.3853649364006,572.4833873325449,462.3808558273089,945.4453680453651,812.0465433907179,505.101115905499,821.921113993347,549.8257332619312,1111.5077914797894,640.508011604425,1050.774216038408,809.4053107029645,824.560938569773,978.0109018270806,1169.2636634081027,2731.9057407809387,3093.166421091359,2893.009002260663,3101.0683343488536,3170.662781536851,3045.0439187548136,2818.770475947179,2809.475012187837,3013.388105071771,3316.4162055107477,2858.738337751943,2880.9132970218247,3255.2217642185074,3453.719505941381,3311.8001027811124,2867.6606092880393,2983.444680374356,3053.720867378517,2922.648059582114,2992.0818713275703,3259.975377115762,3108.9143709463274,3383.7000339006563,3228.5013831221145,3012.265214509997,2972.163071679318,3378.554465985551,3288.014048427513,2855.8281144737853,3396.756974906323,3156.703449099563,2768.8748163865234,2664.911489066184,3015.405493832748,2746.0045359677583,2797.7534288747092,3077.7401933210062,2555.763676849952,3127.7784740254115,3009.837305276058,2783.434456912159,2502.902164267015,2842.2497574824824,3070.560221365504,2959.7356618801164,2745.7786620036486,2884.1749448344967,2977.0184987862663,2473.821915066993,2522.684631178824
58.617838938844535,492.080440978787,750.106251375071,364.23883662234647,383.1893849140456,493.38766551378654,361.7299590098609,370.7122753471178,249.61709623208898,416.6478170725719,481.9642732145878,615.2087043846866,193.65447476325932,177.91944888571877,128.61100065929713,89.60837657287162,39.412547501364934,0.0,611.2710211858181,155.06091751436955,474.6398135733567,348.09532889638126,250.40415790724637,237.59252914320228,561.5780815712574,275.76785661238443,620.5985228000956,326.2720305574737,515.8867507291176,680.4233225333363,612.9991392216198,609.8929444741527,393.6683064561263,509.5953110033482,841.2903514830323,730.0492659352183,560.7091801552966,462.70102495360084,927.5874428237837,799.4380561551759,509.81215161151147,814.0373008691099,555.8413964762846,1103.0623451089832,645.8075309551216,1047.7485872154048,813.1724290747593,829.98209216267,982.5091135592143,1173.3687612797394,2731.475674338436,3094.4888993413347,2896.9025935949153,3106.955637713204,3178.715158889126,3055.4274776814873,2831.532256813389,2824.3172069738866,3030.0786307667076,3334.902818039024,2879.400179073377,2903.3859343649597,3279.3217713262993,3479.487307449425,3339.2234667154125,2896.6559129098714,3013.857878990565,3085.473187963353,2955.62770602894,3026.2104281259385,3295.189734102953,3145.0377630619814,3420.699747555507,3266.1838730114778,3050.500697695887,3010.8693645986014,3417.6659687719907,3327.335314690466,2895.2305163216065,3436.1189761476203,3195.909200545895,2807.862400065169,2703.53270904093,3053.341986456537,2783.382952361692,2834.280067085405,3113.0950198207133,2590.470756071731,3160.6851119677376,3041.4457747354118,2813.773491049873,2532.015670407989,2869.070508500903,3095.1535512559967,2982.434020277494,2766.6587275425195,2902.5733304834794,2992.9171665257313,2488.167819312006,2534.394390671155
145.7450772474454,902.9812550472692,943.210047855587,845.6113029948635,802.1619968280195,749.4933872996393,725.8121958313951,677.8095152298046,704.9002731429885,567.5943670983412,501.2931337885366,442.0146235982445,559.9329072600818,532.6611120735067,545.9466041109763,556.3178144339506,645.1667520303756,611.2710211858181,0.0,469.51617522321584,191.1017546536827,333.65368559761345,460.3740400984325,516.0454415568506,381.6598702816875,575.1707187144182,497.13980519065467,632.9270076992798,608.2549708673324,669.3609899116909,707.888602503836,754.4338676295783,816.0475933909207,831.051746023006,961.3229985845351,953.1972913218016,937.3418177325582,953.0399048727782,1160.878580654282,1119.7886881248098,1019.7194779619032,1183.1640851187142,1068.109393850181,1434.1622046696962,1144.3204132723226,1441.6421866929127,1285.8790133463042,1313.9368166417794,1449.0974530740468,1626.149223390859,3094.2487780744723,3472.6708790664197,3306.041511493011,3535.0735023407165,3628.369143696592,3528.731545335,3328.2011756151173,3338.7874111217193,3558.3581813064593,3875.8085322378915,3437.5350243885164,3473.210921136481,3858.0803726071395,4067.128463105906,3934.996366338306,3499.041900953509,3620.606397468231,3695.171115176957,3566.7522374695864,3637.234137951071,3904.4358285717562,3751.097202400893,4021.4151169395514,3860.6262578065903,3637.6874094396635,3588.813116791269,3981.7275548797697,3878.829605112997,3436.776456086446,3955.0881804196206,3699.9264006937037,3299.7590268696977,3177.8774818195757,3497.26588976924,3210.845539460603,3235.2393219946357,3478.4999795977837,2946.627734753485,3465.330054418526,3318.5644145109964,3067.54088165953,2766.60496806172,3050.9416430275623,3230.0723565867233,3084.515426263311,2840.9446836030093,2930.1486915281785,2975.773015132473,2458.595957966122,2460.1718700689376
79.01791834268445,603.7981741636833,811.1805761851118,491.5322768020058,490.6185976199405,555.3157601345856,447.11261855237893,435.56850054169223,357.3508592494645,430.5269272658411,463.18494359883306,562.098505346131,240.39546227607292,207.57047870331493,173.75751684228032,149.53953507835575,193.91167723248523,155.06091751436955,469.51617522321584,0.0,321.0646207192586,194.06237187966602,121.61386665721528,141.65611423023026,415.67828032145604,208.6097411272338,487.27698860248,276.5501655860821,418.22182068230455,573.3192493393158,526.606024594641,537.5862527870438,412.42573837167635,491.4501384523527,776.5844488805365,690.7970087234243,569.5692093300473,521.7663399316475,899.9494315994322,796.9665947069124,581.2041450181808,830.4246369008383,629.7291348391228,1112.4777163289032,714.5734404483983,1079.0305420117954,872.9324034059578,895.1885402268892,1042.2312231686637,1229.6131220185143,2764.284336972414,3133.353296127441,2945.7172215596584,3162.828656638785,3242.3948811311407,3127.6347233795295,2912.4175082963907,2912.412004018608,3124.2392815261383,3434.8342837195064,2986.911540023757,3016.7166774412212,3397.5478516930502,3602.8078454903525,3467.646557833964,3029.912942108656,3151.1011886100828,3226.376705050469,3099.8000803096456,3173.24063253569,3444.72852771598,3296.544848319179,3573.8536336566217,3420.407760067211,3205.3448782152673,3165.9302257026775,3572.401284994121,3481.3026833211215,3048.250582138695,3586.9392706548706,3344.743229884897,2954.734432283072,2847.643986947007,3192.8934002182323,2919.7174061059864,2965.8728088012313,3238.4190526451166,2712.863028563953,3273.9321606166877,3148.6658757539212,2915.3616728608667,2628.416744553464,2954.9037424551743,3171.0286033939756,3050.319229642021,2827.1605778630123,2952.4751174385733,3032.329690019917,2522.159415216143,2557.5733183760776
124.45058228872546,852.1105164408522,963.2540947796585,768.2589788802917,742.3354716991889,736.110229890849,676.2600587333775,640.2260541980885,624.9733073928069,562.8606689754087,529.7146144881045,530.4693983916449,480.1367613206922,447.1121584529362,443.65961308851956,441.2812342758248,512.3917416907161,474.6398135733567,191.1017546536827,321.0646207192586,0.0,150.2621824126855,281.6042322974838,335.5797271750061,226.9804958115366,389.31794521028024,343.9382694508896,444.0654686276712,423.56725878167344,505.2163796409816,528.236833051167,570.9654824656301,628.8361798879462,639.9500985723762,787.6721831408263,767.5632952161968,746.4896497129056,769.1116347666448,977.5115212752237,929.9865910167937,837.0243412269203,992.221358916597,884.9938846992821,1245.4834904446575,958.6471126519164,1250.6894551156397,1096.9662731600454,1125.6773840807018,1259.2183139302736,1435.4130129869284,2907.0289916254615,3284.6491490674134,3116.137515550796,3344.515498494853,3437.343735816266,3337.716860119035,3137.940524260333,3149.634030661586,3370.357977779594,3689.175439955091,3254.059053689316,3292.4012671886785,3679.609461699599,3891.845659157812,3763.8520733512505,3332.8418117829706,3458.7900456195216,3538.2171590458693,3415.1169729425933,3491.170052855472,3764.52337181444,3617.365998373351,3894.884767733199,3740.812348232961,3524.4116999850253,3482.816030372148,3885.562712550909,3790.507015195537,3353.897140466885,3884.904653973431,3636.984927632146,3242.015424002055,3127.9051386304645,3461.1105951979553,3180.8237462413995,3215.7809573108893,3473.15491320314,2943.0089667079365,3481.582671513967,3343.665994895927,3099.407680162727,2803.292906973072,3105.2701007144105,3299.0393104107266,3162.3336281229526,2925.4681752848646,3027.7096354629625,3085.121827586615,2568.6128472447344,2581.290710170837
