0.0,75.03015423100409,95.97748392000612,71.55074825031203,114.39569127595087,121.2375777672627,148.41526671406913,110.76093908850292,67.75206151717707,85.80620998623446,110.37163527244654,113.5688552491503,96.99945294339861,61.49148158304557,101.04860585123582,143.21011259438322,103.13788623191418,146.8545828028306,145.1748878000467,83.55996149756092,135.7515469377777,132.6042688050478,74.49031190124651,146.825603563057,98.53132902525668,88.79253683337231,121.59961023432311,140.26538901085365,106.8498546141421,104.71922580556777,130.72786500601978,75.46472362219353,81.05428044361834,113.57014775740318,71.44126698500114,121.67358098171592,85.92767423237555,82.1006196182194,145.22056232000963,130.48139852049482,51.48100687886537,85.0224704730159,63.47842498267514,79.05191429553685,126.55817681632992,125.06840785076952,117.7003180443157,101.5076594738567,80.45637741922306,144.7645809126828,421.82640998861433,413.8202664501311,401.70890401556017,409.63193326948016,395.21252878136386,405.5241750222112,352.3677782532218,409.14748741620565,360.32818479595295,397.68720202037616,403.9902806200039,409.13917999778846,446.0299335059292,403.73923474607494,368.9606036508976,418.42930396413874,442.06408511405203,394.0392003977814,366.73307122783524,359.90486191606516,429.2198548557214,428.9969688233992,383.74824954283866,365.745791745857,366.9114222055292,360.0828583116783,432.8512324935038,358.8910891468481,420.113673969558,355.0291937148445,416.47037584013185,408.84995055017856,396.7573662142603,350.75964191428767,360.2705875238261,421.68758505398097,415.82273818910267,385.46929947404146,432.74568516681785,413.3228685420544,406.6037555828956,367.6952496277328,360.86707402815784,381.1133460590916,410.7070375002498,380.0170573539539,376.6023466680345,361.47781536090235,434.34376076568316,375.48211815357644
75.03015423100409,0.0,773.2887125988126,630.3986875690053,1325.763618959364,736.9175287034864,513.8063535282072,964.3846472772534,769.6483635414569,609.1107919438696,793.6901728396433,1225.3209966048223,1081.2321602630295,348.32129585755376,740.4080527042519,1482.6566429394404,586.085938791518,587.430051978449,1538.1366689737058,1001.5630356593376,805.4424571677397,1218.467323976638,212.50708163328926,793.9919114574207,357.52848182745527,1036.206619812243,558.1094947985737,1461.765339686796,1271.6851495075466,226.88024410251955,426.44550559819095,973.038447660944,1038.4802261832751,474.2555388213639,1004.6886475707748,333.7255506222865,464.669302965671,176.87027170909522,1011.8720438165919,392.1595748621216,863.7242940771343,1014.3034626527404,963.527048477508,1040.0603623872926,961.1731566919414,937.7082007748181,1080.276380995769,1234.1954485473016,970.4821911694133,732.9413592896451,3477.212525611268,2583.368738266732,3115.5665392294563,2372.0847241837187,3279.816124864953,3266.78493663901,2754.770594917477,2654.6147093830896,3016.989472846136,2301.9256472065044,2951.990022975413,2393.772322305208,2986.715956404378,2651.6491605960273,2801.25811520197,3454.1151696977727,3047.1236544758817,2821.983355183668,2317.1285740912267,2716.1946381231105,2482.4767132598618,2975.149189052323,2377.195862466441,3075.2882876519047,2508.774874264732,3040.7286147122727,3447.3417509848273,3017.211875418987,2631.435673408768,2874.4581999364495,3265.1478379083487,3335.8576504204857,2748.571347502917,1957.8940139403805,3038.1311241917088,2995.593707243287,3354.1506502103434,2522.7693422847055,3551.198938002798,2425.107250502861,2609.3127110173127,3095.9578463038174,2610.5414125583216,2258.900196418001,2651.388846830364,2163.0642595503627,2894.9686310906795,2572.4656623687893,3175.882505470751,2424.399825636529
95.97748392000612,773.2887125988126,0.0,174.98621443806056,1118.2018238518679,1425.1210338067458,1120.3889513263937,1444.6219913685431,286.26551354939767,173.85941197589634,132.58022796892664,1400.385532822105,547.8534878012767,426.5487829808998,1337.0098610465525,1010.6190106540158,319.4443917299603,1351.3292388451248,1384.3877083659472,530.7833735925681,408.13170498233376,1593.7692875514106,937.7421339849736,558.2022467440182,563.4311542314714,1253.5873608597872,1315.784371277746,1505.304421808269,1135.9737753195486,817.6871363746321,1170.2399801939307,1147.2712089081847,1152.8239966458295,1236.0149038362233,1035.8947368236313,923.2116242786284,350.31747422043264,937.4465742100901,1646.7785749494594,982.0047356489921,932.4311310368028,1226.5777210623253,790.5948190070502,1117.1907249324502,1536.775646882922,203.68800643426928,353.34679554534966,1017.187969228155,499.37982950560297,607.3087651135339,3182.2560055742597,3356.6066219375093,3449.2801549691058,2618.4372494269783,2815.286276754984,3374.0808513771162,3113.144726642112,3412.6512721926056,2483.3933555250246,2496.680936078474,3499.4399669642626,2543.7158363461854,3718.1778059135167,2180.2227156100357,3248.2294914590007,3109.4429226510583,3730.865422372049,3423.4929480894452,3084.0636764531314,1945.6499056415362,3022.806552117437,3645.9973411172728,2132.2675229493707,2888.9959938559614,3197.850850103555,2628.9253708147853,2759.064984731206,2889.9276728489917,3404.718551414887,3068.6887999173323,3525.022269887124,3320.2162809071715,2105.9909696639734,2229.8350749596652,2597.3418647898834,2293.8554362503965,2701.837399853544,3269.017831152236,3144.472764185408,3123.9260462547313,3374.2979322167807,2701.7006935816603,3193.796559924671,2236.3728848351147,2252.7197340906364,2424.551545815906,2122.950150193791,3190.8230830553325,2423.9436741395025,3179.9838055021264
71.55074825031203,630.3986875690053,174.98621443806056,0.0,1029.7169466120984,1254.8346312637834,1029.509224838372,1271.0843776965144,211.16738905866612,142.68260657764037,273.93315119144114,1250.9699838800284,537.315184372651,284.2041585299653,1162.5172968057148,996.5505400562785,322.4506968610114,1216.5273081401936,1291.1907188928421,490.65990263717276,497.7867381929269,1426.905590499742,778.6163014165214,619.9531825114121,489.56701415934265,1096.422745413104,1157.930520820289,1376.8972815853222,1031.719097637152,711.0188233614988,1043.8696600803084,992.4095074633666,1005.5550745223338,1080.2933880402054,896.7511837432319,826.1019937569821,280.91458307661725,785.3748728995093,1472.5853338883207,888.5296459931109,783.3999024315673,1069.3920091177356,677.5811617453509,974.0134350099041,1361.7913333872068,377.48799265900936,451.54113903029895,927.1145631376055,456.17886576819524,643.9302261415193,3140.9119606641325,3209.3743132608374,3294.559980305131,2637.928130549398,2819.317103655031,3250.777980481489,2954.8821784401734,3250.2221769135117,2508.209565721293,2526.790681394119,3326.6932889067407,2584.095868029852,3548.978351738112,2335.0883671678785,3081.876370692409,3080.628033106592,3557.0190524595196,3248.8214722075622,2926.345233446898,2104.800655668676,2971.8717701809132,3471.62121694512,2249.0895194633495,2820.2871187642504,3024.5194185433315,2616.3313981458214,2845.683244430056,2808.3140071099656,3256.8279045747236,2930.8550897543337,3379.6087916570327,3218.3486189308724,2279.4231440898448,2239.9765678368058,2593.1100662366675,2468.6626434871973,2772.2200060476785,3103.0821596521323,3132.835263220786,3022.9657656365016,3215.1459839565655,2684.4858095034338,3019.495248331471,2310.538887280601,2396.9076964680917,2438.9887665087563,2268.255646383489,3015.876521013358,2592.7285170831783,3016.8356279082627
114.39569127595087,1325.763618959364,1118.2018238518679,1029.7169466120984,0.0,1447.4199593640867,1839.0782992989916,1098.8071086583316,836.0547148076264,1172.344157913543,1250.7633352654352,634.034511765361,641.6972235378104,1152.1297344241225,1236.4498687073656,468.1190958371094,1348.7998284337077,1796.449303769018,267.0256974740494,607.8892850594833,1517.9532338218576,1012.5438027549217,1300.4418892761696,1649.386262764185,1430.5518048254921,655.0559481411641,1564.4636071963507,517.232495533545,116.86557909945836,1527.3421581966454,1706.2018490582368,587.6512027806394,500.66917970277115,1529.9993231932856,407.7980671714032,1648.424310735609,1272.4096806746923,1362.9999455084255,1472.2016891279013,1711.1844555985012,511.81065079667155,644.2559384261053,373.4189851053534,450.4418548159737,1298.6414666525084,1266.8848749059612,974.2630558310645,102.6529073108749,632.47106110687,1671.1528347226063,2157.099807915843,3492.692172760593,2523.784392793905,3631.3318089029667,1987.0331256965687,2289.4296328489595,2231.93025517618,3342.80582288284,1787.0431903282686,3533.4807127668637,2851.6601898291283,3600.2062976781667,3499.300355062507,3217.6052761328124,2466.5187077204664,2128.3713720900714,3355.67740071311,2879.470800417818,3104.6252902667115,2386.4399518673476,3804.0730563318803,3241.776007153992,3246.6743072813215,1796.1650823898606,2875.3895829577114,1727.638155716167,2450.8988126822082,1778.597224842182,3531.1617581459323,2040.8823368526894,2530.2378639701988,2203.6348967368463,2975.5731273474753,3223.836683067421,1737.2523043035842,3033.651852608688,2280.9104247872992,3143.813134066606,2232.212017739629,3646.516760134458,3357.887388294103,1777.0584341476024,2632.6608251004764,3340.186408120985,3325.9149735849514,3427.033776907901,2385.066486720984,2699.373556111585,2974.0727313545176,3110.8538857383464
121.2375777672627,736.9175287034864,1425.1210338067458,1254.8346312637834,1447.4199593640867,0.0,961.9974790261836,483.6897284114468,1304.5427050655435,1288.1520975562219,1481.6932063156007,1011.0483562930958,1525.0395673238922,1020.5787304356719,221.88185172331228,1788.231996869889,1309.5027497578799,598.4788897749258,1554.574980087091,1429.9727151448499,1537.8385731360438,773.948895205391,525.7279753821862,1530.3706906256107,1093.9342755511327,859.7480387727342,293.04805845309187,1308.448524445769,1347.2124640034103,888.1680903818351,679.7456068396315,880.0143232133754,972.885460552322,350.22432094328104,1039.9098998412628,918.2982451589196,1179.1766042028278,567.3942248638002,295.5145469482338,936.3870120687827,948.0736995190849,855.466358873369,1198.1954425254044,1011.6554842296264,334.28930341841914,1616.2773244198124,1655.5918628799764,1393.035814268975,1410.2496836269383,1465.5244167611095,3424.312515275975,2067.627901598742,2521.3610233874633,2802.027957078496,3409.8432997573177,2850.0326724661104,2153.8547326679623,2016.2017216877043,3234.156572589205,2775.133813111483,2234.2033634871245,2893.0255783302405,2294.400744227446,3384.4941471377333,2137.5322096373206,3452.0110198232696,2318.7018112140704,2088.8193379297795,1720.4142981032792,3349.1659788112497,2594.652436696925,2242.439919952962,3066.0857080695605,2937.6676311432434,1781.7451378883225,3127.764352384907,3841.7023922825124,2826.9910054363786,2109.460142174999,2401.2093242258784,2722.3486447400264,3025.0035965824554,3477.2612262004236,2397.417147896191,3155.204464098884,3706.167396962989,3700.4069366608087,1855.6664699122364,3608.530614043322,2250.9321099735057,1997.7845387457867,3162.019512253398,1882.805421679512,2864.213505943592,3373.8743387408185,2594.8587581490174,3481.4958273940606,1837.0994341874436,3847.5196991405583,1780.7216278921487
148.41526671406913,513.8063535282072,1120.3889513263937,1029.509224838372,1839.0782992989916,961.9974790261836,0.0,1344.8418289728452,1213.0215360354928,947.8592577300603,1083.4578715886398,1703.5519675663006,1542.389620503702,764.2102427182838,1071.88667890847,1970.8305056567062,828.302689150742,441.99235768427025,2051.2058063517147,1472.9471045813077,953.784789032826,1629.0087387886033,602.8255856587978,851.037486725738,557.5468984972022,1514.6348195289154,676.449237887756,1957.4963240719796,1785.345222282307,326.93440997877656,285.20663081482354,1464.489348078659,1536.884981880552,611.7927335765332,1513.772768701354,204.99398084483533,770.4411372633822,527.1608540557726,1256.0755137883884,141.15469095178395,1373.6844948063278,1495.3135330126738,1474.4239030471033,1543.4676952367272,1272.717457641257,1223.7401794624832,1467.7084008460356,1746.6035334772625,1439.7083032082617,755.6388435101868,3990.9187105310502,2365.1300185846353,3474.5517195632547,1896.4838596667685,3782.444350006672,3716.777814210349,3107.904660507425,2554.6260304329553,3505.395056545716,1845.5189609297117,3167.4917665436164,1952.2947414659968,2955.1576793201166,2559.888338748347,3099.0916773537547,3967.422470155571,3102.5535207427774,2987.9152175222675,2184.670416697683,2974.3768954329144,1975.9082181703288,3051.5089850701,2143.2629368126622,3584.13412701409,2570.403563300806,3549.219973404898,3873.3504536482405,3520.0035895851597,2416.550908321953,3300.003938114778,3657.6202315080272,3817.5617965850893,2801.928064378526,1483.0216100917876,3543.370582351747,3110.2158580755818,3801.3467066821268,2464.832425035274,4061.11882487844,2004.0307317270422,2480.1236383437454,3606.124900161426,2801.5283284358534,1902.7279389584207,2506.1624965462697,1686.7240843929458,3200.3572743879504,2727.1484548930357,3369.5371579192,2339.4533946095694
110.76093908850292,964.3846472772534,1444.6219913685431,1271.0843776965144,1098.8071086583316,483.6897284114468,1344.8418289728452,0.0,1240.4028221928654,1352.9570877340402,1536.9206667527442,557.4802607425949,1362.4977860388428,1121.8215644932627,285.7806996763965,1509.6787310973784,1435.7173487739863,1053.2772094910579,1147.0555989828918,1269.408218630018,1673.6227195658385,295.28811478811684,774.9789392656438,1712.744605116066,1296.064688129628,448.61784721656113,743.1769094159373,853.6619752055258,986.0852793960869,1173.7392399753003,1085.3560932073922,513.641106375736,598.141487904207,768.7046550258973,708.579750452403,1244.1929689982553,1302.5118537946523,845.6685437084309,382.321774723616,1281.1209567254525,673.846077905726,455.7667729684494,952.6525742013596,649.4611607077095,207.85639043531867,1648.1806535742196,1579.6931242443993,1070.75261852364,1260.417706429831,1670.670864471721,2958.306602224634,2407.727683086276,2152.737825096773,3231.1336867236832,2994.7120443143613,2389.1731262378385,1790.7814428494808,2245.8171044585115,2856.4354148494685,3188.968067982893,2056.357644326864,3297.1317230912928,2430.2270376774068,3561.699915093729,1848.0429170015816,2996.815070116874,2348.677060102577,1983.7138845191078,2007.7973474912278,3257.599307262756,3077.0750861590323,2249.610194783688,3338.331403713345,2460.523673238096,1836.1829328717454,2701.124446352453,3546.859210085732,2345.141246577581,2444.043162721135,1957.7484393488571,2316.28119084686,2544.8654418682327,3550.4733561147104,2820.5456811147587,2738.5799772537384,3726.0268625766425,3379.630311012537,2051.5015519443677,3167.9037781790576,2716.9874319643136,2259.0809437676326,2728.2100199558377,1750.7604609266202,3212.028994353626,3586.5358931637306,3022.034281960353,3338.684149362329,1759.349649910566,3797.4704458449096,2013.0279721504332
67.75206151717707,769.6483635414569,286.26551354939767,211.16738905866612,836.0547148076264,1304.5427050655435,1213.0215360354928,1240.4028221928654,0.0,349.0192234707441,418.0938756629543,1131.2591228087197,332.5752018934719,449.28615138001294,1179.3172764798355,786.6705101926708,531.034695113952,1354.0043286478835,1101.1453365697175,279.66925301277183,682.0587056383526,1355.5865315091805,879.5045561288854,818.2579255732987,690.6720687790773,996.3931715624396,1252.8903755768433,1221.518049298539,850.080166556048,888.106073046719,1194.9486798674661,887.464298914309,883.0653597443716,1181.8912008556892,759.6784630985026,1008.067233444989,489.0113152005227,902.3648534729177,1489.6237973209224,1072.0450872829845,667.4120708958429,969.6979230684656,504.76866377752526,843.6806451510942,1359.956504605494,463.80426529205164,351.84700362178523,734.2503071361618,245.12894666326696,849.9481197058824,2931.3794436758053,3314.759706288402,3181.991223403791,2848.8171212231446,2610.5557004148086,3088.2842029823996,2851.2267581392844,3318.716371281791,2305.2705327816016,2736.650917602635,3279.6792879538043,2792.2914353387814,3591.322659343782,2453.4135766333598,3002.882015093432,2869.702498455707,3568.6936141573588,3223.4326328021725,3009.057645611606,2048.2454493478094,3170.474358837593,3476.842474899373,2418.2787992100393,2618.2393756551546,3042.4495105040173,2405.4812274174096,2678.746526259281,2612.273375551373,3360.810111923973,2787.46747826563,3248.3610017879155,3035.603216608875,2334.5069333214037,2451.140753527483,2383.1095919188365,2487.683627369861,2592.7147863817295,3160.0595880640526,2921.9805976742637,3189.5716258734765,3293.2607157813904,2473.3907564221217,2988.435386390338,2507.7945535618087,2533.8650575604624,2650.0846111482238,2179.222870537243,2999.3767919212555,2566.1542377591923,3083.6699987689153
85.80620998623446,609.1107919438696,173.85941197589634,142.68260657764037,1172.344157913543,1288.1520975562219,947.8592577300603,1352.9570877340402,349.0192234707441,0.0,193.6009691218832,1373.9901962221322,664.3054276997127,270.25812066351676,1218.5770001250548,1127.528262453359,182.11501730397384,1181.19571380014,1433.4953735316674,625.8909076230649,362.2002335049754,1527.96901057746,785.2331849313877,477.699196674673,392.2389538237722,1212.847255444105,1159.7022752619155,1511.5812110994643,1173.1186913419515,643.8537796042026,998.15761838122,1111.7541053011873,1131.2033885517492,1078.1986571829918,1027.9761870356565,749.7203372648862,177.443458315826,778.1591490014048,1524.5252185201284,808.9484986128346,909.0861215499701,1185.929076845949,818.3859468820231,1102.5514583654285,1426.3852849605255,331.50018679433765,521.0404494862795,1069.7297223504443,591.7856202698435,501.8706148450202,3280.3914702644547,3190.187915313854,3409.746703199701,2501.277329798355,2946.4453368372856,3385.879451956084,3066.3581513957133,3258.6967848600034,2626.7822940070405,2387.7970377932425,3408.4709624317757,2443.40513720477,3575.1107217984218,2225.5479024442297,3181.1193955416184,3217.568540760004,3603.322856107929,3318.3787591251285,2925.229320406387,2107.141231833428,2863.8246863685763,3522.1664028267023,2114.698774887254,2962.776007703211,3067.965699044177,2748.8426361068728,2928.326543547608,2950.9383942772033,3238.6407298399367,3059.3443955466337,3502.8925094785254,3359.041106354539,2207.3535567981085,2105.5759625343394,2722.9901536837306,2418.699425300097,2866.133033143477,3120.0926116759692,3265.2617662634734,2950.811745153256,3216.699770882115,2818.354111100177,3092.822450300552,2168.00143461586,2277.3497298591265,2303.525876564342,2292.6055813493526,3080.677379052855,2572.350826487433,3027.0782601057736
110.37163527244654,793.6901728396433,132.58022796892664,273.93315119144114,1250.7633352654352,1481.6932063156007,1083.4578715886398,1536.9206667527442,418.0938756629543,193.6009691218832,0.0,1521.3892099346124,672.1329839445582,462.5544240803858,1410.5027622785221,1131.4870590100127,255.7716060475553,1353.5712830333594,1516.9679010869659,660.7746394741323,281.8183512594386,1700.066451726686,976.346170923105,439.1006898770111,529.8545328830804,1369.595187053595,1348.4365053544404,1634.1699450995332,1268.127727925119,800.5558891674845,1165.327352411575,1264.8475377851155,1274.7442568935942,1266.0533536139621,1161.1025704987023,895.0924106157934,335.7276419111652,965.8875775246227,1717.2681747440806,949.5844397684041,1053.2061789294687,1342.5585193658587,921.476366892436,1240.9294484674435,1616.6406478661477,145.7679884796913,437.64709787266736,1149.7681731947694,630.0142832705767,498.71940911509887,3307.042945831946,3367.182714344044,3567.4121996141444,2505.5364343576534,2925.025516249182,3504.516043978745,3228.533819772817,3447.2590504876985,2584.1779349584695,2379.7662149654498,3593.2724817510402,2423.1120324710814,3767.545562780439,2061.7265228171605,3354.9699949923556,3230.7629604316035,3796.8255398874353,3507.900952338401,3110.708533459896,1927.6739236050541,2946.563071817421,3715.385325821702,2000.1852768017193,3019.404462026662,3261.54603475299,2745.2974941740954,2820.8246542193874,3021.813847310107,3416.134200497221,3195.2855569683907,3648.5721526147836,3452.7531444009214,2017.3799904106688,2121.5779265878114,2710.6538300288535,2225.118137624112,2775.566479093839,3310.9288898460813,3260.032831838817,3085.318301226597,3403.0028176939895,2819.606052248914,3281.063243345647,2107.0155613731113,2127.7217005206817,2314.053157279287,2126.6505656949043,3271.4763843275396,2382.9475511510677,3216.242255526253
113.5688552491503,1225.3209966048223,1400.385532822105,1250.9699838800284,634.034511765361,1011.0483562930958,1703.5519675663006,557.4802607425949,1131.2591228087197,1373.9901962221322,1521.3892099346124,0.0,1110.0125012083713,1224.9242548489576,790.3762398970789,1095.4711029325272,1512.720637005516,1512.002714179865,608.8768306480824,1034.125167147922,1733.7297890259829,387.2928717819074,1101.2617836859145,1821.2159064481998,1473.5017215136415,189.48211692041443,1221.017581351833,298.1630408012258,518.1688680875754,1452.1687980562765,1489.4414257616797,266.761295606928,248.21543017925217,1219.4795380396736,378.4069547810677,1553.4030528093288,1395.862865105415,1176.6475700158499,936.3801347641296,1605.4490346478062,468.21586410912533,211.09084354833163,670.9701147812218,290.5454641662211,764.2236204857337,1592.9362965956395,1405.5672473389486,647.2242376689502,1040.5014067073807,1808.3021015957268,2413.3055590165563,2952.9199891963326,2050.7713126752797,3593.372174094436,2440.3540311939173,2050.4210770461864,1722.0031836846442,2749.131014426423,2319.1230585683593,3527.059498998311,2242.0805583307247,3618.608681778273,2877.3884739320947,3580.5533608362125,1899.6773299453073,2443.6383523073496,2722.010677624555,2251.836819732034,2538.6425669832224,2977.820922376727,3564.280278875537,2607.7571132516696,3479.25772101516,1935.6821468294538,2246.189723379449,2144.4446939477234,3064.6448687636334,1841.1329684630232,2987.461723039898,1690.5670793631186,2129.0910215940994,2114.4315410217296,3447.3718657749664,3178.9400016379805,2184.101473855628,3558.51106577627,2878.1558333425305,2541.2079048383484,2610.686021857499,3261.4489407399583,2776.7573654678736,2170.7837781695625,2005.722229751432,3454.338165309314,3647.876828883275,3383.843653141825,3002.9915335268415,2066.6563923269027,3551.5026323478814,2521.203246267271
96.99945294339861,1081.2321602630295,547.8534878012767,537.315184372651,641.6972235378104,1525.0395673238922,1542.389620503702,1362.4977860388428,332.5752018934719,664.3054276997127,672.1329839445582,1110.0125012083713,0.0,778.2927840773389,1366.465916234131,464.50331292834403,844.1221125832316,1655.4790003207102,903.6468884872168,95.55402063306707,953.6621049343519,1409.8520508277222,1162.1431404800092,1106.0537721261785,1022.8882214399397,1022.8418742542483,1520.3324450110274,1116.3513481601944,697.7289570585402,1216.236422577913,1507.4774334695528,914.91756303894,876.803268711878,1456.8029668056408,737.346505265057,1337.4249626930232,818.1331609555886,1196.3369456420373,1666.1765276569886,1401.7434190786619,703.4197009153442,999.0267284074849,441.97461863377964,825.3807455850473,1516.472139777663,651.4633991469431,332.66174183012214,553.2980667772183,116.48628526564201,1151.94254660044,2635.0484195718645,3574.636739679543,3126.7872155337905,3161.683721610052,2282.770171531814,2931.013361158619,2815.6936246421483,3536.439666102428,1972.80159373875,3043.0008466605987,3336.722436438322,3091.4639174397676,3774.9092992599303,2575.942068220227,3009.6036179952107,2561.848222477003,3711.087258492511,3314.4105398792885,3245.080912307162,1899.5312348643988,3502.9932358164574,3610.732528551469,2630.46669473872,2356.0033360693715,3197.004043380263,2085.7074031237644,2371.3255611728155,2370.334195221983,3619.013410397105,2674.556813246731,3156.433182831478,2829.289211998093,2355.4371813523294,2768.705889798576,2058.700295054852,2448.994714658251,2272.9190891872795,3364.557132445376,2601.9399885247462,3506.3272526077344,3522.551159056658,2156.6466009440433,3072.831466458571,2776.998038269588,2687.2690352959353,2965.6136397582213,1979.2517829532565,3105.509024291469,2455.4023843831906,3300.6408438673934
61.49148158304557,348.32129585755376,426.5487829808998,284.2041585299653,1152.1297344241225,1020.5787304356719,764.2102427182838,1121.8215644932627,449.28615138001294,270.25812066351676,462.5544240803858,1224.9242548489576,778.2927840773389,0.0,963.0873919685491,1214.8665539222347,313.91471754510536,932.7187494053943,1395.935699737482,711.2034867857235,551.8064746772039,1324.1411584998857,515.1250812593091,604.8273983797137,278.4675227254486,1048.3865055044478,890.8837244399549,1406.07894874277,1125.9530757436587,438.82099375324896,759.9465760395643,958.1746468571341,996.875717387152,810.2357062902244,918.8136924259596,559.2179904070997,181.53782866407195,511.04837865164524,1264.6086689084507,623.4637717347093,783.8196402243041,1022.4543857148495,779.0792605719596,979.7013916400193,1176.2227106081164,601.6690392493617,735.7044666373723,1051.8628047145025,677.4622980589003,583.7641485065299,3303.11887633978,2931.180068204077,3224.749606619031,2479.2860617454116,3036.2321397362225,3268.626370128713,2873.919879281149,2989.456707308267,2745.7474017443556,2384.1613479667103,3168.984754710445,2456.2552254181887,3305.0794107742367,2439.9719094300694,2965.487407398067,3259.3678070432416,3338.038242421004,3067.299911576072,2658.219368921231,2371.8920715076883,2729.0796617715496,3258.745264141747,2260.786980609426,2944.408286476173,2801.836866888146,2816.4899901621006,3122.2381943575856,2911.3927785515416,2979.081047492935,2914.3502095451745,3339.2089241291656,3281.9406371629757,2464.000611991309,2071.83809563921,2802.4770954807987,2685.621374906612,3041.1519415827142,2849.907487004452,3331.7884958464424,2744.821097007503,2948.9832450102626,2879.047025885624,2845.2992576101337,2240.2506759252196,2471.0683584116805,2274.914798999263,2546.7400354123984,2826.142068742443,2842.3208545702146,2757.5277112356084
101.04860585123582,740.4080527042519,1337.0098610465525,1162.5172968057148,1236.4498687073656,221.88185172331228,1071.88667890847,285.7806996763965,1179.3172764798355,1218.5770001250548,1410.5027622785221,790.3762398970789,1366.465916234131,963.0873919685491,0.0,1595.883094632406,1270.110103866855,767.5274320545786,1334.7762601900527,1270.916777545533,1506.122362045464,580.9732578147612,534.2536307158787,1522.5961054783147,1091.217015231161,638.0016324733214,457.8258073356137,1087.2935693094548,1133.3749958333126,931.2901515549084,805.1125338200022,661.6633964329013,754.4684708018534,483.87489053214233,828.7677490078869,988.0590962028433,1136.1874555214772,597.3147887629545,311.186312275098,1019.0866907439096,747.2135132651563,634.1456494003215,1009.3252545041755,795.1944042721697,220.8201913808958,1536.0823463834413,1530.46365606618,1187.1866710200663,1254.6461018514306,1469.3252378500092,3203.6138823222805,2262.914959280976,2407.0048495851133,2950.041865792269,3190.6178858375965,2674.3776048038126,2041.6631447725665,2172.5020439678497,3021.2089546788375,2911.646589439212,2216.849547941157,3022.6269844043686,2415.3181122761703,3382.4203778924916,2064.6469093769765,3230.243985837259,2395.644598299988,2104.4875638432363,1896.5544643610608,3226.533124768908,2797.830601025408,2309.125959223567,3113.994575692324,2720.610533693103,1865.5068134742967,2907.105952798713,3649.9849843148054,2613.9525184827417,2303.0977028588127,2239.1816087781494,2585.8636367891327,2828.1886715057476,3425.1860287461345,2540.595412519413,2935.6904491805294,3630.6395644084146,3501.3497873261763,1998.0913441548157,3386.8888718059798,2472.527237874814,2165.7757872289635,2940.7475479418927,1884.5409936128253,2956.481973804908,3390.0579127751425,2741.270357510233,3339.6408736867297,1863.2579189536852,3742.630119300743,1936.7927214628567
143.21011259438322,1482.6566429394404,1010.6190106540158,996.5505400562785,468.1190958371094,1788.231996869889,1970.8305056567062,1509.6787310973784,786.6705101926708,1127.528262453359,1131.4870590100127,1095.4711029325272,464.50331292834403,1214.8665539222347,1595.883094632406,0.0,1308.1165667625353,2028.088933224192,645.7268932109341,508.0688571553766,1413.2341485545292,1463.7772860069192,1522.0437868858166,1568.3684348680013,1473.9977458173225,1087.0261138062954,1846.362422804281,977.0036082338123,579.5694837718755,1644.234874496394,1901.027395715657,1000.1161438677639,926.0492785650391,1795.2363556982286,802.1711380175989,1767.4462444470378,1275.6786506248513,1569.6808131372597,1864.5917912081122,1832.2378669219531,850.9766162593548,1071.0094195927156,590.2873216550796,870.864771126526,1696.928970234433,1093.0176113260695,738.0481318181061,451.5220518182425,542.6479897005902,1616.194543887449,2178.751720621945,3855.4427022405284,2957.7588694012147,3626.18699648733,1824.4858752761775,2628.396796486187,2679.906960118153,3750.5981921224875,1535.334620031831,3507.0039961331954,3319.6699303689466,3553.956905107429,3934.6480221440415,2917.298617321796,2928.2551435126675,2099.3320463325217,3810.636566097955,3345.686670402842,3490.7872806755677,1928.9104619383343,3943.167926476679,3699.1827073528225,3046.058769572482,1931.6165948601829,3321.446244653411,1621.4491327735905,2054.337334211473,1968.7558775762939,3896.705473963005,2435.6116683117984,2937.080838425388,2465.6764300954305,2595.915421862737,3232.80787049415,1596.5654542791735,2615.216764121309,1915.8168468647273,3560.497912951311,2137.7994525259737,3893.010280653775,3754.7972240414324,1692.1489298217389,3099.086346816364,3227.7483597393816,3055.234323619271,3429.9935716466944,1917.2283869667858,3161.9710326023796,2522.4829322670444,3516.3050803346277
103.13788623191418,586.085938791518,319.4443917299603,322.4506968610114,1348.7998284337077,1309.5027497578799,828.302689150742,1435.7173487739863,531.034695113952,182.11501730397384,255.7716060475553,1512.720637005516,844.1221125832316,313.91471754510536,1270.110103866855,1308.1165667625353,0.0,1116.8204106287246,1607.8170085024258,807.8714822077784,238.00692804254663,1634.635842190494,787.2782052502143,311.12534131201676,279.44295482917727,1343.2338025988201,1143.3659558128338,1668.434492630306,1344.6274032524186,555.1808975091787,924.5025237074631,1247.0966491727238,1275.3503367437916,1058.8535958628531,1181.1593252355383,642.9580048934665,134.17576898862626,762.8725790827209,1566.3894501107882,695.7316624610523,1055.2305365561645,1316.7057317760023,989.2498747072935,1251.1710165350858,1485.797974722264,395.75207181965715,671.0827270408403,1246.1521188286629,773.8204652969428,322.40148234885135,3462.402513363705,3131.5237128787644,3531.10777605974,2319.4871982512714,3124.5060201816677,3541.222887811734,3182.5148191551048,3234.4878776414703,2799.5711258402534,2205.6880698320833,3480.99626232063,2261.776039961988,3572.7329077232007,2126.0590123569627,3278.936487165388,3399.5719243221292,3627.27998364096,3374.234016474387,2889.9102609877887,2166.7075527560537,2704.0849671349165,3551.9354246783964,1966.6557426193326,3141.7521308246323,3089.529657288566,2929.565493407915,3070.898139606985,3126.8216391029437,3181.081586193693,3202.7863650517575,3637.11086300175,3527.0837452309506,2167.789642304612,1924.6921417633246,2902.541334680053,2409.5534982329013,3019.0541356165913,3107.1745198591652,3445.901365765927,2829.5598111455674,3183.8474247712893,2999.5783113165294,3154.387855490343,1994.1114361030393,2159.5666517449113,2122.1532777804546,2376.6297912514865,3130.674613700444,2601.601319706952,3005.8072135590796
146.8545828028306,587.430051978449,1351.3292388451248,1216.5273081401936,1796.449303769018,598.4788897749258,441.99235768427025,1053.2772094910579,1354.0043286478835,1181.19571380014,1353.5712830333594,1512.002714179865,1655.4790003207102,932.7187494053943,767.5274320545786,2028.088933224192,1116.8204106287246,0.0,1966.1363196041618,1570.76922922539,1296.3512535195503,1348.500451056227,506.58050605101613,1227.4084066704838,841.3216200284955,1333.5846901020034,311.26992156246314,1795.2577190285026,1719.023676527049,565.5320963995355,196.96886714076217,1313.8782160424373,1400.0289551246408,292.9370798575597,1417.5900804920482,512.1625796623633,1017.925923796749,460.5547119881645,874.4584845257953,490.3698302687529,1290.1562334313292,1320.41391750505,1466.592455553401,1422.0438488946324,931.5971401974482,1499.3386665072017,1667.310846433204,1717.8039801162568,1541.6257697910094,1139.7150144813222,3895.170802777894,2014.886939718156,3112.547003095579,2204.586374613963,3781.781415868833,3440.1255575429136,2744.9051217648457,2145.2171128472064,3549.6813717102996,2182.303294385517,2741.862058679787,2304.2136188238596,2526.715069674162,2996.2609352827044,2704.317221719711,3897.9059758666826,2661.598607337922,2552.3053469273054,1786.4964388497938,3280.727432804926,2052.8994333854916,2609.633794161966,2582.866515977461,3443.4111222380957,2128.7217236660044,3523.2213522059833,4026.474663630216,3353.0708014865345,2064.3234634828123,2997.416348327865,3319.9939286993267,3592.2478650853313,3205.6659212117247,1801.9407812167162,3533.32453915575,3492.4529906784037,3924.1842903684396,2041.4420336455196,4023.6295668604944,1865.3749100090124,2082.0964065383387,3569.5828508994578,2371.3937911784915,2313.5870728074096,2947.3641704226825,1997.9939864963903,3473.7612452041453,2290.5133234247505,3715.2536087157396,1923.7378305938591
145.1748878000467,1538.1366689737058,1384.3877083659472,1291.1907188928421,267.0256974740494,1554.574980087091,2051.2058063517147,1147.0555989828918,1101.1453365697175,1433.4953735316674,1516.9679010869659,608.8768306480824,903.6468884872168,1395.935699737482,1334.7762601900527,645.7268932109341,1607.8170085024258,1966.1363196041618,0.0,874.1801790118257,1782.3775538898592,993.1173822181734,1486.5381167045264,1911.1281295308722,1673.9011887346232,703.7945176961883,1710.4735976630423,377.25232638753727,270.5636957208079,1749.2424919762407,1895.2053951458283,675.3344229362574,582.7516356379845,1686.8854283046398,549.1311167501771,1867.6589958012325,1525.783990161313,1554.2167769628154,1529.337354050222,1928.80231975929,682.8163782673267,703.2106396443083,620.9652186234608,549.7588588307668,1354.49079158177,1533.8194465262086,1236.1287040593372,367.1997684148854,899.2648463126104,1929.6791773547639,1941.3611431504833,3554.071428401351,2312.0840981868823,3872.9524961422144,1856.0097228080122,2029.093721154444,2038.156745668315,3357.7207001743,1711.9641598181895,3780.0967438246353,2720.678214191814,3850.6649842709635,3474.68342931423,3478.5192982662074,2301.1874730316404,1932.4003716544908,3292.665586418748,2777.9202675760544,3145.537568471117,2570.721175386201,3999.3697091138447,3172.754365088992,3513.6427749951586,1549.1017291711162,2834.815146124099,1574.212389304378,2471.617967682775,1519.80895634382,3589.750420465035,1799.5796060376847,2296.518139040169,1936.6839765357886,3216.713116194983,3463.201387936362,1600.9297344623587,3255.9548537245846,2275.58706297225,3148.5806102375113,2063.097842509289,3790.5726500408555,3385.4936953166193,1612.1451498428778,2530.9051586091773,3601.278065233666,3590.3611466671878,3667.2528685493803,2537.380681777515,2616.194237424845,3166.775052952422,3130.0504473485244
83.55996149756092,1001.5630356593376,530.7833735925681,490.65990263717276,607.8892850594833,1429.9727151448499,1472.9471045813077,1269.408218630018,279.66925301277183,625.8909076230649,660.7746394741323,1034.125167147922,95.55402063306707,711.2034867857235,1270.916777545533,508.0688571553766,807.8714822077784,1570.76922922539,874.1801790118257,0.0,938.7848771865131,1323.6065571941429,1074.1649575772385,1084.6619859823932,966.1603861171737,938.5743533849864,1429.0453396685325,1059.215924015582,649.8053925674803,1146.079532984833,1426.8797253214188,829.7230088407047,796.38044914542,1366.715660414815,658.0030570246596,1268.3716501730146,768.1830942781596,1110.713859085274,1570.8381762092492,1332.999902988278,615.0287088023915,914.1957202946393,363.1761533436892,746.4646979623402,1421.6806269354634,661.1136558268967,380.40627801235036,512.5813736110506,34.61524015829825,1123.2469520661118,2656.8740453075525,3481.333472931829,3062.856766880635,3127.1201098215647,2332.5415868983973,2893.7500171686256,2747.248818159645,3440.9562470393266,2034.5734643746093,3013.0305437317124,3252.7333270622,3066.0627622174893,3679.751598129999,2616.426857083515,2933.3058490248245,2591.700473671731,3618.0833883444916,3226.0961317927167,3150.164915891055,1990.3099534642306,3440.049021487612,3518.35145568304,2643.346776021722,2358.629827807864,3103.0757976076793,2125.8133704571355,2458.056191995115,2363.546058855225,3525.5432637200174,2624.1943940924566,3101.1703275951877,2808.579983967776,2419.8749299903834,2730.3662111613717,2103.9286187077746,2525.0157979701394,2354.3598769689174,3269.008110288938,2642.3120644976857,3425.9526203361934,3427.3398450152063,2193.835867704715,2985.153112221643,2767.146300645981,2719.1731718880073,2928.9612340496483,2074.008035456981,3015.4600793792474,2542.352044568309,3205.156579773029
135.7515469377777,805.4424571677397,408.13170498233376,497.7867381929269,1517.9532338218576,1537.8385731360438,953.784789032826,1673.6227195658385,682.0587056383526,362.2002335049754,281.8183512594386,1733.7297890259829,953.6621049343519,551.8064746772039,1506.122362045464,1413.2341485545292,238.00692804254663,1296.3512535195503,1782.3775538898592,938.7848771865131,0.0,1869.498762703453,1012.8186911185654,165.18369885216194,462.952654233225,1569.0061187648403,1356.2410439061625,1873.3753138815148,1526.869088769297,731.9427203644912,1099.9165019435927,1469.9799177778173,1492.3011268474577,1271.0360771640974,1390.1758339826038,794.9416912772393,371.8868743472525,981.596065667565,1799.9107337021449,836.5401849356911,1270.4298781182965,1542.240150335909,1174.2092905375644,1464.452353894351,1722.6380657642987,353.99782949543345,706.8313243238308,1415.9346658212871,907.0815933219769,245.85846157758212,3588.6943540447137,3302.063147480042,3762.110207811421,2229.542232717914,3201.227784555776,3747.626953708996,3415.3558118082906,3433.168751180309,2853.3250569375004,2100.6610890965017,3718.5492462531874,2141.986665407778,3784.9037614720487,1888.322166024453,3515.9832809266777,3512.438776322321,3852.4270489660184,3609.3985732604865,3081.12798303585,2021.5890201175573,2719.111581826546,3779.429588742974,1752.5812507034295,3296.266214209993,3314.1454262467178,3025.445952810683,3043.1818584284706,3294.037132142037,3352.52963885675,3420.831680216731,3861.6938085970905,3714.0812285311263,1943.257842956941,1850.618508705495,2989.231960503119,2201.7974533827332,3014.1801984414456,3313.6493788960806,3539.707412883548,2923.720837381774,3376.2735301155362,3100.375974782471,3390.656287812495,1828.6486880430673,1925.5950762497944,2040.4887050876405,2259.353969989259,3364.6409736114833,2423.3565860176263,3206.980406405699
