0.0,349.64294324493255,168.19218537452755,717.7350154525938,300.80688465063673,261.0134343338624,577.6980745652395,825.8076893449661,506.4300161817894,603.5839863344378,455.29069852628817,815.260263909854,834.2855667363009,911.6333049309779,470.1761094454274,700.6596181528662,516.939271552659,960.2595910618758,700.0470585206862,754.6491822105212,658.6935771345894,868.7987732541759,1130.5261121298065,862.2966383286866,276.58624559865314,443.34418342104607,44.203775475343825,555.4118401556007,696.584735943206,703.6547239214696,423.78459856733093,538.2773694869373,1065.0203660870563,833.9721719887848,944.0086537539995,605.4508381557853,654.1148989584933,891.182161503769,341.6261842413918,998.7922972953003,526.6639345870489,1076.4200330535773,719.4282175026084,527.0330360658543,256.3703475772407,783.9179495965617,783.3219816437305,590.4434441991425,236.77644647357954,319.168941698551,779.8457818873513,201.14003830385292,623.7350424944746,1041.003323558446,531.3247154132468,873.1111954584627,970.6898717770781,787.7558018423242,614.4631184608392,742.0190230926372,451.3182223757749,540.5149468721164,650.0251836940362,450.0064236452294,876.5928206819434,496.7737133145719,684.2581888679108,941.0600168064393,288.923606438361,793.524002901606,1150.006257612464,696.8312871034368,755.696122674476,209.81045651518383,699.8735587620197,116.48488987402358,1089.3214498255963,1025.363729339873,566.8631442381001,336.55651707650105,84.32050547207106,466.5829804622691,913.7384774147329,188.49526168337707,481.2626383090057,561.9161144861284,1047.5044777148044,335.3793321051076,697.3018903924869,90.72026306948965,896.4495501204873,484.51480710821545,679.8569623474558,374.2506999314221,998.2303336048467,156.1539085878815,719.901754529763,215.41344661030968,868.2515799080277,665.1276705899771
349.64294324493255,0.0,424.2567834366592,686.3367419537208,292.3022824805934,497.63405880427456,283.1034398223198,510.6168503087547,195.68021778383562,264.31044948780277,511.1094504128286,830.209513070634,821.3955899882827,881.9679045047512,142.83403888898658,381.54303944379444,559.7332370462121,749.7692135692257,458.7914312643871,532.9206870533881,464.1923674851038,548.0792472367792,890.3644719285454,841.8444002540697,139.53405794839406,119.89962915530377,391.7187565495719,206.58148893453154,379.1785055302005,615.789853096224,152.65324804884708,367.94494501542687,821.3608178035818,700.4526229881587,682.5099716238268,615.7732757267116,313.20508501259644,578.7186484633389,519.386709493609,838.5267511153562,326.4143967609782,824.950656001558,792.2452711853008,194.04457592814887,400.5245733944807,706.5157707720308,433.98218897137747,274.45103355199757,230.5870275486684,338.02092521647495,681.8129656760779,455.7507238153308,326.369879974543,815.0051898844079,383.8392028243225,617.7322108754705,670.5941588262596,463.3133024859636,302.7503398840339,507.83831268569844,123.92425521770055,227.89490204048843,751.0362577593829,270.415163491646,729.6368417068406,475.44302550740855,652.4841346589542,710.2214729359271,157.43206392420174,595.8271700181426,895.9361490136649,356.1210303316801,501.14859213562005,521.987927961152,599.3611711207578,266.816641017879,863.1870186642565,763.2823473171628,472.4876614081174,359.42254546133694,329.1715701157977,192.922662259264,594.3039389246754,533.3833649408447,180.17647757827112,647.8534277045248,786.7349194429006,30.33995073059622,551.638315746788,391.4403881082724,805.8592271643514,294.6245650674918,368.88856291191854,593.6412611863411,706.7343760879439,504.81667839662765,580.4288782995187,365.19189360384576,809.3756963190185,442.30225215530885
168.19218537452755,424.2567834366592,0.0,585.6100593511006,236.89682793928105,93.84466158262452,690.1354830072177,827.5303520286507,529.4605157855244,641.5103602585264,314.6231756153944,665.6758686554818,691.5780987655032,771.4148773183333,509.3556244162553,802.3048461946039,374.33007703395305,889.2906645301908,660.718097065014,700.6337072243041,599.0139079004286,873.802941817703,1069.5907004589005,720.8671634933862,400.23153226579575,537.4251621841519,177.17228189333682,613.1952655011536,799.2865025384884,592.9528414579864,537.1743475289849,482.1455294401646,1008.0575849287424,733.7324507172615,902.0580259961603,466.49842675582477,737.0403490555683,887.8241024448814,175.9524535633581,902.7952975291155,486.93367155721205,1023.6488889597468,559.5609347466726,617.2691710657415,121.8007494740341,664.3615926286786,836.6212639260696,692.6047795265924,221.21702555078264,230.03129398298253,668.2901040577077,35.545478168348474,624.845247109843,975.0714658040257,465.53191696899637,830.675640556171,954.2510570480481,799.7262977907046,626.4809249236382,695.5412191502056,543.6005253915883,643.4360913313823,486.82609352619227,416.0606536752592,779.894624964105,380.6011744675355,554.1879547310969,881.5657600277686,302.82174216650554,724.7040056938213,1096.65299043335,779.8281192409436,719.6322407919115,111.22659731685356,594.4905831918593,162.94860456678964,1021.8919783391409,980.7106005327587,471.91752685938883,237.88663515797612,110.7729817023286,475.16752276794983,915.8829778982099,177.908354769573,502.13657169960925,404.2810999126522,1001.2945449417056,421.2710821251576,611.2905003609012,78.73041914573322,776.6585356684303,447.65504377715666,686.2279423218914,207.52859797399068,974.3205946811778,181.11551888081897,629.3753161923453,103.64474273733597,738.5240197950757,619.0992716794566
717.7350154525938,686.3367419537208,585.6100593511006,0.0,441.2450264734678,535.3231790344066,938.1292199218896,670.2875143740122,592.4789118375984,682.5973853886964,271.47869151951994,159.78982400376654,135.41138884148833,199.67733923878393,629.8449218915252,985.5797149036697,214.83291942832477,451.77549156293804,436.2565395666544,398.01860376170026,341.77291015677787,712.2844832732824,632.690954312774,155.90206106976422,781.1766769887573,786.2322071049462,745.9290718956506,726.9033681149541,986.8378878562429,119.7180023048839,837.374242012888,349.68119808244785,594.3785915256526,230.31593080180218,565.4387040227349,122.90659104559745,878.1511849625923,692.7346639606748,440.4433286266165,379.02932550455864,401.4772375550289,621.3336042861333,224.42837644501466,822.5697685557101,468.0112227592568,106.04921479456178,850.5251710755285,907.7285253673099,525.4468640816139,407.4321779969533,141.92197722630297,572.8184807333282,560.482782854008,537.0988725069969,321.23377162652065,514.7496971243673,694.1761701295756,687.8789686585843,595.7555866824474,424.3262317997517,784.9335602889664,876.4816831020031,266.8701601248793,424.8374895628217,276.6161363393226,226.90370008611035,34.816369355484355,487.2716303964374,549.0258029571464,351.8133616298535,680.4759368178478,908.0446095925283,474.2987056214632,659.8153269672877,146.20413869201167,623.471998546109,571.0481502850749,614.9504401202252,219.95389003873086,386.57085052853273,633.4479481595623,539.6307982551241,731.6131367607387,752.7217039705436,578.6253926484713,241.34718353478544,625.7692864682097,709.9667523387351,237.32827506492802,651.2675352344673,202.55733685507366,412.5179775256362,605.1672418491003,490.52817374065427,682.869063641702,764.669235900828,221.65735155237275,503.89821603373093,153.0015048878169,397.6798529244648
300.80688465063673,292.3022824805934,236.89682793928105,441.2450264734678,0.0,264.05280590201767,574.459613232545,596.478446256905,320.756636897605,438.0248156928768,221.87463667316857,565.3282599015267,569.6230878274409,640.6625105384448,317.8949979312031,661.9574074778889,275.72401644452447,664.424316389232,424.0799516796385,467.16825812123557,366.9615602419546,643.5171018033801,840.1335531517938,594.5708934897806,351.21666308418475,410.73886504260986,338.4222918010691,431.14452048537686,660.6631744070287,408.30013016296493,440.8601901958174,247.72302633863163,776.8124976557677,533.8622046386962,666.358187257362,346.2423847670063,575.3155252010167,654.5989061377908,246.9311045092286,698.0099087621202,250.0390683390732,790.9637553748804,507.2026270343163,475.0233229658705,143.2996284901736,492.90076333713296,638.2837946315083,560.5908650258456,84.49177974115135,45.74182640646643,483.90069083655834,251.19493064605913,396.8745184639854,747.7146627968395,235.03062731433224,594.8872097794766,718.0372934331061,573.4478785562313,404.4320320968644,460.067098710358,413.36784700066124,517.0224447768669,460.4369618101204,180.445114190247,575.9370326713872,214.4424509934806,406.4980858831479,650.9266363946624,134.87414191221893,497.92114414968853,864.33550090239,615.6736540178089,482.86215937663826,347.0781568331842,402.0759484052337,190.91111535485248,795.4441953635403,745.7179056753013,267.22907477269433,67.75900951249804,221.18479481673177,259.27582731027775,684.1902477725641,408.8160035039697,293.95548344382274,357.5982893063139,766.7035421312722,306.2472604368193,396.64279463526515,264.5659291169062,604.0092182268882,211.08389427427412,459.35535819783775,330.40091742886926,737.4784955029859,401.43860532307434,419.09658731008244,134.96100301927999,584.7721855263704,383.2015942284312
261.0134343338624,497.63405880427456,93.84466158262452,535.3231790344066,264.05280590201767,0.0,771.2862302670555,859.6479746197655,578.9311966301051,694.5813267125861,266.4490445055678,597.9276263551106,630.0622125861157,711.2496222649539,566.5383513827487,878.7987508397475,320.4925273385879,878.579173559899,673.877230852496,704.0258818506601,601.6844321233366,906.9027427463045,1063.0139422087868,660.1681464704054,487.91172862513787,614.4453302207717,265.2205419455111,675.3215461371681,876.1870498055874,560.2167431250411,620.2183264925746,491.6272799011248,1004.5835037763334,705.7125471745746,908.9502445054144,412.9286177513303,807.1573198796237,916.3783764536944,98.49483770872105,875.2146281644258,506.0171231143624,1022.544990249778,481.72608658683504,691.6780622172786,121.41561870923412,623.0068553952266,893.2604692143642,770.2656673361819,276.8587800731224,240.86421140867608,633.1271149560645,59.892247572361065,660.9124391037487,966.429044223501,469.71329537802507,838.4038035189827,974.8860479161259,837.4988659535663,667.8962969313477,703.6085273064898,619.9131506419062,721.8869088616343,405.26215978985533,442.293351494401,753.5938879397482,352.12104470792457,506.4373801170544,878.189334339208,360.9222815793294,718.2633204118187,1094.4344215034755,849.4917729381699,733.2438822887408,124.58848075638915,565.8069601981497,248.36959914725554,1011.7712744861066,984.9615316372544,455.5137886879687,239.747560952922,202.74234575526327,520.0640972205593,946.924775317432,219.67278752811185,551.6052585890458,331.56557773213876,1004.3758548674645,498.35176825653474,596.2003736402997,170.45051258130738,733.2787593615168,470.38985205602137,723.4077047516213,113.68750842832377,990.5719723409749,238.26153688631646,610.6196801208569,137.8114459567215,687.6858967097816,629.4902164672584
577.6980745652395,283.1034398223198,690.1354830072177,938.1292199218896,574.459613232545,771.2862302670555,0.0,546.3944784865851,355.0010302400688,313.3395052972672,790.204854326698,1090.2148867829715,1073.1381949647055,1125.3490893863232,309.6944687796951,131.24662393704972,835.4386353194379,893.1689873416706,612.8008080980637,692.4088076944199,657.1205687167617,563.8629986835552,992.1129351089338,1090.1844206183023,301.13431711755396,163.7254115985159,612.0128416273409,235.54641736801895,125.66074160889006,850.6453161244735,154.49318978986284,594.0953908342335,924.7528922296113,904.9315177529519,778.7997116327995,882.9047618532435,156.00869775130946,608.0536206189481,800.8248008136121,1015.064884006435,543.8022153036679,919.0144429344932,1066.4443301458562,117.26847847754524,681.4884838763339,939.3121084202954,340.60037592345043,51.01959158949951,512.9493026470244,620.0273306411981,906.8030778814161,723.9496849899142,446.0991239601345,937.7385650369014,618.9355868949167,729.7814424854735,710.8123251132678,487.1265304588952,406.52371106512305,659.7299014866549,161.3777994197775,61.65069859171188,1030.0664288143566,513.7359799109139,923.4309249609881,743.3246103755907,906.0416980892572,837.9973906048423,439.92443664329153,766.9521090541537,981.1498210895563,180.76476764526703,632.7945627969167,776.101624924171,829.9269925450844,527.2564683587709,981.8793938260633,850.0401865911973,718.3384986777309,640.8993767374039,584.7517437339565,399.7696147588639,605.4763080933345,765.5318570584259,363.0016453602904,926.9204610060688,872.8808064990808,275.15193753809643,763.7358009140278,642.5013232368262,1026.2799696567652,526.3004131998615,449.95565279292106,872.4423427024225,757.316570600039,730.3012917338945,792.828798073589,643.9081229110099,1044.248882629083,616.7872864291212
825.8076893449661,510.6168503087547,827.5303520286507,670.2875143740122,596.478446256905,859.6479746197655,546.3944784865851,0.0,322.18991494449244,257.7049492701439,699.3805592891705,825.2832989930226,779.3194780609747,796.0481839818945,368.5766477651863,500.331892248697,705.4940696684505,398.8763666188299,235.78974688117185,278.64369694788195,333.29898021649376,47.81246462346339,453.49182592512193,781.9761382961442,646.4491456550174,498.64120161202334,870.0070743009834,339.0937483864149,505.5431001301533,551.2507139503437,568.4966793398356,391.1810789713394,389.4517801187859,514.6370918733237,248.13484815571488,691.5951251556841,401.23844171696624,68.24563276020231,823.4025692833468,552.9482174625706,360.2820645778208,378.9365528068932,878.0181196528071,456.0139943759983,738.2377841961087,611.4642044284778,254.95557188589905,495.8581471302616,610.9744368616812,620.0884663851373,565.3027412477335,846.1951576770022,203.79702591635117,416.25770354691025,422.41868588273866,223.412246648001,167.03701583869932,59.463915618005096,212.21500915139057,247.9162443947126,489.94293420951874,503.9407329672375,885.8503891066691,417.44629431328065,506.7893968563162,598.4396542724782,652.1731574314167,331.87700865526665,539.8743104033314,346.0504206728154,436.66506386214905,400.7832803236561,197.77799479490986,938.7328938439464,524.5891834095886,715.7402732984169,454.314238622527,308.96577242589217,500.422586440896,625.4831873478618,773.5540802201695,359.9730521442189,88.58356920800318,984.9773391638889,345.6470788957606,802.2902769104571,330.8057958745484,537.9174721254175,433.3322610716163,832.744228298212,649.497342455509,391.01707300985083,146.01915610454296,908.9047159585691,211.45622866887445,967.0298185069267,452.47378855933454,730.0673827376642,702.1552583159876,279.3742853210332
506.4300161817894,195.68021778383562,529.4605157855244,592.4789118375984,320.756636897605,578.9311966301051,355.0010302400688,322.18991494449244,0.0,117.43816014190243,494.5197141113751,748.9957174267571,725.8808716582766,773.7275568073853,56.87976101482539,393.3611051474293,525.9342915225126,566.283697800243,274.70915944667206,352.9128480933452,303.8199399954226,363.38727179354294,697.6560799568518,740.9078128630355,335.1325149784723,229.25096697076802,550.580456101402,134.92486227700223,394.46289245613303,498.1266725636624,297.6850965256503,243.2955757339374,628.5216968660424,551.2032561274568,487.9101835610284,554.2325018909371,287.9590610657815,389.31848596515647,567.0313029291779,670.9356245071046,191.75074251358433,630.8773533187748,745.9071954386383,237.77484083884679,461.661941174301,585.6637805004575,317.7631831179704,318.74670496595826,308.2581004350737,357.5464294442919,552.0952922375265,553.5364459491301,130.6903767562672,625.9706129863191,271.3479797355719,424.6657615219196,477.3604073397828,281.38362669858833,110.17291576196224,324.00611698052114,223.81971944840723,294.45094888261264,724.2873404318075,182.2176661962196,572.2889393758834,421.6808050738818,562.1710519181731,521.5112621234119,228.3384296256504,422.77710051476987,701.2559499222049,321.6335525020912,310.4755062157148,638.7180326871803,476.461883348029,400.33433233572674,673.5521830382752,568.252252148119,373.5049809332398,371.3382704143322,460.8090936277313,63.99851374514499,408.9208847401717,673.7599899066624,27.39980000018351,624.5885787906335,591.7473204064348,225.2102623108494,408.75889022578696,522.2412382618246,671.2837246603655,182.835852535935,176.93172690534462,651.0906274328686,512.001999462178,652.4256187706706,437.87773451152026,441.9232134003666,690.5832121319588,268.4682554271312
603.5839863344378,264.31044948780277,641.5103602585264,682.5973853886964,438.0248156928768,694.5813267125861,313.3395052972672,257.7049492701439,117.43816014190243,0.0,608.1102021692318,841.6066062330692,812.6191055444795,853.266232740942,134.33357604576108,313.82693320463784,636.1447996614871,579.89506231512,304.57516904521884,383.2769065675719,363.9774682204409,289.48344711025885,684.1018970193177,824.7765533486504,393.9458053001517,241.1017583134098,647.1893587370572,83.66059973810992,316.567816786102,579.0294985139492,311.4008602331447,335.45257748980384,615.8173232281232,608.051407527958,470.08328022743075,657.0573385479508,202.5668058447237,325.3999286514729,684.4486268354706,705.5392075419209,284.51719045943605,612.4374461655975,850.3158690241722,207.28624542774065,578.3011291633645,661.9843374773257,200.33176607760552,267.0358556049766,421.0987316533204,474.9712163844363,623.7914367826017,666.9887834459174,137.396131330064,625.4894038529224,366.8916110463007,417.5711733022456,423.96850667039814,204.33253978252623,96.820766826969,349.5230678685697,232.5308921961894,261.01729624996426,833.6587847161045,293.38295686565465,620.8923815762498,529.591073860553,654.5399383663596,524.9122400195048,338.71244991903603,459.3896597714817,677.932156680855,227.0009825852474,319.8823337600801,749.3568883021418,555.1161539565816,504.1049414392918,670.3857115952056,544.90775999275,468.6545324273521,488.5711478422228,566.1215536360694,180.69474823424446,335.57663433116386,778.3593116436414,144.07062331134327,735.6060803839738,568.2180771590085,288.69128158629417,476.95367884596067,628.5273881445609,736.386808629582,287.1070214442181,137.6582482257505,768.4125607498952,465.7540895508094,754.3763684076739,504.8364204490186,557.1016153738894,765.6385195312432,316.3080068456041
455.29069852628817,511.1094504128286,314.6231756153944,271.47869151951994,221.87463667316857,266.4490445055678,790.204854326698,699.3805592891705,494.5197141113751,608.1102021692318,0.0,360.97024361593225,379.52231367907217,458.12086513967085,509.3677407133065,868.1534097295018,61.67774190664701,632.7016242865834,479.04694947514014,486.6174473840661,389.46518871815,746.8800216959297,819.9731512145643,408.08582637511086,570.9697428124763,627.1946129059901,479.75583353661756,621.9685432164737,867.5905673279195,297.0974782365537,661.6227739758946,308.3358592297582,766.6847379818149,444.2627856030632,690.3310050866039,152.06716545861119,773.2749590450933,744.4003505184847,176.93415194139084,612.8444513726328,345.1538317900898,787.9101135036329,286.02360663057556,685.083765678391,200.04130727240383,356.5614623211463,803.951436913015,772.0003055252876,300.83710033008424,177.12833844540467,368.0566611561289,301.38448529994656,525.9366867909341,721.9107437028316,277.01971869488625,623.6237793689329,782.1972006901499,693.6697852824572,547.7367631416411,495.70029636904997,628.8976454918255,731.0615546834031,240.01821755644508,314.9065389643033,492.97974121076476,107.09954741383098,241.06769769480175,642.8233294660373,354.81110700928906,482.59337074183014,857.0789248736954,810.975350474489,535.5362561756305,390.1696064667657,305.81566022575805,373.8220843219368,764.7833215580381,759.7444206064181,219.0242464086044,154.34214590476216,372.10022040638245,430.8590218190614,779.8898589407548,481.72886577051526,471.35606227285217,136.80894669614892,776.7754155549064,527.0255794760233,351.89830647276085,382.82351782215727,467.0286654811478,326.4529119756124,585.8566626781613,244.98874682683638,788.0155048069779,493.1930270205469,360.5697942884105,239.9609041884226,424.47836759688005,431.8586388111189
815.260263909854,830.209513070634,665.6758686554818,159.78982400376654,565.3282599015267,597.9276263551106,1090.2148867829715,825.2832989930226,748.9957174267571,841.6066062330692,360.97024361593225,0.0,65.91824414413368,133.19205347184433,783.9770655439204,1142.3565781181308,299.4590507294434,566.2175395226622,593.2237378834823,549.2746393353785,500.2486621948836,865.98532703622,733.5945874894588,89.92676274886063,914.4762688145788,935.0525648981703,837.4465920703125,883.7935432663048,1143.4135316276486,274.8422659108686,982.5574249315799,507.4065846661251,706.1809572734836,346.9997582576183,700.1067961334763,219.08782817120334,1035.8004134813748,843.8025518566473,499.44557064130976,456.264886452611,559.1277464646645,735.2256853386696,148.3115800561496,975.7861205698421,558.9492804555462,222.31272580190492,1010.2388230830992,1061.730317268121,649.3636365367871,525.6759193248427,269.3339976822014,645.7148662688089,720.2686469941266,644.0941481198951,477.81489958141503,656.5104148257161,836.8829060800878,845.3474594721932,755.4306051824061,577.7684542493047,934.389002330273,1028.6750627932724,227.16295421854625,576.6829024874174,383.9031822359117,356.41808452823443,187.21468254150057,612.8516606974389,685.0995666596117,494.9710509162283,786.3651170593212,1066.4365859998557,627.9867800163913,720.0956167276775,301.4186462256061,733.8289444684845,670.3120225130668,739.8328057342607,375.49735199188785,503.1199044317447,732.6680069191154,694.1765696342728,882.7512661489487,816.9553841558761,733.908709871412,267.20558370893986,747.4095889087027,851.9654004236625,392.29727779962684,738.8623852331389,255.70905536485554,567.3560163264096,764.6692821695394,525.5865280206964,820.7464644706707,835.7859597946389,373.06092507574203,600.4519237397743,176.50800608811952,556.1083541906755
834.2855667363009,821.3955899882827,691.5780987655032,135.41138884148833,569.6230878274409,630.0622125861157,1073.1381949647055,779.3194780609747,725.8808716582766,812.6191055444795,379.52231367907217,65.91824414413368,0.0,81.69385064520405,764.4424394550596,1118.3766794530954,318.2435134692381,504.1365839470583,550.881871735062,501.28889752922106,461.33341500229557,818.5368800713858,668.9964503951983,30.729574642918426,913.8309461140512,921.6361850197039,859.2723438258669,859.8319416279148,1119.8027994430552,235.59884841598281,972.6414074444726,482.6196032145691,643.0787997478918,287.8497072812364,642.6048883448875,229.0291171167663,1010.1571170851682,794.136080201443,531.9321104074356,390.6299515165477,534.311371466981,672.3886886365337,208.11271032851795,957.33820864707,579.5594496628211,168.87002431236803,974.079206743248,1042.1921171493004,654.1141210564736,532.9824949483797,216.01198541252938,674.3326902298627,686.7319982222676,580.4599003818923,455.2047466067827,602.1024138409452,782.1692162979443,802.7059606210056,723.3880460390217,531.4265120580801,920.3134492297138,1011.4875084410016,282.1014207503309,560.1273710524155,322.09972186423016,355.8823257841482,168.9125980751657,553.011679855595,682.16994051252,442.4941506705109,722.2339473226516,1038.989536084049,581.5419819816747,753.8628520126367,261.2397442291525,746.3094183610326,605.6774031099762,679.2682407382123,354.79970291080554,511.1600292451422,750.5905567240962,674.1662292604107,833.0207943093639,849.7335761280018,712.7914920296853,305.4071225134322,686.0563095111781,844.7368186565184,349.6159200451116,762.0093227290255,190.05291563798377,547.1235160615265,727.6054468453855,566.3492331782287,763.9838502950079,866.0401078371088,327.56409666535035,618.8938183041547,110.72739891943387,516.6466597480521
911.6333049309779,881.9679045047512,771.4148773183333,199.67733923878393,640.6625105384448,711.2496222649539,1125.3490893863232,796.0481839818945,773.7275568073853,853.266232740942,458.12086513967085,133.19205347184433,81.69385064520405,0.0,815.6785753286299,1163.2898701818538,397.32535729694257,485.51648519577475,576.1264920567315,517.9056816224577,493.30607011644076,832.3524999312244,636.6534773280405,51.155583793648546,980.2232948351608,977.8295763038201,937.6285069408607,905.8972260802879,1165.1163525254758,275.70021412751873,1031.6935357139778,531.4205378869307,618.5581636420233,285.72801555335434,636.4909497498217,306.43897825110815,1053.6271544317894,804.028905459151,613.2449152441114,353.027883745595,582.3092658741697,648.7342856278729,281.4894966208233,1008.6385633516901,658.0183954001334,191.81357815607765,1004.6017009724525,1092.0684919173439,724.964638783034,605.9041482962216,233.9386624790261,754.844563467748,722.759165800194,554.1412546882729,506.6923489190538,604.068610874332,781.6062627798487,824.7328995165082,760.9816524094266,550.4186496712261,975.9164222465155,1063.8072723714538,359.25954490038305,615.9106231436026,309.261010493361,426.2213840721424,234.49369742959516,541.3556498851116,747.920174497053,451.56932404428903,692.1584831430215,1080.267156500892,599.5736581118354,835.2022695907776,298.45392333222054,820.9644021760098,573.6471211185292,663.8464179804224,410.2529660901621,584.5966822983585,827.6515436594182,725.5952072911209,842.5003139702548,930.8959736877083,762.8049853448565,387.0608869310743,667.9183912330307,906.4789637552885,379.1109220897955,840.9406269226395,161.32906380280096,599.608370894411,758.5295938118629,647.9876995455521,758.6342052687241,946.7445331401266,353.4119780754267,696.4729865839616,93.99432342917179,546.7797830861576
470.1761094454274,142.83403888898658,509.3556244162553,629.8449218915252,317.8949979312031,566.5383513827487,309.6944687796951,368.5766477651863,56.87976101482539,134.33357604576108,509.3677407133065,783.9770655439204,764.4424394550596,815.6785753286299,0.0,362.56650952675784,546.1410171550395,622.9546322737573,331.1866201136954,409.00230827381114,355.7922384684835,407.28746335034634,754.1353159559636,780.91105118686,281.3400547579372,174.34382309643752,513.9783099246008,113.82472130095596,362.8040224190813,540.9942242535477,241.63775532693882,284.41141542767394,684.9906594104344,601.9719385571026,543.8094149287425,582.5380901028257,263.94808385801684,436.5122183475981,564.368879177415,725.581394890493,234.37941457727646,686.9679326164386,771.5572396743229,193.05578126600486,453.40172310786033,629.8982123261868,327.5227051533699,277.92061195989174,290.5470118945043,358.7196822761932,598.3275770920519,535.9442594421956,185.48233908082105,682.8380428033678,309.53360092116645,481.16524030926143,527.7651184045283,323.22652941241944,159.96614612879952,380.53233855576656,169.56425270751845,248.223593540033,744.4028743548402,208.38412111880584,624.8373488621827,445.97428315673295,598.3694952530581,578.3896460883526,206.94110177347957,477.91967371686644,757.0173173237971,301.8459412596117,367.3310943801446,616.2235891037584,520.5067101665311,369.77501252181986,730.3940438995862,623.8120969067388,409.89476643951485,375.19289541885047,431.8461811308208,90.29050256327547,453.3659518661633,644.025761518078,54.294654758337025,642.918145258907,647.3319493326942,171.42924746841572,457.3103103948687,494.3179303730797,719.1631935694174,217.34117058128328,226.06308520639612,646.4872556646386,564.0593838500587,620.1972479747097,486.5512152081932,428.7275371964088,734.7976614857622,323.2001717914924
700.6596181528662,381.54303944379444,802.3048461946039,985.5797149036697,661.9574074778889,878.7987508397475,131.24662393704972,500.331892248697,393.3611051474293,313.82693320463784,868.1534097295018,1142.3565781181308,1118.3766794530954,1163.2898701818538,362.56650952675784,0.0,907.7222022338931,877.8012835665405,616.3211389252712,693.6351430111486,677.3987993149741,507.24674495397284,953.7968018891594,1132.4526575046416,425.58218588719654,264.9031424398075,736.7468210044007,258.67782511719815,6.904164767264498,887.8231473256317,277.9645618210103,635.9632402554481,889.1325382678166,921.82922021649,745.3176675503579,944.7502952177098,111.35182818848278,554.0920754515963,899.0706416117561,1013.4261887441597,584.1891307140303,879.2679373028004,1134.1186444029424,188.2570666667061,781.00642139977,972.9785005707301,259.9886237085965,110.50729388999268,610.3624717327468,706.3733214980359,936.1199306220743,834.9857042247698,450.6492854697768,910.859099047897,664.6520315693417,706.013992782042,655.4349322394656,441.7176324000011,410.2205104972353,659.1001810439834,259.00265504138724,160.4426094731165,1105.4950752102325,570.3388325133052,933.6957011449405,808.534924278849,955.4977776450697,816.929872502949,531.1812814969963,770.4468177089038,935.5834014604727,99.58729863195107,624.1317816921913,893.6640949455531,864.8673271548439,640.7563873744095,951.7994164902992,809.2966578780171,766.8653149018793,725.5956375231103,700.5959330975423,449.9939362470024,543.6780373027457,889.1108529033686,409.3936981590135,1003.305295720179,831.0436484242076,381.1605531584339,789.6338018356824,760.3273237661136,1050.021713406047,575.5615010740988,436.1312018507825,974.8594621405402,704.2345746923352,855.0032890991025,817.8435472106618,746.6498934782849,1077.2820556580232,630.1128836999296
516.939271552659,559.7332370462121,374.33007703395305,214.83291942832477,275.72401644452447,320.4925273385879,835.4386353194379,705.4940696684505,525.9342915225126,636.1447996614871,61.67774190664701,299.4590507294434,318.2435134692381,397.32535729694257,546.1410171550395,907.7222022338931,0.0,603.055914839058,477.4899046111332,474.87600730864614,383.25472852557596,752.3616813182965,790.5790910178284,347.0488337980136,626.7066097276771,673.5602207163704,541.0936897126027,656.8835590214976,907.5256540738003,256.6326070186858,711.5235355410466,319.1059553157027,740.5372882276257,403.78409238700516,674.4826258050952,92.76499388860529,809.6249269908748,745.990948361409,226.1529757577565,569.9900582739681,361.87559270153446,763.3299381696372,232.64491243691714,727.5148728830598,261.4227397718458,306.1769983557586,828.0770910624927,814.6941070090602,357.2231877217288,232.54987257556098,322.86774292503645,359.31084535156407,543.4519874217473,692.3264059094587,286.17671694329874,610.432795187423,775.9388430587626,704.9567084193077,568.7914884189374,488.12566890864673,674.6686498449693,775.4394462798266,198.48880277315135,343.84729304900014,452.95707568698657,109.06293038190253,186.6318884403648,619.2345086144365,405.48000454122155,461.3064484068828,830.587421919141,845.97061054308,531.3349462300354,445.0045741667604,269.52525702677985,434.74152909384986,733.3756481501516,740.0782281305269,208.96191763236683,209.57288490728894,433.77795094727253,463.3866636764649,782.6600367189158,538.3143958369562,504.44013698289695,99.93192870463858,755.8112248174862,577.3619831348092,328.45115540233405,443.7914611068081,414.21484087071536,349.7975113907167,601.1028537283265,283.26460967028044,777.8782322417246,551.4642570202191,332.46010715188146,301.6334083130428,367.32114704057597,430.6477646020652
960.2595910618758,749.7692135692257,889.2906645301908,451.77549156293804,664.424316389232,878.579173559899,893.1689873416706,398.8763666188299,566.283697800243,579.89506231512,632.7016242865834,566.2175395226622,504.1365839470583,485.51648519577475,622.9546322737573,877.8012835665405,603.055914839058,0.0,292.0184230294686,217.11804626248602,302.5957340043264,417.3549520166366,187.56426809825984,493.04361999372077,885.2932730700742,793.9453139181479,1000.4416652698328,659.1206640409442,882.0293985252023,352.8818168942133,863.5661729504652,422.3469332782447,142.60466723749522,222.8539765350005,169.2412661238796,539.261989991339,769.6635975617502,375.84500678226254,804.2118381527397,162.87120902184827,441.80127224968084,170.08645625262446,674.0695573568712,783.4221828718855,771.2914593167899,351.8343204159522,650.7567358492264,846.7142269775816,723.9727505425944,660.2773716635091,310.08852719987294,892.5221713598901,449.78617097179455,89.31781581714903,429.7211749461298,175.88422891550314,319.2499354316041,449.23853146207887,487.86324957034543,242.64160066462318,787.6710623556722,839.1627243595899,717.3612230541943,516.88464958214,182.3153290995947,530.8121067269058,454.72884634299265,69.24523247685056,690.5912471093619,166.7721451736137,229.88856394039018,779.8294460120371,260.83612320079584,990.9987281013862,335.17487590310884,844.6548711425744,133.19322335245548,178.65279722931214,423.15204368234487,651.4247266935339,884.5754079416614,556.9227635074849,408.98237129187874,1066.8491014249823,573.6675560131775,671.9750785551839,182.62683519426676,780.0607828511677,282.8589615944125,928.4352946221231,324.2293553262355,482.96718616086304,444.9250669225793,877.6132820231957,285.44628027157216,1063.876300276382,272.1484676823578,786.7661407981669,398.99804718532147,309.1651486718405
700.0470585206862,458.7914312643871,660.718097065014,436.2565395666544,424.0799516796385,673.877230852496,612.8008080980637,235.78974688117185,274.70915944667206,304.57516904521884,479.04694947514014,593.2237378834823,550.881871735062,576.1264920567315,331.1866201136954,616.3211389252712,477.4899046111332,292.0184230294686,0.0,79.6815088608134,97.70694562808967,280.1804722366502,437.26623643385983,556.4886815966378,595.7515905710258,503.35033059541274,742.6579447232726,377.2895956699991,619.5335101047183,318.38378849163155,572.3550241371016,182.40949303909818,369.4085955337187,309.5875177559478,244.28038099876738,456.9351488974252,505.12736054535844,269.01469960119596,621.6811371554104,402.27137619477577,175.29905527460252,377.9345521391407,642.2527982926592,499.1993616252632,554.9106603664129,386.2025016037001,429.47652885310475,569.2189115211524,465.2738201389325,434.9833938653465,342.2237204905112,672.3743931700627,167.55074972497698,356.89567917872614,207.43847946260354,173.1123308379093,304.7692012353712,252.1769541086018,207.9820550916008,49.38343233843028,497.43159986395983,555.916657184466,651.8633626680474,250.86409942272795,317.57823025460965,373.9073211561147,416.91154000330124,252.26431749066256,416.38479403058795,154.84551404990427,451.2648865889091,523.7606873801022,59.369385970848896,769.9739768167993,291.8111469758655,583.7131348574661,405.3784819617773,325.3569209057392,269.1694008380467,434.1391746158737,632.1767499400656,266.5975306690487,306.40882512092213,832.074066457178,281.6677337830584,571.7480467606734,347.46038975734217,489.12791363938726,201.42210159476193,684.0706842881024,442.64870123633114,216.7717871218188,186.1476291408801,705.1319814350868,316.8196901172246,821.8879119420682,223.9232955978043,557.6785994566305,483.7348864215235,47.19286221710097
754.6491822105212,532.9206870533881,700.6337072243041,398.01860376170026,467.16825812123557,704.0258818506601,692.4088076944199,278.64369694788195,352.9128480933452,383.2769065675719,486.6174473840661,549.2746393353785,501.28889752922106,517.9056816224577,409.00230827381114,693.6351430111486,474.87600730864614,217.11804626248602,79.6815088608134,0.0,102.36963538669387,317.2621869585344,375.9238275529582,503.37471224917107,668.1754475135234,581.9919286174597,796.2097360152018,456.87472427514143,697.0225679416583,278.3284805361083,650.5449172844407,219.45754892516686,310.61605326134907,240.73960811017758,205.69401672768495,439.2021890207229,582.683624009633,294.9065226846807,642.634450390502,322.7315694893,229.194184475513,323.81657200752,614.5360268409738,578.879211580648,588.6819094648363,332.9990615054352,496.7785183803628,648.6138040826485,517.9904066759563,471.1236315526872,286.68159241517884,708.8071642202144,246.7652746961872,288.9686411962733,235.54619914948466,137.11584192505364,303.7123773285096,307.84529690145865,287.01686646695356,35.093632333382125,576.2453609379736,635.5973168168214,633.9633026829575,305.7040144411221,242.71404731394114,379.51930538979025,384.0029344039322,186.68285283286636,477.5553339454253,77.02545603207187,397.2543487247937,599.8276039639767,81.75576164077923,807.4151577746941,252.01058842007495,638.2409882477755,337.7001906368121,281.0570040940818,268.10504654906356,466.6437591650272,682.7033113225474,340.0056802301603,333.83510367609813,875.5671837414554,358.2943069907116,562.9713425598427,300.9885393549103,563.1805330312237,162.11228360562382,731.1035533882493,375.74796628705474,271.2210487228503,259.65514717969336,723.284468436832,303.0046913826275,868.4591979678181,176.72264631621243,596.9892331828538,424.18964202373456,92.58428198526411
658.6935771345894,464.1923674851038,599.0139079004286,341.77291015677787,366.9615602419546,601.6844321233366,657.1205687167617,333.29898021649376,303.8199399954226,363.9774682204409,389.46518871815,500.2486621948836,461.33341500229557,493.30607011644076,355.7922384684835,677.3987993149741,383.25472852557596,302.5957340043264,97.70694562808967,102.36963538669387,0.0,377.88586634114694,473.3689385550452,469.4020051874275,593.818202095949,529.7536363892677,699.48880563805,425.7257008464327,679.8674652811517,226.23378757334137,594.7141667911296,120.48738768964196,409.88435459694244,247.81114995256465,307.5713166121659,359.3533874288324,566.3719481839763,365.7868136684,541.3923747579604,374.33802653494064,141.8083570501494,424.67883733173,544.7452074277593,540.4097959166498,486.39803907863126,301.54090725960975,512.9651819115917,617.6759757855178,422.0278135349297,369.22587476174283,260.9233469342544,606.6736791984633,230.0803459817429,382.3515984994735,133.5225644603521,237.7942059565223,393.3240685873325,346.49741634523883,269.20657727829126,106.258711120308,525.2945583644569,597.3943698172528,554.4273570832786,214.90124452741122,269.0840293853486,282.8219740932345,320.8186618591621,284.0001712952746,388.93559425501616,137.23273167914516,497.82135497380995,590.0764829364872,148.15888122912344,705.3370582613151,200.1716765632026,542.7070005745794,430.62843574217015,383.4202328331385,174.2933644247982,364.363510687183,584.6853898737875,274.7391721175851,403.5499640480863,774.5559401887499,301.8933413075832,475.84410490730806,403.23780567853623,493.79856581018305,114.24233745801156,631.4286487799196,372.68345384633716,181.55514224576373,266.410951395529,622.8144877262478,398.7683799843901,768.3824986306914,141.19378838179287,495.3973086974636,403.39180924308926,55.90773665854702
868.7987732541759,548.0792472367792,873.802941817703,712.2844832732824,643.5171018033801,906.9027427463045,563.8629986835552,47.81246462346339,363.38727179354294,289.48344711025885,746.8800216959297,865.98532703622,818.5368800713858,832.3524999312244,407.28746335034634,507.24674495397284,752.3616813182965,417.3549520166366,280.1804722366502,317.2621869585344,377.88586634114694,0.0,452.04819429461844,820.1165250885543,682.068534588187,528.3976900561221,913.000345010042,367.9987231568427,512.8575632775145,592.85803354015,597.1298036031056,438.77724237165154,391.38365655461365,548.8531238320828,257.20427699250314,736.8858851521287,413.9201072449965,47.436355186627345,871.1626489781876,575.5498584618979,408.0924214823638,377.3748652071961,922.1665994590468,480.10809596225175,785.5074023971033,650.0869178254248,252.60518170791434,512.91626464732,656.4587187404243,667.5667288042335,603.4976110580611,892.8610769025232,249.21799254258354,424.9549063684936,469.87555983280345,245.315219217138,148.42001663123858,85.24624435075884,254.34098110278092,288.2911960719189,519.4345705881592,525.204566829854,931.4894161234811,464.8265804674385,537.8033072919003,645.5858079992056,695.1350533265908,348.7498136224824,584.1513503902861,380.9212288239274,429.3418983696544,408.53326723530813,238.12491344469566,984.9645136723435,566.2312568138223,759.7232985837445,459.50860955905085,307.83058869792745,546.6130118785213,673.1280139118062,818.1037514987939,404.15251750933726,46.266292335573276,1029.9673411996428,387.73180518748325,848.8218883800884,328.11205348457673,574.6010518688148,474.98182545926613,877.711835845927,682.9540437548679,438.6685577090169,189.48978691998659,956.6788540460244,196.98801571953067,1011.4001893455795,492.9264426038661,776.8335957041086,738.3597219031147,324.75633311019266
