0.0,147.31710803096618,83.08670444361286,73.18207445872085,125.3848658103552,53.336967423032974,135.25990131196366,116.51704425179776,83.33258667943406,104.93961244091166,97.39687459189649,140.42681899092818,57.25068701760778,52.62999170506696,86.8589679685385,145.11979559766354,92.2950753154844,105.97662776284085,82.38198777147225,96.1419009960939,119.3305933433345,143.1227256234711,80.47692215841433,110.64562184680315,60.46514223697933,69.21830190630078,67.67244872108614,129.60678104886654,111.50447942058757,97.85515689702159,73.69963037648952,144.5035576453948,149.95695341739105,127.90340844567447,99.87311069460037,68.34868804605965,89.56681148545009,51.68313838696548,126.00148176112927,90.20687038657658,69.69597625956818,144.69509270449223,101.07753798693933,91.80089605038187,124.69781055799903,145.4031052651101,56.21240871397516,147.37653138200537,85.41105706097113,81.00939321986921,424.51847320423093,400.98151391661963,408.1971828089098,414.8572883638636,419.211480959207,419.74244165069575,419.7385432347864,443.51844256614316,385.49256648078534,380.59271082031677,359.779538003029,426.5060963290601,408.265601222921,442.91910056265993,352.2738482920057,388.7223518844162,396.8391586056728,435.1958880164924,429.19441046595205,446.0547001880504,429.86334394183683,425.077087347153,365.44495208557083,374.4685766244399,434.0278285676396,395.1915439806631,387.12705274755297,360.4758385121618,448.1095993621007,435.6282353112005,421.19972303719754,434.7705475686487,441.651493741389,421.1291361526243,382.49373556620145,382.04219872416036,413.9475679443712,396.71661914172256,417.0425095980624,407.8348562439306,350.64095927290475,447.2724370037242,407.07512644987384,382.4079474620391,446.11422790202164,421.46620731213324,390.70475205415397,400.6510879708792,422.9425744565455,440.251391555262
147.31710803096618,0.0,1612.5820287226995,945.4727534854673,439.166110596223,973.6920732405647,85.7262654578002,437.34016104452365,829.0845453544413,1187.4336179447082,1567.7128325053868,1933.357000287711,651.372779231524,673.2361351370585,588.2578960408416,749.7346861895867,1258.7577238102406,1147.5812165506102,1442.5025386503905,366.64419150213155,1833.18238809596,1379.1470185152027,546.2914967192381,256.72612772407166,1453.2879038054077,554.4984170161672,1503.285200817247,184.46339947107077,1395.5428510016334,1716.1329183780908,1408.0139751748375,1680.7167975430184,1047.9481964346778,250.18900019030696,1703.8433435067334,1339.0732271376123,408.2535869853051,1153.995158385325,1905.058237652508,1312.6313484742536,1276.9782164564358,1339.954264046526,1351.1171541981626,1577.153751270128,985.0492135268803,2030.6241418945715,672.6761214856732,332.3520578963596,1235.6639720695052,1593.2465146864802,3016.1648759107893,3073.418753505739,1897.7168428680984,2940.7390817262512,3426.56928010746,2217.5347356731645,3034.0248771396923,3373.576845743802,1670.6238329173425,3624.8209816465924,2632.5402709249215,2926.0259005444136,3398.1650607100064,4003.584410322674,3312.0320568499296,2915.5214214094367,1964.2293336867688,2023.7978685129026,2644.1837262109902,2202.6645191104535,3614.5518020776085,2346.426982790367,3579.02943926554,3189.511989229727,2023.8161898630067,1744.8529754771432,3640.1670761184096,3544.5107512981153,2512.337152383462,3637.3539717586827,3672.265875139721,2741.2138804094784,3540.7700604419265,3024.296165192768,2074.304127484253,1654.8093436058634,3823.5064242394415,3268.345717109548,3907.6320587690707,3785.181861337409,1875.5607771961265,3265.7196996914663,3203.6448657739934,3415.8792975760175,4149.057026342404,3089.5665143750502,3758.687919926521,3533.9966912763143,1997.53036528619,2140.9403887836156
83.08670444361286,1612.5820287226995,0.0,929.4390373611457,1431.4685214774606,778.7009855863764,1528.346224231421,1362.3686060479508,1049.780407558884,977.7141954710233,507.5637854567606,603.3920534743419,976.6743107991258,947.2914709578868,1154.7394402342666,1504.518795484818,851.1264471163714,1042.386381392183,552.0059558987267,1254.084058445151,348.5070443787208,1180.2150994198487,1121.163408462486,1355.9539941910166,160.4956514397008,1064.94280096477,129.59615414512007,1486.8989857534043,871.8442959279483,109.07110442691572,468.20726969857174,951.5569931199458,1442.2563870280171,1465.4557374567698,275.54040263665905,517.2212837136309,1208.3934581521305,637.7374184879258,339.6556303370882,750.9105704183603,640.4412632832965,1219.6196678965707,849.0392415628177,445.9562339761914,1270.6348557325566,471.19665135306815,958.7498382251925,1589.2341124822249,781.571538960048,116.88986122352297,3121.2517914983137,2795.4924686444683,3422.0016800919143,3021.350897507413,2769.149631188644,3404.2044168639068,3061.268325184697,3118.426574756586,3277.6585411236056,2140.682460073173,2656.096023173271,3189.3547807974132,2662.5140131127578,2646.8183894010526,2048.014151522,2799.7806720158064,3299.8332346792236,3623.0760246746286,3349.6677853826363,3673.8459466948084,2760.3906079845387,3404.600384576741,1992.026844953838,2418.0689660972816,3611.5874361654633,3346.676788398374,2237.998452824305,1948.034257916025,3585.855695146467,2852.198435222199,2613.6680142188343,3361.5309904434052,2990.076315560774,3040.870178693765,3130.6779700585275,3254.2869532128448,2401.002869704151,2661.9167376575524,2386.9640924903542,2355.056769966611,2881.253692677855,3222.7612721160417,2780.4875159507933,2377.7502164530097,2549.146986445061,3007.1740350932196,2157.3886553983093,2508.0756361449626,3525.7168561546077,3627.687238148107
73.18207445872085,945.4727534854673,929.4390373611457,0.0,594.1410772918855,824.338508525434,865.397257399714,961.754437499313,137.89204308453418,1201.699014031062,1180.8254491011207,1039.5051403819346,407.39547773070666,425.45892288724883,357.6666707223586,579.3703212959331,314.0387659690505,268.35408042509977,541.4933001155455,612.9974200835167,1255.0889861514909,1471.865416112862,742.6257735499888,731.4096373000348,808.2810835758796,486.51717130777513,799.8446567893773,767.9979038262393,1283.190138193555,1003.2078640956588,1020.8063502036704,1523.1983432619427,541.8481234491189,938.0347251970924,892.7609229655856,989.18742421433,593.318395891652,297.86916494300425,1118.6433228686296,1136.9175743163812,369.1157083772651,1471.8314920349967,406.5508208810181,701.5781556647572,363.9649558350462,1400.6345610900983,619.3420074954838,1106.2520667486874,1094.7002761452618,854.7562352564432,2485.2032410032098,3295.1209140984297,2547.5594513027972,3348.3138802597364,3445.604488089236,3100.667740505596,2461.165483285903,2674.411210376107,2564.578531444348,3070.086998314841,2040.4682661988902,2484.2824316878473,3370.069530434749,3062.0405080082596,2939.288548193379,2264.7305769018712,2376.9741258875247,2928.11306653653,2495.319385907168,2774.25327024442,3520.129256077986,3186.601443088837,2732.026899849873,3133.547465026039,2941.3138933188607,2545.9509833980806,2706.5918373387194,2839.220558316479,2665.131861096537,2757.934154307789,3448.24309884215,2531.695799040531,2729.86314274896,3401.740144045687,2207.7707818961385,2450.7844297847378,3327.7154429515044,2431.675983462691,3006.4287326241483,3282.377328537095,2681.217611345155,2664.22912858212,3349.711465261579,2483.648136127511,3314.234680687566,3417.325831696903,3039.14285927154,2604.6526321752995,2651.662987906331,3086.402746050996
125.3848658103552,439.166110596223,1431.4685214774606,594.1410772918855,0.0,987.1029143339472,386.94490050297384,703.4416216836985,458.8968440816644,1304.2557480582554,1526.920147555567,1631.5931774003445,488.7846100365404,527.7787284321672,276.8931952336575,325.88617551015057,888.9830513333043,743.1434121911113,1132.166904993139,332.2246916298473,1712.3571546733522,1544.9689046451356,635.9875770654317,368.06867108916924,1283.822660682184,440.1707913050334,1307.4578119590524,263.5974880613916,1470.2779641358427,1523.0768622805044,1357.2703130347759,1750.5244269912532,609.8758933214258,570.5750322352097,1456.0962208643168,1300.4593639281663,367.9236914681621,862.3614665772509,1675.444977169051,1352.3658416224014,959.5128984233099,1520.8035604638853,978.1336159572907,1286.6147214696757,550.6646694105937,1888.902559272231,656.4823893554722,722.1234451663267,1284.9525666509658,1382.8819103023905,2608.1149435321404,3333.214366002823,1991.02212584381,3267.9640047610683,3608.385840765327,2656.1994194288695,2617.9612286733673,2940.166765208539,1973.4445808649732,3541.842641631227,2210.657137367337,2537.360228196942,3559.909400836941,3640.791766750975,3317.6696675944327,2486.5319721863593,1906.7600181254506,2338.3707003050818,2340.4751693794888,2246.0886696599127,3749.8483112573626,2784.5640146184205,3318.3781753747003,3337.224305905818,2355.739253587494,1955.5522488597062,3293.783343734339,3377.3078601545935,2330.1324894593104,3204.746980679746,3750.56191977689,2417.9789631706976,3101.708245960682,3341.5818160626227,1874.3230736981923,1860.719484595997,3772.4146921471,2830.6139315021323,3600.569064713031,3730.2505064267884,2308.7189881392383,2845.7357193819907,3435.0621336419563,3006.2021330818798,3898.471711062518,3389.4606670710245,3583.8700210253414,3121.5778968931463,2094.8621550596386,2536.3544332163474
53.336967423032974,973.6920732405647,778.7009855863764,824.338508525434,987.1029143339472,0.0,901.1910393779091,622.2728524786444,850.9596762595083,377.44169852626277,595.8582933747956,1297.430268874371,524.924693062374,485.0447426859693,769.724579811175,1214.7124098266165,1011.4836310872297,1080.2751072954634,941.3892166193148,686.456088746251,899.973694933741,647.7786593208662,427.52385424782284,741.7372406045997,629.425554456319,547.8994210409862,716.7575142004372,911.4142667485909,489.4984524924445,887.0549403823055,443.52052762032963,764.4066883642055,1325.540985639755,766.8240843700964,980.9014360295562,371.19527601151475,639.7731959630734,733.0204329653118,1116.2895728813044,365.2660456764491,861.2290672521581,650.7344991527502,1077.891497279102,982.9619636029041,1157.6771219070922,1107.97499795884,332.70157036076847,854.9118582813326,299.6654463666629,815.5683363521041,3309.201224398404,2471.4081372140577,2868.574421033743,2538.747951444719,2656.0443956526246,2631.9067923029365,3282.847112749746,3469.1286255835744,2575.7528807736935,2653.0639874541885,2862.214218789481,3306.1862483146624,2594.6994848694408,3404.18600172321,2352.286198285226,3076.5061110026886,2875.4889340083346,2906.0989842590443,3260.0695017455278,3163.420906368766,2771.4081023348203,2647.1219599694273,2758.0803172954447,2365.848038119696,2883.2910951585955,2706.4422350884083,3002.6094972558776,2613.0643593176433,3314.5489231588117,3419.666726931855,2763.684967606975,3313.9653198891983,3464.748997439674,2586.480540918971,2857.122212192667,2618.8001408014334,2850.1349702197467,3150.374273627635,3165.60384814672,2811.597402914367,2123.695982582978,3481.823597745057,2532.741422302821,3031.906734332959,3302.4621287165214,2596.009235404618,2831.396693306138,3160.5301926430807,2969.198089444102,2860.4468626294642
135.25990131196366,85.7262654578002,1528.346224231421,865.397257399714,386.94490050297384,901.1910393779091,0.0,399.79625723849927,752.0952742838896,1131.2996433219132,1493.0931332741882,1848.1602412024713,565.6543863600753,587.7120194288176,509.37308770690873,707.7294677618606,1179.1907814433448,1073.9519069317814,1358.003161120226,280.9188749587215,1752.5616935336004,1333.1806260864867,475.47924772005564,172.56350190041263,1369.27916023997,468.9201680595157,1418.4106729019018,123.34823235433223,1334.240885798255,1631.575347545832,1331.8296720503783,1620.059601997919,996.1981127129104,221.26417038377298,1618.1446907993427,1263.7220670630368,322.72001205083967,1069.2346082813092,1819.642269445101,1245.9860144905817,1193.0950915185344,1296.7156260947822,1271.6551917067916,1491.8616787210858,922.6789389355736,1948.9433020197143,593.3384550142739,343.900196268306,1169.775818651791,1508.0658323377434,2985.0958393534393,3052.561580210903,1967.4980198397652,2938.2454765478174,3388.869030692635,2279.067945802584,2999.05125647459,3327.098979997975,1756.1755140840646,3549.205698126456,2594.24984857161,2902.9357342429735,3356.5382426855604,3921.0036774359987,3245.902106853599,2872.6859817140326,2013.3740939634756,2109.52041946838,2646.460037572268,2267.00015209068,3568.2939853970106,2399.965683188668,3493.4094222223066,3145.0383547186934,2109.424623615415,1825.8403214085772,3556.4023922780025,3462.359848293608,2541.1634281399747,3570.748505553725,3616.630380325309,2738.5015357505804,3482.5607474713147,3018.873717877776,2098.4927472948452,1735.2758924177529,3751.2009373603555,3206.790026970494,3822.1884655420386,3712.4479831651765,1921.8335942290237,3228.682251570387,3176.238319612565,3340.533698932384,4063.636180800161,3079.2085806138093,3676.168487142382,3459.3073769571097,2068.0176295936994,2221.8619362416202
116.51704425179776,437.34016104452365,1362.3686060479508,961.754437499313,703.4416216836985,622.2728524786444,399.79625723849927,0.0,893.3165544295339,763.5016668052306,1209.6429485840115,1793.5394301081856,561.0427361292928,555.231006198435,670.6893187437215,1023.3296402192539,1258.5741406764678,1217.7183542447428,1343.496352031118,401.21610757134096,1521.0453730304534,942.5707278421945,254.18388445205872,335.44928116553933,1203.323232574515,475.23739193714215,1274.2759036948955,483.60333448849485,981.8332090448528,1471.0544097804463,1064.7427561369732,1263.195623929319,1265.0878827002139,187.456372490008,1514.0348079022376,991.5684587487121,394.18651121326945,1063.4252698930898,1686.1944346642833,918.1142290176621,1202.6931943554282,902.6688313296488,1347.4900953129816,1443.641131095213,1147.90362324236,1727.8930023738303,424.58156064168173,232.67821638578056,839.6057028220812,1372.0874473776437,3297.062674867317,2656.455733446356,2307.5983700376983,2565.487068508425,2990.7110172843413,2155.8401153208397,3298.7992458668723,3583.0978852545695,1954.0051556701392,3258.050621792956,2885.192596479606,3237.1910291608124,2960.987384291414,3907.696440087273,2904.3653020587208,3145.556450330228,2401.1366821705783,2284.042315143672,3028.9871738851784,2624.462185264885,3177.542029684551,2227.265296051758,3354.3921699096395,2752.2175295158395,2262.7835975407934,2101.773072061212,3522.0973603875304,3235.313060651398,2940.9596840482895,3719.4133027611692,3242.212509407062,3113.96442097938,3682.408883346646,2640.9282895551423,2497.812748516627,2016.8006008933598,3438.458990125359,3389.5601485896887,3732.786121854628,3402.2606354245054,1719.5773385541847,3520.5610635285734,2776.9323652766616,3420.999160659417,3908.5048171130534,2693.8444421275794,3453.538148037987,3545.0937467763715,2404.995420877773,2268.924900826019
83.33258667943406,829.0845453544413,1049.780407558884,137.89204308453418,458.8968440816644,850.9596762595083,752.0952742838896,893.3165544295339,0.0,1223.8461543077083,1263.9858803065988,1177.1161145293322,369.6614440220244,398.70328251135743,244.3776353203353,454.8680814670525,434.557739780589,329.38707233148824,679.3718113014096,518.3516102692994,1366.627468851793,1491.463909301949,696.4847166803945,631.8294211299768,920.6046688604087,426.5303244096891,920.578159918298,647.8205232403111,1327.7633609581183,1128.3221745423598,1099.1535252924057,1580.781941475351,476.08294861008056,846.8751797456074,1027.1019895643076,1060.307816892657,507.2511671112579,429.0973877856436,1252.1572112040678,1186.059105637688,507.0034726120442,1485.651215780724,525.8209021177674,839.2202882621091,306.94801328192955,1520.1608499492356,599.4504429471489,1016.2028152543489,1136.5573800737095,981.0556949795991,2478.052992779276,3318.057942217917,2411.137214277872,3343.9806119292816,3497.536003078982,3009.5097965645823,2462.2707147603596,2704.43569800064,2431.5960534751907,3189.284393148568,2042.5358436933468,2460.398859232895,3427.98181417514,3188.3745825313526,3038.505900788449,2281.4346199669344,2250.8805678133563,2795.888263068842,2425.743759090553,2640.936393739717,3587.3876325300344,3105.989590078524,2869.9160692128844,3194.023183241433,2810.9471103144106,2408.456074573259,2836.909811588026,2970.9123729260946,2561.60376626311,2839.240374087516,3531.6039270672645,2470.855972694612,2789.152752524254,3402.2439292687795,2102.9359103347665,2313.2515860291624,3441.6280232972094,2497.963400154877,3142.3310334050443,3396.8995778993094,2606.4171622307467,2672.4250319675402,3383.682140715508,2588.7052334657446,3452.080973982576,3425.357829995561,3172.0400266613724,2707.951466087774,2515.2515324645233,2967.649275810845
104.93961244091166,1187.4336179447082,977.7141954710233,1201.699014031062,1304.2557480582554,377.44169852626277,1131.2996433219132,763.5016668052306,1223.8461543077083,0.0,585.9307137878612,1559.602006981053,880.4154411451799,842.591937930715,1119.0721577799422,1562.427246833004,1380.2152216560112,1457.2052210074448,1273.3179315089114,979.2663611000286,964.4395824246321,270.4044008355732,678.4212552805346,999.5516209776235,861.8862900478438,881.4032047166036,959.96786348623,1175.0777882819957,230.45719084314757,1075.0766598879277,521.0053485217727,501.1698836253395,1695.7354976295899,945.5789610057848,1227.630329222933,461.78399552741774,938.285750694354,1095.9591831200146,1310.2800107086048,246.0026577581818,1216.2591131022918,278.52744268270624,1441.625048036183,1284.4198812871591,1530.77625962074,1168.7593878769396,659.5925481017218,970.9462533945842,196.6947126461859,1049.9573102555778,3686.642919802384,2095.0583989170987,3071.0675640308023,2169.5260728856647,2306.3688627677484,2471.0967484835314,3659.954154786259,3839.0687474472534,2658.260080580222,2538.892245725117,3239.3630811516173,3682.205487525116,2255.6545374369207,3620.747470967128,2144.6817355779713,3451.3371465881955,3143.4730699026104,2964.0438413887873,3616.0921722886205,3386.6558403855997,2450.0394187874963,2445.1858585107657,2859.5910506004716,2033.9581215212222,2925.374153725666,2848.875364573458,3208.204530432022,2601.1894272603395,3630.8071221486803,3748.7718908258403,2485.4423047563164,3675.834400626828,3816.806710748599,2213.7023986373897,3176.9443882539595,2766.8052233571616,2696.9335139179943,3498.605486751529,3313.754184076237,2663.126874511357,1924.6944360913142,3857.9820055350283,2162.378576134848,3326.9512696788197,3374.3372840574452,2219.751809232301,2822.27542437158,3456.758538563526,3168.2972374499786,2822.598942434336
97.39687459189649,1567.7128325053868,507.5637854567606,1180.8254491011207,1526.920147555567,595.8582933747956,1493.0931332741882,1209.6429485840115,1263.9858803065988,585.9307137878612,0.0,1107.3567499506366,1038.509338829414,999.1858270718003,1272.6774900204616,1695.625896579909,1223.0890047413163,1374.5726681729477,990.1883760748123,1259.4326554970032,382.04972454853635,720.3516048888697,1022.5507946934762,1328.9205779319786,474.8577072285867,1094.2794286172098,559.530693024763,1492.7393757611403,408.6977419166975,574.3859834971823,169.84189565427138,444.2874708444171,1722.6497585107463,1362.0105798718632,783.0934895303889,230.37329268080327,1211.2252005660052,948.413550507823,792.3580790906835,341.41624107922377,1015.2069433512298,770.1372193007696,1250.3492164085455,927.9032376221262,1544.7860567165703,583.1646932944319,906.083709780083,1440.4890405690094,408.0391205874188,614.9604803017472,3557.8442512874435,2293.9311068433963,3457.985039928235,2515.4857362485664,2313.1794550040286,3055.7992242817472,3508.3556574569043,3600.760964960719,3161.9005324387585,2057.4654574782103,3095.3715092617244,3601.347383575523,2220.5829619517963,3077.955100001369,1791.9710789191176,3261.703189312549,3433.2452806161655,3485.3409143317854,3675.1960524023452,3745.396597910078,2349.8364345917785,3021.6305527486084,2274.1493916456475,1978.9808138467251,3456.5770185542106,3302.125935349408,2659.799297499704,2040.3303049477536,3817.2964911805025,3359.598040727413,2268.324714821541,3706.7237357743684,3493.172474943953,2533.6173972858924,3357.9196125117505,3214.6212080322734,2260.570908675453,3165.837491947428,2736.4887782217825,2220.8999228667262,2503.8373548156833,3682.002186041591,2290.570386816025,2875.7257178872005,2789.410227103123,2499.866986731999,2260.5684331232474,3006.0002003521627,3559.2843238779715,3391.428294417588
140.42681899092818,1933.357000287711,603.3920534743419,1039.5051403819346,1631.5931774003445,1297.430268874371,1848.1602412024713,1793.5394301081856,1177.1161145293322,1559.602006981053,1107.3567499506366,0.0,1289.1872914605315,1275.4261054821102,1374.0702296684165,1580.0652874456043,786.3865549223102,992.1649559870657,499.5530311497921,1569.1835938910694,841.5127052044655,1777.6389858892185,1539.410192905607,1686.9415824072607,697.7817497342514,1389.095628192971,599.6471523703915,1772.5380165310225,1472.7621675715698,536.0557239593401,1067.3821171891495,1548.642337390588,1399.3218341076633,1849.7351586119444,333.5488615832282,1108.8057390067463,1532.400663366032,781.2002332362591,368.7896001238769,1345.5603574484185,672.0916961838441,1813.8250656663201,720.9815600025929,356.70174480052896,1265.526674786327,813.8383466724448,1368.9753964360168,1999.5204270939532,1367.2260584785386,512.0388663470078,2704.9904819123935,3376.5029677959856,3570.7928291388625,3622.8410971032,3292.0868734989767,3917.968287475938,2625.3733517192004,2605.9442454856962,3590.3973858825016,2293.3771201931713,2244.0076667415706,2817.7684713738395,3171.0193420159067,2117.5199901846363,2386.4558246010433,2337.311443943349,3336.2152188936766,3950.247425096162,3118.577971484001,3775.2118462807975,3233.789885569151,3943.7882584486847,1697.1794053064275,2926.764706783368,3955.66798507268,3585.443405248449,1728.5669536290607,1910.9014752872174,3486.06846092613,2255.659429263823,3021.6261191017225,3099.253316903388,2421.3695672975145,3640.032119509437,3049.4515292771143,3490.2878423553557,2601.3158517512406,2091.3867219372382,1975.8153542694006,2550.8876082871966,3420.630496064124,2759.8555644752646,3344.3007560007172,1775.4810358999339,2281.4417268887955,3601.4503709510514,2090.1111398663834,1905.7698708332482,3674.603045241738,4046.462805005549
57.25068701760778,651.372779231524,976.6743107991258,407.39547773070666,488.7846100365404,524.924693062374,565.6543863600753,561.0427361292928,369.6614440220244,880.4154411451799,1038.509338829414,1289.1872914605315,0.0,40.52976835034807,245.2884814052535,689.8175247778961,697.5550762555533,672.3050991535143,809.4589340281983,284.84619352690424,1233.9397180693124,1142.1146378491642,335.3253709016474,398.9941287793746,821.1638265375807,100.01994340602766,860.7467980305823,511.1321462257007,1014.3456920002054,1076.2557800664167,868.7567550902203,1285.6528252063895,822.3879780172612,569.0768431392682,1052.5478314633851,813.1904207191687,244.3232227266737,520.7377368001065,1256.1449991105267,884.6836952931981,655.0515518070014,1130.9414446820535,786.5258019963773,932.5301331948859,667.4687834037901,1418.5522118477402,232.11464526833757,729.9144126960523,823.7167880119413,947.0581715066345,2845.187990159997,2965.5891934957567,2457.129581293492,2976.0175918321015,3179.1985477608514,2713.368205674819,2831.2479978832703,3070.7678339319937,2321.3429618577147,3059.165180021417,2411.765706587843,2820.224611807564,3119.473418389326,3382.687324539599,2829.9737037987406,2650.6950159631583,2395.544618428535,2675.1682415971454,2737.7288786192025,2725.6663416427764,3295.340057137692,2788.256080961306,2928.188833899728,2890.7562083163757,2674.1105144647568,2370.589784681613,3008.627030665427,2922.696246176247,2797.537362451178,3160.456081651053,3275.26365407836,2795.50178838628,3137.1652776602696,3035.826789822613,2339.0124021984448,2277.941996562375,3285.2677926096376,2838.8922584355555,3259.632880590299,3243.478700010469,2279.237782891698,3042.044757046076,3041.974629213225,2862.773155742907,3499.626724749895,3062.359242008002,3133.4142967832695,2986.1947149764346,2560.24833735669,2760.897341136765
52.62999170506696,673.2361351370585,947.2914709578868,425.45892288724883,527.7787284321672,485.0447426859693,587.7120194288176,555.231006198435,398.70328251135743,842.591937930715,999.1858270718003,1275.4261054821102,40.52976835034807,0.0,285.6586254166094,729.8694241473893,706.4133230338741,692.6427593183959,801.4011678973352,308.46271988783866,1199.1630926625608,1105.3518495221933,319.78442693352133,418.2697777464292,790.6255776795095,118.89885012583949,833.27632015784,539.6259643679089,974.3573908906919,1048.0894288042584,829.5018870944573,1245.2605349281314,857.3732249701707,576.6564684872923,1031.4721537945088,773.4085803240566,264.99332004478634,514.6458523059177,1232.0101191227566,844.2881809900049,651.5103583551057,1095.174776824544,793.9064811459505,919.1857807509382,699.9365440321678,1385.438634954417,200.75676272813945,733.9059827401112,783.5893580992492,921.2235841825791,2876.2968124056965,2929.7949277709313,2491.5292195832913,2945.3411622404656,3139.918161861287,2710.4318355485834,2860.961889587821,3094.991905522502,2343.8595762925574,3022.858645473213,2441.164591806137,2853.906574448685,3079.7150287057875,3374.518957399806,2790.3901049619976,2677.5360778302784,2434.442904840953,2696.279263784324,2776.695739307952,2761.9796459894824,3255.0855068662613,2780.8106753372244,2905.886300907571,2850.785425055597,2693.5545442233274,2399.3853349417645,2998.026307673182,2891.6314214808162,2838.061284479362,3171.6364665875667,3234.75897704587,2833.697938959346,3154.563053402381,3004.140346053481,2379.541418266404,2307.0310511823072,3247.588490037301,2854.5632387002033,3242.8623746036565,3205.9460551661687,2269.9172084924576,3070.5523513517714,3004.614408152521,2865.89797878766,3475.971986928552,3029.18657901385,3102.9287404721454,2989.8857260327877,2594.5214870945383,2772.000521627342
86.8589679685385,588.2578960408416,1154.7394402342666,357.6666707223586,276.8931952336575,769.724579811175,509.37308770690873,670.6893187437215,244.3776353203353,1119.0721577799422,1272.6774900204616,1374.0702296684165,245.2884814052535,285.6586254166094,0.0,445.2673444417004,670.5094085439038,571.9492132396823,875.4664467403456,279.42419632751984,1439.8240756316982,1376.385544022583,507.9483086474212,388.85478179514195,1007.9843503000508,244.20501074596714,1030.5666608799245,410.4570160648931,1259.2230101059097,1246.1978995261786,1102.9479534147358,1530.9189107737138,610.2935262329993,606.6243980555303,1183.532495091053,1050.9343001588704,276.7382520085968,596.0055346432682,1401.0076737680654,1129.9466786797368,704.6245345036089,1361.366672230724,762.8592625830281,1023.4788671731969,478.4543336260429,1613.6193708250141,460.5659065342616,775.7658313924435,1068.8410090985806,1106.3338253817242,2647.0422531258378,3193.889934300976,2267.9139603986678,3179.914133005159,3421.8763563132984,2766.826537833206,2641.2575261298416,2912.709619509463,2217.4108924173497,3270.3791445079582,2224.587014181134,2607.3595865674347,3363.6634531520112,3419.037603529909,3064.4295230684993,2478.10116407809,2169.954027155296,2578.96531469204,2497.0243927162755,2521.116633237744,3540.5826120123916,2867.5250853943894,3051.8643055705966,3135.5021828334893,2588.959016307644,2222.8528342839622,3060.952941104496,3100.433332627829,2553.961071272083,3080.45657842708,3518.602342395515,2558.3991082861994,3019.78032203843,3244.634153878007,2095.146919275373,2128.5050955588267,3505.6333313417026,2732.8823199807744,3348.624974275571,3462.853860835682,2371.565258205905,2858.7343333931803,3277.1304591492953,2832.6041527304587,3630.2284351916114,3278.351560357225,3307.148371399485,2952.0958338750916,2371.7492334846565,2728.994360779562
145.11979559766354,749.7346861895867,1504.518795484818,579.3703212959331,325.88617551015057,1214.7124098266165,707.7294677618606,1023.3296402192539,454.8680814670525,1562.427246833004,1695.625896579909,1580.0652874456043,689.8175247778961,729.8694241473893,445.2673444417004,0.0,795.131245776088,600.5545709341382,1097.9022193814383,633.5208936592853,1820.0309808689117,1816.4138900120631,923.3762442846657,689.843886895619,1374.7619521590188,681.6728884841161,1375.2163821325405,585.3302089827997,1704.1622151985273,1581.6295231334934,1527.3432276072742,1974.1373948720698,316.1390185137645,896.405561651995,1468.397407173267,1480.7589180724383,658.5216571232028,877.2222153159095,1695.1545914187286,1573.3036316069858,932.1926901939441,1798.4587454214875,870.2043321130384,1264.3099580655298,337.480841692893,1975.0212040367403,902.8527445369497,1047.0053005040966,1513.4544449085092,1433.6198131810092,2282.230771698363,3625.6523811414845,1990.9858902386197,3582.399622069476,3866.760921385335,2953.163795688322,2292.6126879173385,2624.0560573042503,2132.588926090514,3644.1316535447872,1886.5872728719269,2214.0609120782974,3808.9249075613507,3486.361539744056,3481.4238976467045,2166.145111748178,1797.6868011416434,2500.434379466995,2054.8095567846512,2201.8509336351376,3984.6482461771548,3093.4517210410895,3276.5013928316816,3580.5602283892076,2532.145592707244,2044.3125703986743,3161.596706739837,3416.9765241118985,2121.698296517916,2939.5299309224188,3954.4745759692746,2121.2979642862465,2808.5819142078444,3653.157384467182,1662.3168598221878,1948.7519298862358,3895.1566815694428,2548.0871454226085,3509.7636707165293,3850.6767068560675,2625.2593492731794,2521.240678529951,3715.991818718234,2788.828858375713,3861.1985244912394,3695.6831695327737,3615.3477718416902,2898.8890033694306,2094.714483248631,2769.7559221989177
92.2950753154844,1258.7577238102406,851.1264471163714,314.0387659690505,888.9830513333043,1011.4836310872297,1179.1907814433448,1258.5741406764678,434.557739780589,1380.2152216560112,1223.0890047413163,786.3865549223102,697.5550762555533,706.4133230338741,670.5094085439038,795.131245776088,0.0,211.4104881988456,330.47082850186354,925.4560452584547,1198.794680849077,1647.923731189013,1025.3603564154942,1044.5458650407827,776.2895327669646,786.610775505257,730.1668899676517,1079.8844399075672,1415.6114539560228,895.0721687602386,1084.650288462877,1619.6788886148145,628.2572672565677,1247.993360827554,724.9118608050255,1073.7586665433244,903.3901828663024,288.9765311733809,947.977794965659,1265.0571211529477,213.2749152105146,1658.1420719488103,92.5120646309286,495.8222922946926,481.0936660410715,1304.750203658412,881.710838304679,1415.1396245873277,1239.7726948703653,749.6806759205309,2343.3308458249194,3445.792677745353,2786.020878639776,3548.9739705727816,3532.8224909454384,3407.437813757501,2302.524064526782,2458.891445327271,2862.071147648742,2953.820225129602,1884.8174763878224,2378.3997384446175,3443.4097491779767,2753.9210744785,2899.1386661741108,2077.187498298698,2557.772121960233,3227.3028225107228,2498.5447149825372,2989.1930571449784,3569.228581034843,3485.8111485395075,2481.5918537720195,3202.051014643117,3244.1725800774834,2821.1253206964584,2404.863986631748,2659.0535517429626,2762.860115709843,2465.8518901976327,3453.817808787058,2512.245465446745,2466.417580052077,3593.839326426634,2313.9412514017204,2725.585186026407,3232.0014764249736,2159.393199719114,2724.365065538928,3184.4704489137143,2976.1613717408673,2489.6691443174104,3477.4744631794065,2172.0575233116015,3066.4441103507993,3595.875460012981,2849.74974229547,2293.900980779118,2889.6957220642626,3399.439094131266
105.97662776284085,1147.5812165506102,1042.386381392183,268.35408042509977,743.1434121911113,1080.2751072954634,1073.9519069317814,1217.7183542447428,329.38707233148824,1457.2052210074448,1374.5726681729477,992.1649559870657,672.3050991535143,692.6427593183959,571.9492132396823,600.5545709341382,211.4104881988456,0.0,540.5656268964578,847.73447462535,1386.7582932457399,1727.5819881223833,1007.3534843957782,960.5762128712681,951.6032495495716,744.6695918252889,917.1312596325313,963.794012612653,1522.2616955889207,1094.4716659206088,1224.9336420215104,1747.4351635699968,417.0545659187948,1176.2586763507718,933.7525800350084,1203.79761321931,835.9106430290913,427.5711239206441,1158.0178438509472,1373.2773981138498,404.0808419856026,1730.5415097376103,272.5334019117876,706.8432612233524,273.6634237597754,1503.8405022804131,887.666512242423,1345.5878424381542,1337.7419853044887,946.806953511501,2231.8702155059823,3545.2832244877086,2587.1433150316775,3612.368539096656,3669.3671750836193,3338.5553089038294,2202.778517835363,2406.344102311477,2703.224467117814,3159.7335120989037,1782.2384005121219,2244.3706693294284,3586.88883103137,2905.352066247299,3087.0703644478604,1999.6572813201333,2347.462020079006,3070.1219566591285,2314.5462272325594,2783.5620371886753,3724.270010230346,3434.993462182389,2683.1579347113156,3347.6322843375438,3092.7582398107857,2640.731020049467,2569.473816461207,2870.462900236351,2555.82331357608,2509.8620727393263,3626.771901051493,2336.619605059031,2466.5008526275315,3664.0037174975714,2105.4018451544543,2545.118245914846,3434.355554760335,2171.843871859267,2909.328176742696,3387.230403803254,2934.1644404636622,2402.0921904508705,3591.3305693911598,2268.92999491781,3268.319583905332,3676.22211454727,3061.023616997904,2386.5219046568327,2690.532698012083,3277.049348069183
82.38198777147225,1442.5025386503905,552.0059558987267,541.4933001155455,1132.166904993139,941.3892166193148,1358.003161120226,1343.496352031118,679.3718113014096,1273.3179315089114,990.1883760748123,499.5530311497921,809.4589340281983,801.4011678973352,875.4664467403456,1097.9022193814383,330.47082850186354,540.5656268964578,0.0,1082.1334203405177,898.8989479150282,1526.8012728096276,1091.5865779226576,1201.593669636248,516.9038780531419,909.138570488117,446.19530206837726,1277.359945124656,1256.3678034508273,578.5948010791903,878.95106849447,1417.7939986062252,957.493991653082,1377.6818410857322,394.80053758597546,888.2159085030246,1048.3673651921686,289.62770090157625,617.5796600443718,1109.3430289798719,172.7373802191787,1548.75978743142,304.2817389354948,167.7875013247289,803.4079681887614,985.5154499797557,925.6519686520568,1534.8424218534824,1103.4332095095115,440.827507814987,2577.082250529379,3268.868571352509,3083.4968247075444,3427.7935337105637,3298.325677077671,3493.9889186801283,2522.3057907638786,2615.6538820630785,3092.7187262264056,2624.9783203659085,2112.7157581989886,2638.535561263725,3198.7255147535548,2573.3636108267056,2591.0947722922833,2271.646817814625,2879.795879208678,3453.588159638923,2811.186228179329,3299.583713898053,3306.7949449925673,3543.641326114963,2190.7016495114226,2955.128838477303,3461.1535574220816,3086.6897555706278,2200.3593973065636,2332.2449354540568,3092.9168432786173,2479.6781425532063,3165.580099340181,2816.7817233018027,2548.1141218298244,3461.798881943171,2644.382026093473,2991.620512477244,2906.239762333279,2227.3632828154573,2473.172375424368,2858.3270185521314,3024.4856048365737,2692.39711472209,3278.0710798475875,2101.4567997031945,2773.311646887485,3447.929999273517,2525.3217606314206,2228.769749346066,3187.5136740581147,3569.7026041610657
96.1419009960939,366.64419150213155,1254.084058445151,612.9974200835167,332.2246916298473,686.456088746251,280.9188749587215,401.21610757134096,518.3516102692994,979.2663611000286,1259.4326554970032,1569.1835938910694,284.84619352690424,308.46271988783866,279.42419632751984,633.5208936592853,925.4560452584547,847.73447462535,1082.1334203405177,0.0,1492.9875925504439,1214.608973472893,304.7115942666071,120.423921277271,1096.2462920015903,189.67529835586888,1141.4521656500438,237.18003228825043,1156.59801229856,1355.8269355586167,1093.0095595080647,1440.495616274223,863.889536988744,328.5242017272914,1337.393594294679,1029.1695280084427,48.36417554944735,792.6254059509102,1540.1418467540464,1048.3957021789831,920.1862410982244,1189.25206541048,1017.6845363911434,1212.6077245537294,749.9718732442979,1684.6471952022941,355.8533076706851,497.8542756661205,976.9042917474908,1229.6857406446945,2897.30281699946,3001.901344946547,2203.291682542994,2949.0876082148206,3279.435693039513,2491.6974717078947,2897.8564263118183,3184.8946754217036,2036.5406755784102,3305.656484388836,2483.99817637803,2842.6249107763497,3233.7097761857767,3650.9730527996253,3037.1160938867215,2745.0465308648068,2189.13492458767,2390.4132575019667,2671.746018317,2485.985305222138,3428.7117830770076,2588.6552759601236,3212.9655437992205,3013.1836128634204,2390.0814097740777,2093.45038561751,3282.273538022464,3194.951558320453,2651.5426428360706,3357.553067464127,3444.2038447792265,2746.8918132310378,3299.056843259195,3019.6560177492383,2198.038830768681,2001.5769151793331,3519.364309443725,3012.24015375742,3542.162293190636,3479.119403089362,2092.1444373118784,3119.348430548155,3102.8454400322994,3096.634892849324,3783.9574922465536,3063.395121903884,3407.3187240120533,3217.6116083939273,2305.48361379324,2489.7243806569095
119.3305933433345,1833.18238809596,348.5070443787208,1255.0889861514909,1712.3571546733522,899.973694933741,1752.5616935336004,1521.0453730304534,1366.627468851793,964.4395824246321,382.04972454853635,841.5127052044655,1233.9397180693124,1199.1630926625608,1439.8240756316982,1820.0309808689117,1198.794680849077,1386.7582932457399,898.8989479150282,1492.9875925504439,0.0,1097.989950723448,1304.5495178901472,1581.4025196199873,446.85617700029655,1310.3117910899587,469.77642019159134,1730.1099526929343,789.1527455443371,335.7903453827416,469.0197903771641,760.5230586801222,1780.207160366224,1653.4800190577116,567.751934803213,542.3103271987609,1445.1262329007109,972.6692865656286,481.8454699826418,718.4733341688774,987.1214540264491,1149.7842588521528,1197.4596971714434,779.9542817898223,1606.1089330849447,209.8612105312055,1160.8324603590434,1753.653992313303,778.2462188015031,458.3551358908854,3457.865680433009,2541.8877509888634,3690.682539249561,2825.663305708288,2458.1033872474054,3435.533253624414,3393.8210102307294,3426.7561713332348,3471.195341414529,1830.7586129886954,2992.5281232565944,3532.6352350565394,2343.360372096885,2708.948768408038,1700.8445276524194,3125.1728388850697,3605.324802047041,3804.938994231927,3697.166466928587,3957.679682977587,2427.2688502920546,3403.6508854722088,1895.925066816514,2098.5937205154232,3783.1967518410747,3578.0308071020213,2288.6477079110227,1716.5468525834533,3919.3905830702324,3086.2092934173506,2267.276777341026,3709.935191748921,3262.7429383241792,2832.556042788078,3462.5815006881867,3487.779024002801,2075.1373591887295,2932.8162087768033,2354.486423662355,2030.680291035514,2885.6000177699334,3548.870896840454,2503.243250093505,2564.575528305866,2419.9576123697175,2781.7744126804805,1933.6491962008427,2694.137217785013,3793.635674085412,3746.8665361851386
