0.0,144.07425109945922,139.8189185355337,66.16026808490932,60.86059933065655,50.36312856591527,126.62855291743708,148.98217803235232,145.41901152680754,134.62027285939902,50.48690641139422,149.69932918137104,83.66849068548413,77.74884991943597,98.79328090923217,110.98867841127603,77.24039567365703,107.05927000933217,53.85868068787856,105.57797805308655,99.68580838730384,138.2473973024154,125.46780490669099,63.05215474429224,98.14943964316534,124.94848658077589,138.87206395601632,51.07467921243369,76.16579172523493,123.19197419089984,82.44507496632357,70.28735812055353,126.37001601665483,130.48444046608648,91.00272947245195,84.54378137405944,135.02835711547183,148.0365970598058,135.614193175525,142.84432169322326,69.96145983112825,119.85547541163405,54.313127317200596,69.88828331191603,103.03496180081684,80.65919057953955,118.95433499661046,65.62060580304562,148.10313832031554,70.70257001309983,369.5382795445531,389.67517250386516,377.7885060088656,444.811266586091,388.4253852828703,395.2618576093705,432.56813264254777,427.81300800012,368.2886560556102,394.8243742606911,385.06841566235164,378.8054305297943,414.7523525636868,395.67844674883304,407.16009854766475,449.2579960267867,373.6688771035559,429.0327925426197,422.8238483744774,388.6489345948047,377.55235532530565,379.84155126257036,431.2246288899607,377.62608379223684,409.0930697485368,361.8951764159874,427.22924625665564,357.2731334049131,357.8024560469612,360.06198388851914,448.9985626350621,368.84299780455785,393.3817857741345,377.5474815717482,359.1023558262499,375.59737215821133,386.70378252583026,350.4984635111862,388.27781537486993,439.10276956131486,399.4068975934965,415.7964865086032,425.9534882552306,402.0413058419611,350.7762759532077,381.0671927242991,435.5339875920428,363.9010272453405,384.0725050635128,358.9821740503576
144.07425109945922,0.0,899.6095636942368,1399.9544552656764,665.9427086323591,866.1602077902679,128.10913852751492,1358.1938689874949,1670.432635344234,626.5389743945451,1306.3620849842414,2036.814685571339,1217.6547912746873,1280.6322064574479,941.1527774409351,797.6448099952846,1526.901199190352,863.1857635482231,661.6472474768974,1419.976621371096,381.64155180749736,1534.8455731184067,1692.859073327032,665.3126807406106,721.3245552927084,245.16264431105827,1589.20179423181,1365.8993972560902,831.6182056962678,1810.6803297699996,665.0346388703741,1451.4254031847795,1278.5614750081213,1918.755386125487,1446.9860925622645,1277.9366007182534,1950.1667799161842,1701.8294735065579,235.78940395513416,232.1599953461453,1465.3714968296786,188.26882323716117,1370.830676426515,1385.397976729132,1729.385310194705,1472.337861964545,334.1560028366296,930.2947774004384,380.20386750970033,653.8674506748032,3033.9010646981137,3648.889587140872,3150.9204413391335,3901.1976944617063,3506.399995148109,3658.2271499315193,3151.2753828565515,2544.133368016562,2363.950317286654,2046.5471738204064,2113.370671809093,2907.9067419955313,1927.6224645270859,3516.4570715407986,2345.3014139336765,4126.870482681582,3305.0050143362078,2173.616611863248,3278.5920286509227,3632.686349333081,1645.6743675032087,1787.0005029588256,2696.3041980071257,3595.942631056995,2586.803063265433,3332.8375934732226,3996.3230604178234,2583.967645215091,1511.256006811558,1970.6161358692907,4097.636782886989,3548.803497450372,2148.558051200234,3183.7472129950575,2202.881986365856,2057.2199877155554,2384.1933676776703,1600.1329695861004,3656.3737345485542,4039.2897985290565,2621.4986351101875,3298.378100072999,2612.9850379293366,3333.3521423471548,2130.2621812612424,2575.6079929984026,3615.4123644500964,2590.9212464967577,3685.367001680549,1708.7051811120193
139.8189185355337,899.6095636942368,0.0,1063.7564191254173,1013.8431084952563,1150.2760444509786,813.991937471669,511.52671778343574,1979.2351247348902,278.60022688824506,1032.2311568800912,1664.1845642495477,1513.7370315623332,787.739624578671,1438.5638207742566,206.0338760024806,1460.84383855243,232.90011229372453,935.3231550682183,1695.8786518400989,614.6312234659866,1902.8520373853564,1115.8920586400682,600.7946009093854,1284.8303111797386,660.1264226723819,868.8484541992493,1231.8142529293302,1259.5647377127052,1799.0827492518924,447.3366278677092,1445.7182303184022,504.455450668685,1733.8572897058673,1614.4433952570853,1540.0955327397464,1765.1237979719435,991.2471537821694,666.5147838056289,1093.2945363620431,1171.7239112985953,902.0796076412453,1140.9124422242307,1466.1558773831478,1504.2149202730125,1537.0712691916983,1066.7744868640673,1276.2587590019195,565.6875895846817,543.6599699719756,2142.843302612146,3026.049615697135,2269.804875750531,4081.818139578831,3689.016050616342,3695.517274685679,2280.5801635692296,3429.547104107453,1637.27767156822,2940.7805645566186,3011.5316979408344,2011.4574514404862,2271.1243453105135,2728.0393588816096,1873.5548179375633,3956.2008871884445,3594.363345945943,3035.4273377810055,2379.4412703313005,2997.2745523092844,2324.0443164070916,2634.827401431373,3555.5091577006265,3516.5224550594057,1908.5424574330907,3501.7458807973103,3597.0593923160272,1717.0853085032622,2211.886720125016,2865.3951964682587,3519.7044609255017,3434.56286118531,3047.831659363587,3604.357030000897,1546.44239132974,1665.6025928521499,3239.6454659356377,2462.7439788888723,3060.9199236456607,3919.743852382948,3433.871160221767,3833.2019171450866,2009.3720716155976,2452.954696084171,2982.3530129657825,3355.827481926121,2744.046645539437,3311.8166126227593,3238.9071163897306,1670.3525402763642
66.16026808490932,1399.9544552656764,1063.7564191254173,0.0,885.5857921879948,805.966894468574,1272.279414882143,891.557042967705,1240.1201790999826,1145.857969023364,110.0119225188974,647.0693908406273,922.7781977827879,303.8611509112224,1127.7289280933317,905.4949047447689,500.41555106299995,843.7676560396923,827.0590848048439,1003.4382467367215,1040.0706508774294,1247.5221931262497,442.42770957081984,745.5479827677698,1148.179733347983,1218.8919331793402,646.2614434116114,301.8209428443579,985.7944971395854,811.803010653745,814.295305791262,549.248130207337,738.3101904191185,673.9362949178519,833.8096992640037,896.7877139066176,704.4813387694513,667.3267706977907,1286.449448012324,1431.8497814906555,111.94482260191222,1251.0453857808345,155.94245125431965,653.2257324960926,443.344527308578,677.5858305660944,1276.0042283129328,894.7070466659504,1329.410350361576,775.0137609449313,2220.985995429858,2274.3702550885973,2256.1039466761526,3090.885784750326,2707.3424974382388,2654.121358376594,2778.4250412101565,3442.876273337574,2496.4770580207646,3226.643113662592,3155.9458546139945,2359.261377953661,3216.8265143146946,2315.1751245562195,2891.5648638559937,2896.0331171325834,2682.235953865251,3460.197573665896,2633.031035748072,2264.7672735148785,3045.5028182312813,3109.221232689884,3449.0111015665916,2454.5637387058646,2797.417241636414,2517.5975228161215,2618.6392013878076,2289.4193104179094,2911.1250603261697,2979.8124510453686,2704.029089543228,2370.9135288359776,3215.032657288496,2799.9204394815724,2480.1249296597744,2712.4932336163674,3140.940296598228,2905.774786808853,2270.6014656855714,2856.063895680068,3202.186878544739,3135.005766518929,2953.291212477359,2418.353792635838,2893.051345784494,3058.1832238422708,2634.580646148831,2906.377884115962,2292.4159030117767,2718.653859817401
60.86059933065655,665.9427086323591,1013.8431084952563,885.5857921879948,0.0,202.13173266375395,564.6426619740532,1262.2971712854455,1051.1598028742922,860.2794936554362,776.9866195009982,1466.5262228471531,577.1748012076633,900.1435894162244,424.86929841515916,815.7542895676564,881.1675950695754,829.3802007140887,85.81366133248699,780.7318187096156,488.3338521554608,939.2533781045563,1279.1739803512555,425.52093618282817,306.7960489941125,620.1388448448747,1309.3035524815848,756.3612363616456,246.60451735051143,1147.7355976881872,569.569639271765,796.26621606894,1122.9251718004434,1285.5544080377836,784.4702535569842,629.1073629837874,1315.749848102329,1393.9560260408728,693.2842048359739,599.4207956988693,915.4738712554331,478.91099344477976,804.335722490847,720.7875845778914,1119.6817142658808,807.6402103369458,421.46498881989555,293.2294289177363,828.8677265631294,476.5564873024002,2904.471260195683,3153.737397433546,2981.6663377542386,3266.1741892452123,2869.84887904326,2996.975004266289,3238.1531972118664,2618.211573867975,2649.2752262762597,2342.934345484322,2291.2297339240654,2905.0189940156138,2593.5582644959172,3172.677711318475,2801.894418269825,3465.759632128117,2700.9001518095206,2577.209145439429,3238.8259372079547,3146.51579216073,2252.669558153272,2234.3273480241864,2673.6266359732435,2930.2594849085767,2914.0208937152806,2691.914976581743,3385.3827843978306,2687.964881407585,2111.795145976744,2119.8941621180174,3566.2757928336932,2884.6239659491916,2346.3051346969555,2640.7701090162154,2543.556824712405,2547.1399751973645,2358.0038679062995,2028.3020216364196,3143.316065461395,3374.5920245315992,2490.816409424819,2831.840920755847,2995.0052166267005,3156.876492415283,2102.0433074584703,2387.2074267415314,3407.1284340460675,2313.537734550559,3095.9097364448894,2315.437903631662
50.36312856591527,866.1602077902679,1150.2760444509786,805.966894468574,202.13173266375395,0.0,766.7108308082891,1330.876561268312,861.8424622906459,1028.3293066531153,696.2684394330969,1334.8275047090458,384.5427610330337,888.3957728855677,345.0438154341554,945.7835742543998,708.526519958684,945.3581209383876,239.86234955432826,585.6684648048805,676.4521669268338,761.9200457366118,1230.178681325249,549.5130037450551,347.5137755481803,818.5945726816396,1313.7246031660743,619.4922404467505,180.8354377414146,954.8775545067142,703.8753988602014,615.2724508719622,1180.5560208948011,1117.550787211481,582.388872654383,431.1693844952577,1146.5715670182642,1384.206054541915,892.6187476821212,781.997335558241,812.535602810483,678.3335166833295,697.0003478584423,526.9743595483287,970.5664540345938,613.1751312472394,600.0120598570903,129.05974049067,1023.2542656266539,607.1955835355052,2926.17811096614,3041.9318832618037,2989.909360550234,3067.447208831959,2670.9757190931264,2794.9161753380045,3320.4256503919923,2642.4396400212513,2786.2790150651467,2435.202672059254,2350.662195502537,2964.902479990528,2793.4906949917813,3119.4071337172454,2974.312916556467,3272.5045952163528,2510.279430835867,2696.704256283901,3284.950882220828,3038.457202787463,2430.576044547959,2369.033727440781,2667.780983327065,2731.955988971931,3058.6633723411082,2492.2224088413254,3221.0620072566285,2779.709828639262,2288.4589599678416,2174.0157246756885,3437.579361066597,2688.609751682857,2410.620160895061,2468.4744763261315,2693.699894601311,2726.834209619857,2355.4808954778687,2160.3484337417626,3024.0579978104065,3177.833101955219,2453.6516732112277,2682.9353109025365,3151.260512843406,3161.219323409203,2103.4360605562306,2333.023021280897,3399.1130228695506,2231.2865335245633,2942.70508860154,2513.717294871102
126.62855291743708,128.10913852751492,813.991937471669,1272.279414882143,564.6426619740532,766.7108308082891,0.0,1252.939037901337,1593.1404705462537,551.3601129497789,1179.295307394392,1910.1655223308242,1130.7610063510451,1153.7346166384013,879.6393209406917,693.4673667656168,1410.3951340365236,754.8996014562208,550.3723356723334,1334.478343335361,257.81572652601443,1464.2666790448773,1566.054048183414,537.42842352895,665.2671537712577,157.1087008158194,1468.9927033547638,1243.9144384054266,752.5550940852661,1700.8272620980697,543.3755359544274,1338.1213763269814,1165.9668435945875,1798.5655490848458,1349.0965214554753,1187.9422724728474,1830.1447980243136,1580.2895528098254,187.4859805328474,279.8033259453408,1338.6731244505156,121.64072877983722,1245.2390737916858,1278.070505961618,1606.2613026085016,1364.9220864107592,305.84070434343465,841.9606173637385,350.6694182154733,527.3413946395997,2934.4583377658573,3521.121789071126,3046.9957179189723,3820.4975248365135,3424.8262051642673,3561.615098255126,3083.9371144485403,2616.4750364069914,2331.972599367797,2149.6850664597728,2199.814248726008,2825.4170256068296,2034.4546081788749,3396.2914826890274,2356.3444197992044,4014.104842142764,3236.1843167933316,2290.2157416108994,3191.7761238494595,3505.114907715095,1773.227630263523,1907.1110278319588,2753.2415946723286,3488.93216257423,2565.3435661616127,3249.107640805321,3871.4809615915706,2517.4812398965155,1639.1296361713917,2051.7730995933807,3969.527734297463,3439.0026252007488,2238.179543499897,3133.774315304566,2182.8303238448043,2077.1193656001587,2438.975266547911,1717.634662267737,3528.3393525243723,3930.0665511571933,2658.9567554241276,3268.589452299444,2604.922438396599,3228.9822718090572,2183.0781262528512,2602.086711658,3507.979548375637,2600.138724474525,3558.896969956022,1770.8723023865086
148.98217803235232,1358.1938689874949,511.52671778343574,891.557042967705,1262.2971712854455,1330.876561268312,1252.939037901337,0.0,2045.5879354577244,775.3164000188156,915.4655161900519,1361.5034274265367,1628.4796841464995,591.728662275943,1665.9372456983288,560.5881601079788,1378.8370846285404,498.7605599779431,1176.4835099617258,1774.5356326371616,1011.298705217211,2008.8541558205163,744.0362835001096,851.0511383270764,1566.0586543848462,1113.0980341672105,421.2416232701546,1154.0795398644336,1484.2068865504045,1702.0441183270632,746.3462813523419,1402.82308872238,161.1283006124324,1540.224324453408,1644.2697085294933,1632.7714826211247,1567.930855145291,533.9669924437603,1138.1989933328982,1520.337957017181,1001.1266438099889,1315.4705561249857,1022.8081439813042,1470.2783439114937,1315.3651621352885,1520.1398721274893,1450.6971945625114,1458.4591197438542,1063.7723728711085,814.6832025071504,1685.532653710528,2548.761988965306,1794.0594425703612,3980.77889647956,3598.5006832195695,3523.7117409959264,1990.4557875745604,3827.43259170444,1604.9710266909408,3402.495256467168,3440.774763057766,1642.740180227171,2746.9856247397565,2216.51949727617,2044.383237654135,3668.234146077233,3567.662750262964,3523.62726902966,1981.8543370774864,2516.021864269819,2835.564073002189,3127.927864270155,3917.923668075926,3285.995301045589,1906.5684692039272,3408.708606648161,3204.144177964191,1458.0661595842098,2723.167538175744,3285.0128448336395,3053.975438653562,3187.5810425888153,3483.2281265564884,3654.765896405085,1597.7707567212935,1904.3861334230028,3601.074182004765,2949.656082171042,2592.982002908242,3658.828880768276,3752.1960219798657,3948.3546844628054,2069.6784720797987,1976.0702085386029,3343.4045235953317,3648.8223823128096,2257.396467481606,3561.478411271506,2830.2387811726353,2068.341408429247
145.41901152680754,1670.432635344234,1979.2351247348902,1240.1201790999826,1051.1598028742922,861.8424622906459,1593.1404705462537,2045.5879354577244,0.0,1885.8966228454349,1168.9782575689462,1393.1663603364345,477.407556341912,1483.6798429446608,743.8791192510099,1773.4392836340485,774.3439794049535,1757.196536470816,1101.5131235139775,283.4444427117644,1537.0318204841833,166.0702106825453,1655.914613867333,1389.8999498601277,962.1872731504978,1669.2376805437523,1883.1549047385151,938.3495135513105,840.7726394331448,655.4276030701615,1544.1905702035008,696.2062690552037,1884.7047594268383,1004.2871595003545,408.1100195845859,440.2491719513246,1013.7224330224246,1906.6465369410557,1740.7274219243345,1520.27744910789,1164.659408572511,1486.2847302227112,1084.3045933520614,588.8410499381595,1043.0442922381028,566.4307635103933,1350.611317761721,758.5480000124498,1879.987018975788,1448.9972067456274,3448.826537985307,3025.2743409398445,3467.5500701672768,2231.1235475487883,1837.0311909755478,2040.85127474172,4005.740386658251,2578.327256725295,3595.2691787707445,2674.248923074995,2456.946387459427,3597.720736712393,3560.632217853244,3367.189480253566,3830.1568072339805,2673.994233428609,1649.7528539207767,3039.25621458038,3872.123439385722,3041.1782902402933,3057.2928372789465,2794.871053503335,2473.7785799588805,2077.793128541012,3878.842804574892,1666.3106934569955,2879.5288979060556,3496.4648324884797,2912.951642612567,2272.948328065405,3312.8994398995937,2071.1658502338914,2532.962228077845,1626.56108939178,3524.0753824227677,3587.444893670935,2199.010682518835,2586.4373650585767,2968.995405088136,2536.244791592173,2140.7631190639527,1905.4056661230993,3988.594956104019,3620.5950264232547,1987.7077530610159,1956.1660744315884,3808.9935722164755,1740.6794896910058,2690.2166969154086,3361.5011356725704
134.62027285939902,626.5389743945451,278.60022688824506,1145.857969023364,860.2794936554362,1028.3293066531153,551.3601129497789,775.3164000188156,1885.8966228454349,0.0,1089.2397515703847,1780.9189900046067,1409.6119152589858,913.2995681535853,1273.9403291790948,263.98618539498307,1468.2168933946687,340.97378924444155,793.52004599473,1604.5749341334854,395.41996665995293,1790.067750906572,1290.2127262322463,507.21892908377737,1095.595048660247,394.46525741164453,1090.5322060651547,1251.07347714457,1104.5783750275332,1800.2594229734352,365.71850306269107,1432.6324950565142,736.6154575089633,1789.567921324684,1553.2921691636705,1447.1907809977943,1821.6932533603167,1212.1032884624885,391.3525332221902,830.7149007638949,1244.1133310576379,650.9526188332378,1188.6687019974931,1426.1312109007636,1566.5233768189455,1505.144954775319,826.8469652488257,1145.3305568363571,289.2735345602429,449.9396377717097,2421.443161476846,3236.824637665395,2547.7307557339486,4050.8282897678264,3655.12385679642,3706.6727185946634,2532.5770035113455,3166.2120994890133,1814.7466025860906,2663.04356191724,2739.9014584251145,2281.373792263629,2091.2514162823854,2985.5342574028723,1945.9844365838592,4033.1871333717495,3526.821631701887,2757.7777064474185,2652.885736423737,3211.6923183062972,2071.749790819673,2358.1851225829164,3303.9207199416874,3562.668586855786,2066.6277293532744,3470.8201942541923,3742.52327899447,1966.171188416919,1954.935216358703,2596.5244703684543,3718.917832998085,3490.949406467651,2774.6887031212063,3496.2464299374283,1690.8585102716395,1702.9838678989524,2989.2267583349008,2184.7918647413685,3263.613298417023,3980.7614141178624,3199.676554726528,3690.6579817267084,2136.6651742270606,2730.837206638433,2732.8815225055478,3132.5678707651823,3020.7323050416794,3107.995644287525,3397.014533676208,1584.3622812333294
50.48690641139422,1306.3620849842414,1032.2311568800912,110.0119225188974,776.9866195009982,696.2684394330969,1179.295307394392,915.4655161900519,1168.9782575689462,1089.2397515703847,0.0,731.5950399013071,827.8133648394362,325.9040474651025,1020.1672278536057,860.7509862454226,463.72685200282626,805.0619285461783,720.1972478457159,921.5109885235031,953.9303354916494,1165.5187193299435,544.4377728515024,661.3200585891673,1038.1710567721252,1133.9186930567148,715.3410086587818,240.34519870715837,876.3011244200984,793.1139730969797,744.3628049533353,492.1981581389169,757.0172096031689,704.5278790634652,760.8848184404143,806.4345674682297,736.2885960225078,750.0544139324678,1203.3832373914397,1329.8684074925009,161.56233148398817,1152.736255941949,111.38190458373003,580.2055029183455,478.00338715539374,615.7994583740565,1171.345667528477,786.7321326894437,1255.842915573816,695.877693381107,2309.04226234722,2379.998864053707,2349.7407768018893,3082.9610858756587,2695.867400770874,2667.0969595928655,2838.816647655067,3334.5562341121495,2515.3391508390155,3117.141584573603,3046.0022959891517,2429.411592120489,3144.2151326506155,2424.0639138918027,2882.0675879831397,2944.2445757801825,2652.380758927908,3352.831767423142,2712.0531881715574,2371.250305063144,2951.8177842414448,3003.7059709602436,3343.6760095702357,2486.269888596652,2813.3934965141934,2506.5440579055216,2699.920903080628,2339.4153319835077,2816.4360237412093,2869.958627088889,2805.051363706858,2408.1440807945437,3105.0360440317413,2749.918649840517,2487.3924171497356,2692.65849820917,3034.9176288898793,2799.698428962113,2374.195249932793,2896.101625933602,3101.163295561953,3070.926624459831,2960.555960400462,2513.949284630863,2786.364588714766,2960.027816405202,2734.6253480828186,2814.2152149455305,2380.322430080242,2670.236107515346
149.69932918137104,2036.814685571339,1664.1845642495477,647.0693908406273,1466.5262228471531,1334.8275047090458,1910.1655223308242,1361.5034274265367,1393.1663603364345,1780.9189900046067,731.5950399013071,0.0,1285.2118968457407,877.8021849379054,1594.1882019511509,1529.7256424521036,690.5045230635753,1461.3269356629478,1424.6236629099037,1262.5838706818902,1684.7433979104471,1474.5261038123472,627.5503862089887,1390.9728687623506,1679.1456171588252,1864.3127932714162,973.2917895153071,715.6667989248432,1497.6856432571394,751.9276019703179,1460.1751991936605,799.6777685171573,1241.6291523800787,403.3463031500337,1069.5861996223496,1229.8910770693365,405.8016959744208,905.550577478483,1932.7233674844397,2047.2907191186187,571.4932550233985,1878.711439658864,669.8178434415805,939.1850604955641,384.544596638856,897.7041025171541,1880.2927055205632,1383.2405136489194,1975.702364642343,1421.9240610811373,2208.3062205663286,1717.7564314743686,2182.4859254810813,2743.681681395163,2388.5623545089124,2212.2246763438243,2965.0524672331735,3869.229129606491,2909.725489932832,3761.318959547432,3643.703984887274,2491.914039175654,3861.7301545367213,1975.2275138336447,3405.575698716094,2309.7126055128742,2468.76248337244,4031.490793914087,2686.3777019197196,1719.9250316551381,3681.371203538051,3698.8671985102237,3819.9296441118836,1933.821849054465,3217.2555928286806,2202.4733528262796,1971.5861199432813,2554.7596111450835,3545.0724697738606,3461.9108998257043,2102.972833525161,1829.5393002264914,3709.4826703496246,2708.134419074597,2940.3390651222912,3260.1880569462064,3526.5680651790562,3491.5028196452363,1692.116638378431,2297.501451876661,3517.797597963205,3129.9588157883345,3406.211868609561,2314.8158219841002,3293.242138004827,3343.1858564531376,2465.0322896842126,3133.5297898505496,1648.8295649451882,3333.9766279197174
83.66849068548413,1217.6547912746873,1513.7370315623332,922.7781977827879,577.1748012076633,384.5427610330337,1130.7610063510451,1628.4796841464995,477.407556341912,1409.6119152589858,827.8133648394362,1285.2118968457407,0.0,1106.7379000340984,365.1203562550626,1307.7326511158967,594.8988391891804,1297.375163959882,624.3489445583151,204.02095974300332,1060.4926662300481,389.9217993405189,1364.4659355222666,918.1342781394491,548.7278751335512,1197.1832311223834,1529.3237827021578,643.2012021128725,390.3502110303346,710.3060547375806,1073.1158430804805,485.54212340707534,1470.2467361734725,972.2073281815199,274.65528666687203,71.2251451994915,994.9054516232886,1575.5677375731716,1269.8894289299908,1092.5983871161172,881.084395752837,1030.3144024206097,775.0220166002912,346.72238605390754,900.7357065907053,403.04238567021633,914.072921183111,288.8109010629649,1405.429027251226,977.0724847444419,3135.5061166069318,2997.3444401992156,3177.411235852935,2690.779279908226,2294.755987945179,2446.5667847834297,3612.709471810295,2585.435707315332,3141.3712603141585,2514.8366082271764,2366.8310167739437,3229.539242428961,3132.75446006171,3197.2648924751006,3354.94445323488,2984.853492120179,2125.904215405212,2828.525009556484,3528.0223112186723,3002.5523727226046,2698.8470321305044,2537.683593771064,2553.8300620233736,2419.82764587162,3419.942730582403,2118.389990221252,3037.2119881122735,3086.5431339707047,2554.7235501504256,2183.6889094029343,3348.5943785097666,2389.9589517716713,2435.17440561136,2092.274634470698,3060.179336369326,3110.3265920726203,2253.1502205863417,2326.6741253625196,2962.111458167133,2872.9886795224415,2285.630115775742,2331.5814494549213,3521.742075912516,3340.819437160112,2014.0990530663264,2136.354034959967,3556.100030564301,1986.810952931278,2793.8250759764474,2892.134744628971
77.74884991943597,1280.6322064574479,787.739624578671,303.8611509112224,900.1435894162244,888.3957728855677,1153.7346166384013,591.728662275943,1483.6798429446608,913.2995681535853,325.9040474651025,877.8021849379054,1106.7379000340984,0.0,1232.3663558464111,655.5748828602988,787.7369303176864,584.8803549402028,823.4205425053216,1225.2718088449644,900.7914888832132,1467.0296435671448,412.34564448586605,619.4450546331344,1197.6278437022675,1067.799314936442,427.9334646744944,566.1257941751898,1065.2493563101773,1110.735449436741,632.252162871629,817.4540899632548,435.7567945676545,972.2282470247445,1076.4857553655706,1096.9478507530234,1001.9338589734438,496.9757899024387,1126.0530999469331,1360.051905319198,415.50172093689713,1161.1808243214914,431.3677306885251,897.5840092885562,742.3874582489547,939.1993390958139,1229.3869849012285,1002.341268221353,1136.3084786428353,626.8397578680765,2042.5705930885701,2371.673369121555,2101.749197910537,3394.193777414208,3009.8895301808725,2955.878828128902,2522.3058362750508,3515.7065524129084,2195.2716901088925,3220.269326538522,3189.0013183245655,2124.7241085510504,3003.9689531357158,2282.586764977804,2590.6567817785217,3170.777359680882,2976.337345655488,3415.9702007436317,2421.9186184898053,2353.681235480941,2907.7163521227562,3046.7245023610094,3554.8027077771103,2746.515494899423,2495.2481594569776,2820.2153373670435,2829.6909183142748,2016.3243966900711,2778.8863020753975,3019.09764183997,2833.105709126983,2658.3850281823975,3242.341342902125,3074.812810196462,2176.3160624066477,2417.4630686780747,3241.5078000709186,2849.898091413472,2384.9954195807954,3140.1456867683673,3339.4485153349005,3388.621112528841,2649.5039923056775,2272.8255972120905,2988.0372610401405,3211.6228063256776,2513.275798966213,3086.6938196301735,2484.2196803362594,2456.409783753147
98.79328090923217,941.1527774409351,1438.5638207742566,1127.7289280933317,424.86929841515916,345.0438154341554,879.6393209406917,1665.9372456983288,743.8791192510099,1273.9403291790948,1020.1672278536057,1594.1882019511509,365.1203562550626,1232.3663558464111,0.0,1240.4909775217347,917.6275406372547,1252.1007451000448,505.9231360342647,533.1767061754017,886.2309540624326,597.6494637592732,1561.9867924147518,847.8647731361633,220.96199479685833,981.6948476053492,1658.436259765309,898.5586092362012,182.85576280411834,1073.6688835300993,994.2698378856735,809.7871690669515,1518.9102603886245,1315.6245865121493,639.6801968682634,436.31842897886986,1340.617128339589,1727.140716853903,1046.3351315126636,777.40011446544,1117.4715315555516,764.3455911226564,1002.3607751961202,682.1952129290682,1213.2963107014582,752.7327276923794,612.5151509706951,233.9188636909289,1199.760960324776,900.5566821693676,3271.215939808073,3311.8820517159443,3334.1147017235426,2970.929479006045,2578.3188537024707,2774.690993277666,3651.580812439896,2315.8123353904666,3073.004344353785,2172.8382985877597,2052.288717360144,3304.6528224142703,2816.7753154327743,3441.7740325899476,3202.3636658495125,3344.248184234436,2364.169550498004,2471.826031038682,3628.0360324225367,3312.9869841978743,2342.8963312660544,2174.3730131451334,2327.6165908235034,2771.985195516085,3335.494823889464,2409.5080858401984,3397.5292888753,3105.4952149436735,2198.5186814070075,1871.9027196028278,3682.5751123074233,2747.112441297038,2116.5980811666122,2256.0535243077625,2962.9939073678865,2937.2537887351973,2016.8614228357333,1963.3941840050252,3284.39603261082,3227.2010813746097,2108.6105550471034,2418.3973063935828,3410.5369666328393,3504.866948791013,1766.863735341551,1989.3275264812314,3740.2429552971876,1896.9450244812201,3146.288416851485,2647.5398823229143
110.98867841127603,797.6448099952846,206.0338760024806,905.4949047447689,815.7542895676564,945.7835742543998,693.4673667656168,560.5881601079788,1773.4392836340485,263.98618539498307,860.7509862454226,1529.7256424521036,1307.7326511158967,655.5748828602988,1240.4909775217347,0.0,1272.2848975362272,77.58626440052785,735.2693477456284,1490.0481485970718,460.6997539918606,1696.9256133001159,1026.3773021543561,396.9357481546702,1095.7387945181008,552.615938787935,834.0524893039346,1046.1696346736787,1060.0365571061297,1609.6500987614681,246.22412862112185,1251.1359004733808,491.393683985063,1565.2764980072982,1410.985904195585,1334.1523212614866,1597.0355715527537,954.5153257932093,580.9005756222842,964.7813060963458,1008.9293745340589,762.8609592994371,966.0185946207725,1265.6456068125929,1337.9836578321924,1338.345048579823,911.9040049885042,1072.4268452094864,528.4674343589365,341.06473206774564,2241.2247844447948,2974.0822615593906,2354.120651181288,3886.0378072392355,3492.381838128156,3511.7758040113354,2447.7132694149313,3288.9319786077167,1840.597929202379,2842.330888387487,2888.4544035787,2153.0735775587377,2352.8918960192436,2744.728910160345,2073.221446122843,3801.0180582176176,3391.5396687382035,2966.057082147931,2510.719395159562,2949.535498568807,2324.442303171916,2573.0396261559213,3399.0881155889083,3346.2972051412476,2113.8212778667503,3305.6979754555364,3484.899662032332,1888.9050551853438,2204.4758246852016,2736.165729018101,3455.0567797992107,3268.8850096908636,2928.879884539116,3398.366381440461,1752.4551211341202,1856.945305504252,3082.442758047202,2392.0050784631144,2999.9993930536957,3756.572445475112,3261.8942847258654,3628.588974462211,2215.2523341726137,2536.3338819424544,2824.624448683304,3176.6068278510666,2817.7887148143154,3122.695280038643,3136.498683089024,1813.1597951655883
77.24039567365703,1526.901199190352,1460.84383855243,500.41555106299995,881.1675950695754,708.526519958684,1410.3951340365236,1378.8370846285404,774.3439794049535,1468.2168933946687,463.72685200282626,690.5045230635753,594.8988391891804,787.7369303176864,917.6275406372547,1272.2848975362272,0.0,1228.3124980794003,867.1573845340445,587.4964654991242,1237.2040837194504,818.142766068546,886.3747596472253,978.5039736548997,1032.3149181726067,1412.166649403102,1142.6771365715995,231.55975793933885,846.8622429120264,338.31377945450663,1103.5679004534738,109.61780584889969,1220.7201645983732,409.44982609489745,394.98756423483144,539.6908659485362,438.11189148800014,1150.025465542715,1487.38612662603,1480.457713435868,406.10266983709715,1347.1795181279156,356.4488181316408,248.70097734384785,306.3986912747393,218.26984057926637,1301.0151203202709,725.2431464509177,1577.3570459882505,1029.1054743586355,2677.223227227322,2403.455645967016,2693.3015440491977,2627.632297539006,2238.080853386218,2240.800685446591,3275.848392911977,3178.935114673877,2978.8094010829736,3090.463345230893,2958.139197720482,2848.9900311665992,3438.892540829965,2627.5050025701926,3328.19691691593,2606.9438695594417,2188.827052754487,3381.634284863874,3109.123019340919,2407.973894976142,3133.5232675607394,3067.5287622873707,3135.978028590668,2103.139851187513,3276.2798760620653,2049.3040855350614,2512.765060509031,2789.830394950806,2992.299880813481,2775.610502905415,2765.0373779504757,2041.31889457949,3025.2256293691576,2300.083585652921,2947.187857880348,3126.3365007160974,2839.7063693675327,2857.600564304468,2370.746521918575,2533.1618586073255,2846.956005695411,2645.317042289521,3420.0459871106414,2846.3558528437507,2604.306145292482,2682.098760227906,3037.9853225940383,2495.8961825799756,2240.396777231349,3048.004810574099
107.05927000933217,863.1857635482231,232.90011229372453,843.7676560396923,829.3802007140887,945.3581209383876,754.8996014562208,498.7605599779431,1757.196536470816,340.97378924444155,805.0619285461783,1461.3269356629478,1297.375163959882,584.8803549402028,1252.1007451000448,77.58626440052785,1228.3124980794003,0.0,746.365252605589,1474.375555597007,513.2532383793623,1687.2800252792813,950.1349715639301,404.2646909400466,1118.3970174713127,619.0511428900174,757.2173616780891,999.7659188452537,1070.0789893029423,1566.4807305578402,266.51021272218446,1212.892321516269,418.67523838068564,1508.881372880785,1386.2251496747156,1319.8976746797143,1540.4244224186446,877.4183357170209,651.5248082195269,1021.6972230304636,949.2973521442992,817.3382907402598,912.3909236813063,1235.1959651631876,1280.3038020821928,1305.1616191396324,958.4796019024382,1073.5389655748527,605.035494126021,353.5379177458956,2183.5060862644095,2896.5598434122894,2292.523278459496,3848.995016218214,3456.305423741972,3464.491184771706,2417.258906120319,3337.1085174509467,1844.432535950603,2904.5593213753928,2943.3913603191054,2110.494843440343,2427.8135516344523,2670.709430011028,2105.927903778779,3739.7240128612066,3364.729455568805,3034.646198841493,2463.516036933194,2871.962752856093,2401.342344653677,2643.177572900231,3440.058501140514,3291.2405211709947,2122.9864014519644,3268.9609168640936,3412.6642514369387,1862.092293213168,2280.970473402954,2789.0831483019283,3377.9451125024166,3211.7051967383813,2985.142977948375,3383.603782220632,1767.0927117247868,1898.0246927263552,3123.2147432874795,2460.666614983023,2922.707203449192,3698.3833893753826,3294.2093343482666,3624.7044995815627,2233.3431757020303,2474.3306014514883,2865.3193946014567,3204.0467677155666,2753.3046789807086,3141.992275765533,3062.7107176054833,1876.5820469448286
53.85868068787856,661.6472474768974,935.3231550682183,827.0590848048439,85.81366133248699,239.86234955432826,550.3723356723334,1176.4835099617258,1101.5131235139775,793.52004599473,720.1972478457159,1424.6236629099037,624.3489445583151,823.4205425053216,505.9231360342647,735.2693477456284,867.1573845340445,746.365252605589,0.0,825.3615137743213,436.836424022879,997.8016715186122,1209.018368468424,342.10927044174025,391.7850187658142,584.5489686231159,1228.3490357733706,723.0349761523452,324.77265053183316,1150.534587234973,489.14722018598366,789.7866297372267,1037.3258492935988,1265.1551026949164,810.1847405600139,670.1864277809988,1296.0245256676828,1315.0826673003226,659.6049389109661,625.3439026364991,865.0409524215522,480.046579421733,757.0576496764595,728.1601807832196,1088.634281151748,814.9095234707665,455.7055060826505,351.83144098824096,785.0387797087695,394.75131259664835,2820.3972756562216,3100.0931155249555,2898.9315917481144,3304.391321603035,2907.8328792303164,3019.007279389833,3152.9637318024884,2698.8772288444143,2572.0948788806377,2408.7817807048887,2365.738853633426,2819.2060648306033,2584.8179038943213,3100.745503780704,2738.6273323696473,3465.3624065170925,2750.141761957768,2633.167081766056,3153.2396150766795,3091.4235237424145,2274.9033087723647,2284.076826398092,2757.698099237332,2938.6733628928337,2839.0843336962175,2728.137091231753,3358.374061361097,2603.3711585264805,2135.3379619531374,2195.699974986196,3519.4895091767585,2888.7999283777144,2419.659849250391,2703.0883700091726,2470.313088228748,2488.4626651587027,2441.8853333347333,2079.626006102585,3092.7127291044094,3379.7674412418924,2576.5391676107984,2903.96375086073,2924.1232039602965,3074.5523418127186,2185.6738180965626,2472.952697984016,3326.3827544715814,2397.899545557959,3062.1355271295147,2277.4218050588024
105.57797805308655,1419.976621371096,1695.8786518400989,1003.4382467367215,780.7318187096156,585.6684648048805,1334.478343335361,1774.5356326371616,283.4444427117644,1604.5749341334854,921.5109885235031,1262.5838706818902,204.02095974300332,1225.2718088449644,533.1767061754017,1490.0481485970718,587.4964654991242,1474.375555597007,825.3615137743213,0.0,1262.1101511558873,244.19017781967818,1435.0743992522005,1106.8547213408679,736.3609424893959,1400.8564998956156,1636.1073700726504,704.9261317543215,589.7703257983588,598.9267612989887,1260.9775735401104,488.86581962823334,1614.230996858164,908.6165657039077,193.6935165944874,157.42628921022612,926.2072444456273,1669.5090256761134,1473.727284583056,1288.434972318158,941.4861006442396,1233.051176689697,848.4586794796469,357.18303269926434,886.4572474993859,369.7384200388476,1111.9458979801948,492.6707393866264,1608.2957869624352,1165.9559598061112,3223.98072118915,2951.240562752037,3253.8526398565004,2486.7655568013565,2090.7657742898487,2250.070574726543,3745.9154147449935,2620.298644521734,3314.0980867543144,2617.5042422950437,2440.96025563545,3348.091167626384,3330.7248043860614,3214.864433053898,3547.7517199362487,2813.961036059214,1925.3847664030968,2952.2357557762834,3633.492136697888,2961.0091811018124,2875.9716363653706,2678.327289388387,2557.6677193443393,2238.8700633496114,3596.6261002574715,1914.6337672488028,2917.888960946594,3229.609499291238,2731.572400257034,2256.5567571049087,3277.1334189737104,2215.461601309914,2512.7349288739024,1909.2363860375863,3241.011676489336,3307.0012203916276,2266.5542548362,2467.6760872517725,2907.0550462236624,2694.351547181123,2260.22748129797,2173.9283600964172,3705.250166276905,3412.2090525545673,2037.759712905331,2094.699626754097,3614.304569386402,1915.0685467137907,2693.9977112681436,3095.987215872963
99.68580838730384,381.64155180749736,614.6312234659866,1040.0706508774294,488.3338521554608,676.4521669268338,257.81572652601443,1011.298705217211,1537.0318204841833,395.41996665995293,953.9303354916494,1684.7433979104471,1060.4926662300481,900.7914888832132,886.2309540624326,460.6997539918606,1237.2040837194504,513.2532383793623,436.836424022879,1262.1101511558873,0.0,1427.5865717034333,1312.5921762970943,294.7180704457137,701.0785581626917,180.42316403015516,1211.583029620799,1048.9711411162011,724.2039378462133,1548.5519047826704,285.8939828396749,1178.3288121936232,915.1249767861561,1606.7340635014214,1240.6571451990415,1107.007204935161,1638.8245315220106,1322.5203484733238,252.772112056443,509.6531514926309,1115.2652973720824,304.17627609753913,1030.3285082174789,1140.7609660971386,1402.3223599655837,1225.6117547789731,453.71617171219384,781.1592743356372,351.14601414002317,274.5166915780483,2696.620618178421,3271.435112981523,2803.434514980843,3739.5255498568367,3342.9428627870484,3439.4561467752424,2894.759247610262,2828.3754304923355,2209.9034279997777,2397.178476843962,2430.1464566996397,2612.3112152363915,2206.977365373806,3138.7415401793337,2318.0584331634527,3842.6061070749474,3186.3698830681483,2546.906278182786,2971.359599462968,3254.2143802221594,2012.6090332579304,2164.8467803528174,2943.3920905353702,3336.6890753887974,2461.615128495681,3162.3931168247364,3653.7212935534594,2331.6957906111884,1881.3959534911028,2276.346173729576,3725.512996566065,3278.1776948171114,2472.001272065409,3127.589803736325,2084.8617282570885,2059.5414091363727,2627.1294203664834,1974.7712589066448,3281.4951784189943,3770.041611124728,2819.864990325421,3304.597780828905,2526.8285531656156,2984.7640508601903,2369.5653187405314,2745.4812231130645,3260.16508601069,2714.006373002261,3332.3187642148555,1844.8014466515176
