0.0,78.75608648318575,100.82481908477831,99.80410218943942,128.16694523781604,62.24034702096197,78.98573894554308,52.718451286167664,106.6987330525346,96.84054596605002,98.92014855699082,141.17265723583705,114.11635072064641,90.22200235480511,58.71941896912775,120.59166600042022,93.55211822414955,72.12791936260503,130.95351674166724,114.53909790936785,94.84551790936312,147.9614704778743,72.24897694154829,92.49429159034617,87.25055040618997,142.90139835108715,67.75521188853065,136.97518687251593,130.31242496680505,81.09278200456397,74.77963951979365,141.27472394059112,138.82359872788163,68.99686761543487,135.15129613157154,80.39993644886165,92.12490235937085,73.81726140491745,58.061116263486205,80.04036890414511,135.97050837555233,142.74760760019862,125.19081884560538,137.29106715571575,56.1046869436859,100.91990192619771,107.70120271795722,127.13340393304209,113.79175255236099,90.98203998916551,429.6996135857784,365.12356180033703,445.12935860889286,383.6421227561522,425.05818223531674,439.41264201358655,445.8908684606767,361.6489491695651,422.7719966166259,384.64036217117365,351.38344639885315,385.42593166035317,359.21808541851175,396.94595608908446,448.36969078462914,428.41706316109537,356.54409078451147,353.3184183865159,363.1225056860942,408.3595868201541,377.17178956844884,355.99465770244336,392.44573653502187,432.193764251071,357.1953369927607,426.3256128595081,417.5639421468616,433.62501995323845,364.9619444237935,441.5592085707492,443.19340752122315,436.45480696460766,401.37624099855884,383.3790008457614,425.51886750578336,403.6767020927357,419.0101337792071,360.6657335299568,426.8427906288922,371.95244560731174,362.5448464951129,426.851866609073,352.80751581737246,388.5294734757412,395.41446397299586,383.4571856299469,410.60598396018116,354.12085168963654,406.5932430264845,361.6013235011109
78.75608648318575,0.0,159.47143437168842,167.04825165221663,370.81860183032654,169.5948690663828,174.47122162374814,249.73196783500015,343.8020623970251,332.13464829407656,375.6619214958758,634.8779688202987,517.0357795113805,445.88958190619303,406.65975589812376,655.4534943083676,560.3076913877344,515.1132548956639,816.6308263770204,761.2672445705057,695.3137267355999,1018.618367561149,654.3961945861901,774.0569125221903,776.0827640416844,1118.9565856092047,732.9175752195873,1143.2644077546818,1130.9923677356994,868.5241802761652,855.4112185625006,1280.0461331276802,1289.2641800172044,879.5838211013219,1311.680859569709,982.0353186744758,1072.5634717591493,971.6053400840702,885.1287708344355,1038.3805398081586,1426.4448697844452,1486.5624470491625,1378.7317718273189,1472.8711557620393,924.5848528787152,1238.91710246107,1292.237717443965,1432.837971608098,1343.7362009048404,1186.82808123619,3558.955331147523,3106.92922234309,3665.0764762748886,3231.0369550976957,3515.2533373105684,3608.194287700377,3644.162920505129,3044.6201113699385,3458.6501857230605,3178.1242485964513,2930.4930914662305,3149.8163165448786,2948.389087257269,3189.631270500079,3524.321544134872,3361.5366550170083,2838.5356447708537,2790.028259775965,2830.1079185670296,3113.311773394448,2868.2230641331607,2691.833000598778,2910.4876874215115,3151.416516405503,2602.737432429783,3043.3619793503785,2948.592755753346,3024.3142942520144,2518.2242109241083,3009.021450884082,2985.4437382375922,2904.455823150442,2628.8908708370727,2471.5354758179224,2728.4906013562027,2545.874744537646,2620.61942111628,2188.4006998813966,2616.713154770798,2209.948537080306,2119.2336285212605,2541.721977944158,2005.8947042841896,2234.527461339138,2265.3838484979074,2167.2708025750567,2344.7104362098453,1940.322994343649,2300.354248662921,1981.3351329773216
100.82481908477831,159.47143437168842,0.0,45.127435540654886,216.38020895667648,289.93605964422187,219.96498857783143,373.36975221021623,277.86749237719135,306.04585233097526,351.395887131084,548.821858671587,477.7310169905953,462.6797697117613,497.15086129330234,634.2054212393384,586.5993335482561,582.7853454332792,810.0717299729453,778.7610524237143,741.3482462173586,1024.2521188773655,736.1568158274198,837.7685387611372,849.3723207490706,1158.5483969715442,831.389915062597,1199.5573789044618,1196.7637632847716,966.6303689666606,960.9645587848232,1359.4334670071607,1375.1657665318155,997.3834820772836,1409.3098039120214,1100.9400735715944,1190.8806220253675,1098.5600289552472,1019.3078995610356,1169.10452690631,1550.9002744149843,1614.0892687270552,1511.6084633670544,1607.9822719750753,1070.0894033982895,1382.2775917766849,1437.530601226742,1579.68298992868,1493.0933231760184,1338.4362226087198,3711.0816811772393,3261.3602150572133,3821.3895262317715,3388.736943213271,3674.00841752584,3767.5311772601594,3803.6218725081003,3203.8594517839333,3617.0546328442706,3335.514556069641,3086.5915533677926,3303.6422705891655,3100.154305366962,3337.9482940944354,3668.3198204866744,3501.9618190999236,2976.694707785957,2923.8257762809085,2958.5693505157597,3234.349310550169,2984.7287699650688,2803.295102202762,3012.986672459201,3244.3043913595075,2692.9978951141384,3120.5570132693697,3017.81382090849,3083.4640362263103,2573.923790001225,3048.646673877513,3015.0123359126464,2924.343287444778,2641.357941692259,2475.1716933562248,2717.482481040619,2525.862545588139,2588.3369433363505,2150.5671186338514,2562.0313554520526,2148.797778111837,2048.037437664349,2455.542787078549,1914.331199076239,2130.778260368189,2152.1241202959623,2045.8682033199404,2214.683283104443,1804.4203779729385,2157.272170047998,1833.2920400106796
99.80410218943942,167.04825165221663,45.127435540654886,0.0,204.79732787454955,272.09987444316664,187.61045385407664,353.7830381289624,233.31309767221916,261.30190084264194,306.52674687470255,507.9793258430749,432.69153188832337,419.9250158990101,465.9137994519003,589.0883474767851,544.135927065643,546.0459567570615,765.127375253374,735.0379189908886,700.5430511661064,979.6112780121399,701.1869958926852,799.1696438590568,812.3486354854548,1116.2416332724288,799.7357315284569,1159.1734921552752,1157.7518223408504,934.433145998858,930.6876890263962,1322.5160470424444,1339.488502119212,970.6028968319353,1376.1594615769563,1074.2572716554166,1163.8181478537329,1074.713153902408,998.5899421948695,1146.5872292101262,1525.413042350387,1589.6782796190814,1489.477145715302,1586.7330612951516,1055.0538087551772,1365.462606317469,1421.7919778841183,1564.7813705334124,1480.0178976576665,1327.291895147307,3699.39767277072,3252.0083377128985,3814.2469038616496,3383.8444453547663,3671.4731905504586,3767.359143856605,3805.812944015735,3207.915971274841,3623.786582178954,3344.252962461569,3097.2388252866986,3316.864567913419,3115.263254318298,3355.6865584503344,3688.7816023583982,3524.338774999838,3000.1383729558515,2949.198453963841,2986.040954622689,3264.3903369305185,3016.1120861386694,2836.050055853653,3047.9796651565325,3281.356680880976,2730.465754193504,3160.2895892644924,3058.654979888471,3125.519965329608,2616.2753145865763,3092.433654718016,3059.4041332363954,2969.141805869442,2686.3504995971934,2520.285690959367,2762.5004616676933,2570.6442491657926,2632.5430113717575,2194.489017121041,2604.44880128242,2190.6053739718295,2088.596571221823,2493.552759434979,1951.534637009877,2165.181713104047,2183.980915040543,2075.227785084793,2240.752341623518,1828.142888100827,2176.9981926669216,1849.9365303771497
128.16694523781604,370.81860183032654,216.38020895667648,204.79732787454955,0.0,463.1883412784888,355.6716269316339,539.3490803178073,256.0032378531228,329.8741064694795,361.8207722197904,424.755164385894,436.45228007020546,500.4457294299041,616.3971055100927,597.6440810402513,619.1421379100342,667.183264538209,779.7795207629061,783.1042829003748,785.8873834038822,999.9784287769228,826.8671912337751,899.7217918652685,923.3294307063402,1175.7419416714365,939.1908242173755,1238.3727130364218,1248.645626756058,1069.2510473849168,1073.943904892475,1426.6788563050807,1451.328794795896,1126.5488709598887,1501.716749794771,1229.5553423326746,1317.0473250354764,1239.1519902002487,1172.1994631436817,1314.408329950945,1682.028227343766,1749.5988224459052,1656.73197556082,1756.1305194422541,1240.8027392039908,1546.46032500866,1604.8911982548004,1749.2208715900808,1668.071133657042,1518.8803462084272,3888.0496216681486,3444.682044191472,4009.9186443123162,3582.324884637502,3872.2288336138827,3969.910770448576,4009.6417753371843,3412.39683526862,3828.5836832361338,3548.836016946014,3301.2429127813843,3519.5094918995737,3316.458708332999,3554.1980607693213,3883.612823280546,3716.012865567143,3189.890742277598,3134.95107587079,3166.718578453344,3437.610678358693,3185.0098522672856,3000.0663408147925,3202.4953151146774,3425.373575195484,2872.6788579461922,3287.4813853783385,3177.253600946105,3232.653336771254,2721.0854045747546,3177.2264038139774,3132.4928378494087,3031.0252677732237,2740.509210383892,2564.589828494641,2787.4219835022445,2585.2294925934957,2631.0249943429403,2188.707522163473,2573.4405768203333,2153.6346473511944,2038.5501707434664,2419.214222730165,1873.3537148294433,2066.866829974126,2070.7637645721707,1949.6330724981315,2099.8717659741615,1679.379189996986,2013.33644843319,1677.9930887598048
62.24034702096197,169.5948690663828,289.93605964422187,272.09987444316664,463.1883412784888,0.0,121.28468133122627,83.84307419426992,329.56323449953055,278.55647245360404,309.92017262611955,605.7778837731654,446.5800150218931,328.31102572912823,239.71742613707565,556.842396521957,426.0775676169356,355.433729738046,698.674945741193,626.2048682804576,543.1715096961909,886.9813823965437,487.3104692515571,612.0926112229057,610.6622371120384,965.21123121129,563.3233547599659,981.8789017233975,966.3357442528186,698.9346684504096,686.340827294438,1111.7907696934537,1120.113194364784,713.6385004180504,1142.1549817806988,816.6748897572844,907.0707976819391,810.4083174545133,729.4355380306513,879.8666784244331,1264.1195671334747,1326.0736710045815,1222.0619636489146,1318.1453977952567,782.9791008096682,1093.5736391956495,1149.7093235851955,1292.6929733760408,1208.3668114270386,1056.8397807229303,3428.1297194310073,2982.387553609105,3546.7833788567837,3119.47940481939,3410.898368031281,3511.378784923234,3555.1869293428467,2962.552297310351,3385.7424570107864,3112.937697010279,2872.958708840847,3102.0359320504394,2908.636102609073,3160.364121304433,3506.1644166108867,3352.2252331396317,2835.427867611267,2796.1434804720634,2846.2783363162944,3141.559918168546,2904.2771591780615,2735.9461103987287,2966.390079415029,3218.863009295682,2674.742908803714,3128.686549645831,3042.2154669436095,3127.256412552801,2625.433627894964,3128.3067951224584,3112.2003893679457,3037.90966036677,2767.441485716559,2615.435774955228,2879.4823663821867,2701.0860703469343,2780.4706466772236,2350.4847969193133,2782.9309361786554,2377.5830155957574,2288.217335256322,2711.3043503188405,2175.212712903156,2402.333492035479,2430.82371086811,2329.61961547097,2502.50237870442,2093.846671869462,2447.042529417042,2121.6399788958156
78.98573894554308,174.47122162374814,219.96498857783143,187.61045385407664,355.6716269316339,121.28468133122627,0.0,186.0917294166348,210.42127385384754,170.78418058026148,209.7936661875515,494.01799904565087,351.7791038415043,271.9924223284704,278.3233864688484,482.7047077011356,389.11474612873997,364.5888253467402,642.1614711846095,589.0433780781796,532.5026616705464,845.0386565289123,516.3557471972349,621.9125189000795,630.9986336801634,954.7518579621183,612.3084034188079,987.4605077690019,981.1347200931395,747.2286223366065,743.0774120819519,1140.6216211124843,1155.5026915315948,784.2024914706852,1189.5315749480485,887.8515100520441,977.1358057395801,890.7596679587379,818.8150864553369,964.0516113923528,1339.6293989715684,1404.7546471528458,1307.0031569517232,1405.2615067207578,885.2085303759337,1191.1358943418231,1249.3009103822162,1393.5612552540624,1312.6611540167794,1164.6811334506278,3532.5186750617518,3090.2971426348663,3657.2498909087476,3232.630606943992,3526.1955618191528,3628.552709819125,3673.8997715376186,3082.3873341051926,3506.447500388332,3234.092584087145,2994.2425245545223,3223.089978892886,3029.165092500058,3279.858784489591,3624.1128062516473,3468.529626493432,2950.2814435511696,2908.7422957000426,2956.0843712899828,3247.5837436813654,3007.402166696629,2835.83596296184,3061.2499014780315,3308.1834736028272,2761.4749514186988,3207.951268868486,3116.1862847673256,3194.782979640089,2689.685008295943,3182.8166682795636,3159.8619509383093,3078.813713644796,2802.7446420737274,2644.3101993495657,2898.5188210029796,2713.429630708908,2784.076545656897,2349.43912575948,2769.9907929611745,2359.4124788131458,2262.38268564331,2673.9892954680017,2133.5211008262772,2350.7244682196715,2371.140724285159,2262.837826784482,2427.5867101162266,2013.7178937393091,2358.9243731306315,2028.3505327607716
52.718451286167664,249.73196783500015,373.36975221021623,353.7830381289624,539.3490803178073,83.84307419426992,186.0917294166348,0.0,379.3277121011871,315.30358862406774,337.38820142502226,637.7773705347166,462.7656581291709,319.85731904697644,176.67370620428687,551.6583908107496,398.03104234523477,301.7021370870896,676.9049872624545,592.2413301715053,494.46295519658463,852.58828875811,418.85776270074655,550.8587292944576,544.3493641913785,911.1019185635357,486.0059460601412,919.4611719991249,899.7463851686315,621.0129468078986,606.109546346843,1038.9524181986214,1044.935157606533,630.6348019076588,1063.2879034048005,733.4836239012914,823.9386562230404,726.5788878006672,645.95436525887,796.0716423820529,1180.395304517702,1242.2404999221703,1138.3528596350793,1234.6130446910088,702.6741001230553,1011.8374364012159,1068.6171785631132,1212.0950925747973,1129.1881862957437,979.5860304672542,3349.2376368920814,2905.3817256123198,3471.543580475429,3046.541899064402,3340.3099500439553,3443.4253386380815,3490.0990875479583,2900.409645568562,3326.9470768221345,3057.4323048289552,2820.8180222543074,3053.8327036121177,2864.082979250021,3120.202297763325,3470.715869672945,3320.954903443895,2807.5787835584265,2772.7053753350074,2827.6080917631984,3128.456624789286,2895.3288029708738,2731.2828103106135,2967.48107346163,3225.741507413221,2684.680147366697,3145.3232610356886,3063.558514705757,3153.832865792454,2654.9986813499913,3164.5843360576714,3153.132094475289,3083.197345035216,2816.3015848290297,2668.0778837177,2937.121492988881,2762.115592698394,2845.403507374369,2417.6618157408057,2854.4061798272173,2451.0653635839885,2364.140417236998,2790.1454310327003,2255.2224157480896,2484.1521183788414,2513.754849936258,2413.1941304177294,2586.3453634603034,2177.557995309585,2530.046720296329,2203.7181111519353
106.6987330525346,343.8020623970251,277.86749237719135,233.31309767221916,256.0032378531228,329.56323449953055,210.42127385384754,379.3277121011871,0.0,82.46649007999919,106.2374756578856,291.3939060209279,202.3398119578984,245.77584642166636,395.95539342797014,363.13054256143414,363.14266098813505,422.2429548262035,543.5736016900446,532.1793765545443,529.9727988982085,762.1181055698349,580.7398368856361,645.0120288903663,670.7170005204105,923.4594380861151,698.9137973218125,982.8703185860238,992.6455286412872,824.7191909529566,834.3099621775212,1171.3586324155476,1197.123123569992,895.8576362351332,1250.9479073546788,997.1127242776518,1082.1274792892307,1015.1499874820203,959.9987943394818,1093.211184816858,1447.452577930914,1517.4425562119561,1432.1041792987917,1533.2452431874422,1047.026386204651,1340.57667691506,1401.9709254987758,1547.508291430543,1473.9017435502576,1334.05360470488,3687.6764814790586,3253.9065166886758,3826.290388851942,3408.6328412477824,3707.6003561466573,3815.2233788145886,3865.397288234438,3278.1434011824576,3705.9948445126993,3436.725093661293,3199.370630254336,3430.470054898673,3238.0078637826255,3489.8317293033206,3834.531584912303,3678.7374709404085,3160.0057430383995,3117.330975945259,3162.8334348361855,3451.267480540292,3208.590645510174,3034.0418615103713,3254.1811624632687,3494.8413497652045,2945.7062815860727,3382.8032123862336,3284.561973329542,3354.7483870236633,2846.301416043394,3325.24019029263,3292.7142405700924,3202.1356607703788,2918.643000679039,2751.1986033125386,2989.469655722838,2794.5769480970075,2850.9304636671723,2410.8051694038495,2809.3611284148465,2391.913529854776,2282.102955567434,2670.687046378298,2125.353838688613,2322.269278751413,2326.7424250455038,2204.7416620106615,2351.618048762047,1928.9177678984481,2254.288111704038,1913.3155072414684
96.84054596605002,332.13464829407656,306.04585233097526,261.30190084264194,329.8741064694795,278.55647245360404,170.78418058026148,315.30358862406774,82.46649007999919,0.0,45.84756152174755,327.23120156943486,184.92041979911826,172.01764683079037,314.6929059004918,331.0916812244202,294.47583509151104,340.9951892102349,504.2923773522456,476.46992894673224,459.1110539999921,718.3240343722769,500.06889326730993,570.2880506906889,593.4949370315305,863.2088296298779,617.0845375616628,915.891593794958,922.0875848405788,743.8025583637706,752.4753965800896,1097.5775749767854,1121.5284597076434,813.4109471980494,1172.5632205104523,914.7346867906427,999.907588198884,932.7405296893826,878.3751431019637,1010.8848220716045,1365.2770485562776,1435.1247660963513,1349.6461039642481,1450.8087554436004,967.5872561324373,1259.2804885792007,1320.9463076291124,1466.5274160302697,1393.8742476352118,1255.524506211939,3606.360687021218,3173.630123904695,3746.7909446546337,3330.5769156122997,3630.858311937689,3740.099482624212,3792.117816341834,3207.0043728108876,3637.010107368801,3370.093703172502,3135.160692386778,3369.0533285837355,3179.264322945397,3434.360741586963,3782.702235420391,3630.1229764706904,3113.867732107965,3074.623940460559,3123.954909431576,3417.1601530219186,3177.714716620356,3006.551616581864,3231.902848423994,3477.977114824284,2930.7177510785305,3374.676874450576,3280.687895133438,3356.030493009541,2849.39136098616,3336.1585188405534,3308.40706145865,3222.2908959867914,2942.0142239867037,2778.3532554501353,3023.181086069752,2831.9056679990517,2893.425086768824,2454.886393443983,2860.8173821745054,2445.1609624225375,2338.9556161699365,2733.9142929352706,2189.386806385267,2391.127552815617,2398.8689705594848,2279.3110579651225,2429.1033532982647,2007.4182994400303,2335.1226572322216,1994.8910916748898
98.92014855699082,375.6619214958758,351.395887131084,306.52674687470255,361.8207722197904,309.92017262611955,209.7936661875515,337.38820142502226,106.2374756578856,45.84756152174755,0.0,300.38939512501264,142.1808811736925,139.68856108076923,312.14355168179355,285.2749069341664,257.6351102429517,321.01265056636856,458.7234226296247,433.8429134590839,424.09621127913596,673.368409886169,477.86116616053647,538.7853874290063,564.942035011398,822.517471544864,598.4348829930394,878.4713801122026,887.0049423674606,721.9019434058139,733.6462107901857,1065.158064456331,1090.921583468776,799.1284775041312,1145.4961704488026,899.2130114913373,982.910791433947,921.0402490992528,871.7422417435708,1000.0774678642354,1347.7763162268116,1418.6521374708182,1336.5506965053332,1438.2382966060582,966.9459533424761,1253.4035020212398,1315.8935115594072,1461.5033111394544,1391.4266585277107,1256.335525447788,3599.7241488288228,3169.986407188956,3744.837837793907,3331.43369003452,3633.814715931267,3745.3648634748115,3799.7272722906555,3217.1467086948546,3649.3032258654102,3384.646263818604,3151.853119946069,3387.9265782166935,3200.1405571340597,3457.416485696959,3807.980495536043,3657.277215183222,3142.4470099015994,3104.949800463412,3156.067862798183,3451.2737708855657,3213.1362056674593,3043.240910945343,3270.299847753821,3517.949135517202,2971.256406694839,3416.8230578383827,3323.7126995707335,3399.9516928964426,2893.618724804527,3381.3101354725895,3353.9455247840065,3268.053378255127,2987.8528576442204,2824.181991101902,3068.7410411653923,2877.161935416463,2938.053721102373,2499.2493755647893,2903.700058261604,2487.555005473323,2380.267091278696,2772.8000856949393,2227.870651446224,2427.0345661664137,2432.5435246531733,2310.9417665745273,2457.6297021256264,2034.6101712795237,2358.0987760684525,2015.8569776485078
141.17265723583705,634.8779688202987,548.821858671587,507.9793258430749,424.755164385894,605.7778837731654,494.01799904565087,637.7773705347166,291.3939060209279,327.23120156943486,300.38939512501264,0.0,197.60758768451294,370.4653957504962,589.7533604184932,272.44981815281136,419.2139427964018,552.3333330480204,425.427029448685,484.41842746677827,559.8820927213941,633.1484362320203,683.0999618825647,685.2982125308689,728.3850610135293,854.72492912681,811.0274602167245,946.9901536803604,978.3668677092477,912.5365740281154,938.7971352473344,1172.2571840685596,1211.644355843952,1021.7951758925179,1290.0922132503702,1113.720315532364,1188.5457244147142,1150.8653888622368,1120.7395672828384,1231.7734821218714,1543.9371995017273,1618.9349705364712,1553.5997710274764,1656.3859031796756,1232.4354898240113,1499.6687483938456,1564.389762110689,1708.906155160877,1647.8372572013072,1523.2371031463651,3833.663775131882,3416.1041145178624,3996.144108438016,3592.5024238457927,3900.886353189495,4018.7388852844597,4078.927948952547,3502.2442239015927,3938.2959392494868,3677.4163776734963,3447.5377817259014,3685.8259605986605,3499.5214590261517,3757.6626253495792,4108.288681081013,3956.905380027965,3441.0600586179735,3401.6873488487017,3450.058218436343,3740.9836391525387,3499.326610917962,3325.337479630662,3545.3639553647727,3784.6680972205886,3234.8977851361983,3668.0341631783785,3566.532643488046,3631.7547131062615,3121.7638988883823,3590.3295503140116,3550.575695615875,3452.5000887624137,3163.525064074442,2988.87774143083,3211.752063344128,3008.314169107025,3050.185294372453,2607.1836549629534,2979.706197764585,2557.819216120935,2434.700956368619,2792.2932593501305,2246.7917197903316,2415.527288989209,2398.672979833401,2259.2538107923137,2378.201302082795,1948.60393597078,2237.4099911981,1884.4804286769079
114.11635072064641,517.0357795113805,477.7310169905953,432.69153188832337,436.45228007020546,446.5800150218931,351.7791038415043,462.7656581291709,202.3398119578984,184.92041979911826,142.1808811736925,197.60758768451294,0.0,173.2266593522074,394.531771954907,162.56066121670165,232.92607587370296,355.89717777646104,344.6688270916891,352.6382399983807,389.877281027299,564.6316528012513,493.1840794839635,514.6960195027773,552.2096666406898,744.568426792502,620.6940751714772,817.8588146486128,837.7617845335541,729.404570677404,751.46823669547,1025.7764746024359,1058.9887868511307,830.3349360638892,1127.2406729399409,924.7639035740689,1002.4695528257292,958.2289648754313,924.5251477610865,1038.9468144835716,1362.1480002074811,1435.9566400734097,1365.2777711826918,1467.9525240746466,1034.876475887335,1304.4059845175552,1368.8171018255227,1513.6488763941775,1451.1878261359986,1325.690837590814,3642.378580664996,3221.8409836164496,3800.958263650482,3395.7473395052107,3703.554809895464,3821.1345348858017,3881.5034202463266,3305.669240705952,3742.7312338850957,3483.5501932825273,3255.767064592028,3496.485665947518,3313.0358288001244,3574.62561964078,3929.3958357248453,3782.2034479443473,3270.0190462186974,3235.4250470010757,3289.2872220582394,3587.255549370927,3350.791364268832,3182.330797353822,3410.962514333724,3659.6508520275775,3113.2129001966655,3558.968016897649,3465.5150499269234,3540.8739646816666,3034.061056376169,3519.192706253106,3489.640222717122,3401.27720906485,3119.019213496946,2952.660294746178,3191.801076262548,2996.7759191106434,3052.106961866223,2611.5307959971715,3006.08648474816,2587.443476228124,2474.413670107511,2854.5808860842417,2308.4978691935244,2495.9757428898965,2492.1801346944853,2362.6479391114867,2497.151559999243,2070.173726852133,2377.6968710828537,2029.382379725616
90.22200235480511,445.88958190619303,462.6797697117613,419.9250158990101,500.4457294299041,328.31102572912823,271.9924223284704,319.85731904697644,245.77584642166636,172.01764683079037,139.68856108076923,370.4653957504962,173.2266593522074,0.0,222.87554410962508,231.88709408713822,124.4642257022576,191.00447780960414,372.96697743384016,318.6195982710434,287.14693976673607,573.0564191682006,342.3988034534025,399.38116840288893,425.34364472486067,696.4500534243606,466.18673596796174,744.6779609506473,750.0729155646159,585.7169661835218,600.5084822496797,926.2437537477881,951.3832358408981,671.5586240612698,1006.0627490002961,769.5202285109881,851.1407376466453,796.7467611501573,756.4317750340947,876.8477853255965,1214.8518127652499,1286.7875371206487,1209.0436059986341,1311.2892058852444,862.9898201837442,1137.6122760544185,1201.4042908658819,1346.6605288907408,1281.661201324011,1153.8050789708684,3480.1464938120107,3055.6943955870256,3633.375381240475,3225.6335568488953,3532.199652837851,3648.7307021866873,3708.4625640206746,3132.46562540562,3569.8126197626502,3311.44352957779,3084.9194151308043,3327.21744502455,3145.826471885027,3409.9166239219285,3767.7604202994953,3623.9145348653965,3114.9542775741425,3084.337043170117,3142.756048555524,3446.403388011993,3214.6030160115865,3051.121452114521,3286.8849767713837,3543.363799007029,3000.7360765785206,3456.7282071338227,3370.493735874627,3454.6019055265087,2951.7742920159444,3450.3176834259266,3429.8079998178746,3350.2125123874885,3074.674600915636,2916.184468609354,3168.8579346634046,2981.8788158137354,3048.8308713285664,2612.1570659264007,3024.3723405707015,2610.254380502641,2506.536455975256,2904.651650673145,2360.470244759054,2563.1343663925913,2570.560473414724,2450.0178285984443,2597.31523590569,2174.247099179796,2496.519553859193,2153.2665414605763
58.71941896912775,406.65975589812376,497.15086129330234,465.9137994519003,616.3971055100927,239.71742613707565,278.3233864688484,176.67370620428687,395.95539342797014,314.6929059004918,312.14355168179355,589.7533604184932,394.531771954907,222.87554410962508,0.0,434.7156642005563,252.55419985749603,127.71173470798023,528.9834152293344,430.79565451085114,321.0072237991258,687.6741466349777,247.82533637620242,374.6872625224226,371.02270789757364,734.5961742122395,334.2395255987723,743.9629932156046,726.7700687890667,469.56754850769096,464.84705185807996,873.4867628337299,883.9792674419778,510.41090643413366,912.7183877916058,613.6914958463045,701.9663717997106,623.5935534146031,564.124432546033,700.1248851492087,1066.2410923474336,1133.2788504658456,1041.3740055261874,1141.520488621359,654.816761435937,944.6558159813876,1006.253561695894,1151.8365927245468,1079.8820688358767,944.2617384406044,3291.7587824592174,2859.242599442623,3433.192577593379,3019.30105014118,3322.1545369249548,3435.045650307485,3491.6630173986614,2912.761774470024,3348.6037106079466,3089.0399893989506,2862.053767152842,3104.533750355074,2923.9623859736275,3189.4773484036737,3549.4407873327805,3408.3181286360286,2902.408187034516,2875.591821497773,2938.526297416345,3247.8085508392355,3021.2538615716967,2863.5069195422357,3106.9646817989415,3371.9823455118817,2834.8730460601773,3302.003144065653,3224.612881699503,3319.1150140438854,2822.676116557371,3336.1936450586622,3326.9699239295824,3258.5896827058514,2992.547638461244,2844.7331727085493,3113.47082297143,2937.600569209311,3019.106572568703,2589.8530499990397,3022.4932137670594,2616.5222342971774,2525.5122557123645,2944.5438130562234,2406.13574788814,2627.1467731474904,2649.1817685005417,2541.106985765302,2704.4997878020267,2288.941525174849,2629.1352547082006,2294.3178154411617
120.59166600042022,655.4534943083676,634.2054212393384,589.0883474767851,597.6440810402513,556.842396521957,482.7047077011356,551.6583908107496,363.13054256143414,331.0916812244202,285.2749069341664,272.44981815281136,162.56066121670165,231.88709408713822,434.7156642005563,0.0,195.06830918080163,349.20734866662434,182.2862985014258,212.55672391850146,297.3966467048451,402.4456222241112,444.29573089480294,420.2123274015689,467.0732350641066,594.3477991504758,569.3224719563096,678.501103973648,706.9196093724996,656.1318022330141,688.4480773793889,900.1653502484367,939.195261067536,779.1739044779755,1018.6160310141988,864.4044803108501,933.6809267672618,909.9944501479802,895.380023593685,990.6983569435391,1282.178262382326,1358.2105994563365,1300.4209668730903,1403.02092189339,1021.5175646276061,1265.5890734757504,1331.4268211560384,1473.6858149877398,1421.0732718193954,1309.111250448847,3582.65516154802,3173.4461673783294,3756.5373558478577,3362.0521302775887,3676.1703001392516,3801.4463012372867,3869.8656112726985,3304.5622331008353,3748.040964274932,3497.652507734487,3278.2699068200855,3526.289888617202,3350.7204646034875,3619.8304734594344,3982.3945706270206,3842.729450694746,3337.0927972323434,3309.4559334767864,3370.3932380675797,3676.16588199734,3445.553615639142,3282.7805744947605,3518.748280949344,3774.6049610136515,3231.3188509309553,3684.9526966088447,3596.3734133538364,3677.069052304786,3172.337949862844,3664.233098323366,3638.4633095611844,3553.270335355046,3273.076197342976,3108.8596301484163,3351.0558514245604,3157.311529284619,3213.977774646601,2773.6399184808615,3168.5783746781963,2749.800005702826,2636.1349774427367,3013.531483808384,2467.334132122772,2650.8222583018946,2643.1691391546956,2510.021604662329,2637.807011645642,2209.2534241132657,2505.949490210747,2154.2472518964146
93.55211822414955,560.3076913877344,586.5993335482561,544.135927065643,619.1421379100342,426.0775676169356,389.11474612873997,398.03104234523477,363.14266098813505,294.47583509151104,257.6351102429517,419.2139427964018,232.92607587370296,124.4642257022576,252.55419985749603,195.06830918080163,0.0,154.34436216394982,279.6486812335712,201.39267586035254,167.1894235521593,461.2898913956021,263.9800638508624,287.00678565088896,320.71247452736907,572.1115156646904,391.88281031935696,621.4456776774996,629.5035318330611,496.6128005681848,520.1504290212649,809.6384266277041,837.9436014933522,602.8025504074444,899.5235423169954,694.6401939436928,770.6676368958997,732.3216902688339,708.2349549942987,813.2830806113755,1129.3554237535004,1203.3616359761604,1134.8006068959712,1237.5671880578054,829.7193421178846,1083.724079940236,1148.9900158887433,1292.7271563354248,1235.5574669153673,1118.7150469720377,3414.451647963225,2998.093917392552,3579.133654770815,3179.309475726216,3490.8704381972157,3613.394195912994,3679.420097144489,3111.642203246275,3554.1613718289245,3302.861970968221,3083.2018541696693,3331.432416115664,3156.6000214372943,3426.8231271811037,3790.99848746079,3653.513654262607,3150.4122827282936,3125.7483779407867,3190.174935334451,3500.2663584694433,3273.743657730369,3115.395933230198,3357.3294948823277,3619.882541587579,3080.651470522527,3543.1895738174826,3461.4585028855245,3550.3752658169587,3050.0252482288884,3554.384360456599,3537.539795773705,3461.1394961124847,3187.91776515932,3031.7772575957138,3287.599068548355,3102.2733118300857,3171.0282569635033,2734.954300030502,3148.54220369946,2734.626243412576,2630.9852810429834,3028.2937480004143,2483.851291614193,2684.604565966501,2689.8794422323267,2567.0864470909855,2710.465529471095,2285.789001297956,2601.7211028002853,2255.6618759882977
72.12791936260503,515.1132548956639,582.7853454332792,546.0459567570615,667.183264538209,355.433729738046,364.5888253467402,301.7021370870896,422.2429548262035,340.9951892102349,321.01265056636856,552.3333330480204,355.89717777646104,191.00447780960414,127.71173470798023,349.20734866662434,154.34436216394982,0.0,414.0359002342927,307.65283975782876,193.40041110842054,561.5221899695943,159.68445049139476,259.1479454766148,266.59796761874264,610.6231170929232,277.42634886791177,628.1666261771301,617.5654550319999,402.85943395403314,412.64860895759085,776.6690942502947,793.7562373591354,480.682585928422,835.9284118879924,579.2912006155043,662.1043644830336,605.7992326204421,568.6350574619394,685.9966104699196,1026.792289406816,1097.8959656490092,1018.2945341579233,1120.4553948519585,682.3469750890424,948.723333625783,1012.9961065421589,1157.9379431559564,1095.5146063693473,972.6828130102929,3289.5347928793763,2866.5259804685347,3445.182826142286,3040.1719764914815,3348.9664954831287,3468.544922795114,3531.927636078376,2961.2861403660017,3402.494821821208,3149.759797616118,2929.226000187883,3177.124415728188,3002.3417796819363,3273.0024393539834,3638.015970044372,3501.8575647733323,3000.492640461922,2977.913257920942,3044.8450329597513,3358.0182000960895,3134.666763462102,2979.8033162678366,3226.1915193503582,3493.764576466823,2958.197230403477,3427.298289844002,3351.071122872054,3446.4109370955584,2950.2841748550163,3463.827222771213,3454.1308280997714,3384.8826995471304,3117.7734013226923,2968.4805895053796,3234.629804545437,3056.4860516396648,3134.7297446063685,2703.362882861167,3130.5584516864474,2721.7954088454494,2626.5014222930195,3038.208971600518,2497.0867191019697,2710.5945939468575,2725.9585133814057,2611.6719822150685,2766.6602818348397,2346.5440723797064,2676.115459516713,2335.5553191455474
130.95351674166724,816.6308263770204,810.0717299729453,765.127375253374,779.7795207629061,698.674945741193,642.1614711846095,676.9049872624545,543.5736016900446,504.2923773522456,458.7234226296247,425.427029448685,344.6688270916891,372.96697743384016,528.9834152293344,182.2862985014258,279.6486812335712,414.0359002342927,0.0,127.1285614967521,271.4371946050994,220.2022791294837,445.6265193696014,362.9643071856191,416.88816010487943,430.13896765850205,552.6294966101573,529.9352620131376,570.681911123624,604.3972494242649,647.8786448900063,766.8738936013626,813.1646736838502,748.29048008759,906.0189791980165,818.378003669281,874.6533285262145,877.0426666217758,885.5695274196744,955.0072491589957,1201.3294605794276,1278.9488363730782,1237.6631859745742,1338.596238243981,1025.471930828713,1234.3694408890901,1300.6726762422545,1437.7212712402327,1397.2839436509557,1302.6905938246396,3512.343300818115,3116.9912441642887,3703.1677893284404,3321.726053342336,3642.194440882385,3775.8606975010002,3853.186413069143,3301.095504013546,3750.6427739734963,3510.6957203994093,3301.288575099318,3556.7938809361735,3390.446052368282,3667.2693620110754,4037.793137172808,3906.765287287656,3409.4461245845564,3389.5668198842163,3458.192954679221,3772.0475136282503,3548.3198909686976,3392.1313804759175,3635.846711511237,3899.3731765555176,3360.2995592121083,3822.202896984928,3739.2061399774548,3825.895269698991,3323.9446326158295,3823.251722338312,3801.92965994523,3720.5453373098603,3442.9425484276985,3281.4041296615687,3527.4605302145046,3335.5054120482637,3394.216826713648,2954.329467339679,3350.7526187788408,2932.0650307473047,2818.3221978209285,3194.111034695376,2647.8884535952743,2828.399405659094,2817.6440409521224,2681.5457526735427,2803.4317589134234,2373.939381059225,2660.5728983563536,2306.413168481466
114.53909790936785,761.2672445705057,778.7610524237143,735.0379189908886,783.1042829003748,626.2048682804576,589.0433780781796,592.2413301715053,532.1793765545443,476.46992894673224,433.8429134590839,484.41842746677827,352.6382399983807,318.6195982710434,430.79565451085114,212.55672391850146,201.39267586035254,307.65283975782876,127.1285614967521,0.0,145.42163546202346,260.9549461148667,319.8277259791155,238.9339067260401,292.2115028278657,392.8327645221438,425.53049242958394,467.573589572082,494.36334016595265,481.73378941139174,523.2968567685734,687.8395928348264,727.9194591588524,622.7034245046711,811.106136532493,695.5402103027784,755.2051224273764,752.086602909321,758.5726667378749,830.6579157669743,1090.378775808651,1167.5052724183936,1120.2903356611307,1221.927592318892,898.3718276570909,1109.807462096989,1176.1238540833092,1314.1890390988603,1271.8827906110353,1175.7851377945972,3399.080444117729,2999.211833705766,3584.6839798845886,3200.0124602397286,3519.286629781852,3651.564352224004,3727.716798144483,3174.4152047605185,3623.694640923167,3383.5700182927567,3174.423157678471,3430.3572311239445,3264.901719154364,3542.6716468647155,3914.406997764946,3785.1172136276464,3289.951024576986,3272.259775741139,3343.324345950397,3659.9755405457668,3439.1902783996793,3286.107848608647,3533.6117971763874,3801.3698160931817,3265.323200296439,3732.658537642879,3654.108772761042,3745.9930780155637,3247.123080798334,3754.0123358370447,3738.309873734899,3662.4590146804985,3389.2889249874693,3232.7996939829623,3487.2369387563667,3300.489608116861,3366.650076368591,2929.306083031229,3337.281119316982,2921.3831107006517,2813.6812703897217,3201.9748828612824,2656.28897743887,2847.602108747212,2844.8071803745547,2714.902911304296,2846.711430585356,2418.7577574817024,2718.1426123595074,2366.704653312844
94.84551790936312,695.3137267355999,741.3482462173586,700.5430511661064,785.8873834038822,543.1715096961909,532.5026616705464,494.46295519658463,529.9727988982085,459.1110539999921,424.09621127913596,559.8820927213941,389.877281027299,287.14693976673607,321.0072237991258,297.3966467048451,167.1894235521593,193.40041110842054,271.4371946050994,145.42163546202346,0.0,375.5167141084251,174.41983300437676,125.72658268292133,169.76310024750853,423.6472383196658,284.732247803915,458.8693749486874,463.0716247436275,359.0574922082649,393.80124814078573,642.5275772555539,671.7500966440093,488.790988723757,737.3652974428326,569.2549054438729,636.5484352715717,619.4781485749302,617.8871196780052,699.4240361312541,985.6180544919649,1061.3414004683077,1003.3393313109067,1105.8662592115345,755.1249781712899,977.1014772830214,1043.3122332397809,1183.6138701510486,1136.612129999341,1035.2509221885052,3285.504968007339,2878.2635427946843,3462.21650599751,3071.7455356531136,3388.5535478328125,3517.862574252079,3591.234979930727,3034.384210730293,3482.449728996307,3240.4521832432565,3030.0183563843148,3285.361618537355,3119.5109726605338,3397.2873267081195,3769.3132452781992,3640.752753581065,3146.815850461305,3130.566005514538,3203.391605144526,3522.1644690772073,3303.854050675813,3153.5065060784755,3404.3157965717523,3675.8736175594445,3142.9634399900683,3615.2969124285555,3541.18758853032,3638.231355264937,3142.9227714242293,3657.1982985794757,3647.3923564650095,3577.4731227252405,3309.3575211183456,3158.535701910429,3421.740380013562,3240.9799292524235,3315.2697452260973,2881.554791385506,3301.686589729099,2889.744777458011,2789.1310383100586,3190.8129923929864,2647.010491656853,2850.225940940716,2856.6374972603244,2734.251016492347,2877.331673602049,2452.3257473237986,2765.933200342684,2418.646071601211
