0.0,137.41923686782127,76.49720444477485,146.80036579498022,65.5406857667213,105.73034476547696,142.67253815404555,93.27595364404819,92.09372639958913,117.07865896727645,63.06149786580128,67.34955865928684,66.9857795865918,51.697843706023896,120.92133818906275,133.9368441919602,143.3018328653513,101.9457255791734,148.3467420786456,131.65538116442679,93.07562677388867,82.42624775524544,69.390328635003,113.79263950530093,105.8335845737571,54.392192834781135,52.02518933209077,147.41064266793893,115.52928283883571,51.79094523886244,75.25208755257164,131.86237516544296,52.80436098592082,57.21077878451149,65.27228067189166,96.80022098520203,59.51596038963609,104.06153996578095,131.36766965715472,137.4331391519191,128.0098647029377,51.13273149918358,81.65125938585747,62.96692743572392,124.6942294231561,127.55556818326913,105.88749871359677,50.19206821417314,111.05199276691866,112.80229345078375,383.9000419622886,360.0343935586776,412.2791852147618,409.77041995346565,355.11461676967286,387.8867457228358,417.4385656800765,436.6336127945321,398.45843621705666,383.39326743330093,364.2772750805996,398.214112319522,418.4508510083184,446.17508015193516,376.5989097059217,412.895851812437,358.91247710146394,411.4565483103268,400.40026319565357,415.98769638552653,401.4963394577475,446.66748626405035,409.3332171123335,397.5596439640419,368.89672333699656,370.90568383651697,432.16247805949,403.11167643268385,443.23347571864167,419.91897548416665,376.29094822287794,447.84747636551486,412.3916052417875,393.0159189632617,384.73737766070633,387.4253567597015,390.6841825209126,391.40029098774033,442.35702781680703,428.78780150056747,386.0961167592681,444.19000643330764,424.7644282232963,396.6025423551128,396.4192474088581,379.2286129567664,449.7649471574138,401.66631536575653,421.46218053360093,353.70048858291875
137.41923686782127,0.0,428.87914644860115,142.18787401271908,518.758392803908,307.9647663066507,311.9050793994349,430.6551263057549,470.16965735592987,468.1623091113565,636.9778301579447,645.9090834615188,673.8952294351785,743.2371024035618,732.7146524757145,816.6888939527942,901.180432598237,843.0526981591739,1029.634407851036,1018.8745674616056,949.9827128554483,963.656907786475,970.0210589228859,1137.409211216371,1147.2491314763624,1017.5614723878232,1033.9530044519433,1465.4042523821681,1341.9171109346444,1095.2617134447491,1213.610649388657,1535.6180487339736,1156.1501108821176,1194.9207155343838,1254.4301614342305,1451.3998958001046,1258.6833282211696,1540.6671295850474,1735.4944703569086,1797.2693129689178,1755.947178405568,1273.0367343826579,1481.70177862815,1368.6894105203005,1795.9937706203386,1826.6840447585762,1686.1041946085775,1306.9407319994275,1733.8898228831106,1749.5860119311906,3648.878300286104,3481.824885778008,3844.6207381443755,3821.268389423051,3430.6539721976615,3648.256526334043,3840.1123732836277,3956.513552561539,3670.771304247551,3543.6956661928607,3386.483568080583,3593.17411835626,3702.0361355073537,3859.3772546592572,3346.054223459919,3556.188884477169,3148.774965177963,3462.8610355327455,3342.981200371515,3401.3116382475314,3254.6176754683047,3507.7515538643506,3203.8181405658693,3071.1394399215756,2826.1606500612766,2783.082707592501,3130.4710476125006,2878.551502952128,3084.6622444371556,2869.206668665132,2521.668246065092,2932.6893466232573,2636.5692750353123,2448.3271913583726,2333.8229000175047,2292.0948796211824,2255.3969202312824,2203.496331423755,2490.4123888902977,2347.5237719971783,2010.6426896162411,2358.160200385605,2183.4422336049174,1951.9478614675565,1915.563902492709,1766.3830106901823,2230.373901997006,1875.9669621959486,1999.7506623655167,1517.1326592373396
76.49720444477485,428.87914644860115,0.0,494.3681799851811,99.17230756552198,237.06144911895777,498.85959386501946,220.6995202160084,247.73817892339179,407.3056458439727,261.6939079273978,290.2612132394286,319.72036845057016,347.57487160396005,589.1864571788448,696.0395713202134,784.5860873109617,593.8679096199492,882.4596539933627,818.4979992984194,649.1292840035933,631.7593611155665,606.8089455824613,848.5925780966113,835.3457522081703,621.6997312374546,633.092296784602,1170.0588469714405,1004.6794221414818,688.0607599286091,824.47605216097,1184.126213772455,743.5314964136999,782.8287207146353,844.272918168854,1052.9603586636329,841.1003631602296,1135.6933743393495,1333.1466056768058,1391.033213354938,1343.4566274543397,846.2675526076438,1057.168534557093,941.2882799950779,1370.9504757009174,1400.006410933501,1257.8045327847808,878.1893811698894,1305.0306575477189,1321.0822903902747,3220.758268379087,3055.498829116013,3421.2073214995767,3401.8295015610865,3015.743572254474,3239.6794529438857,3439.1701183683613,3564.3306578837946,3286.7864111498584,3169.2198632123145,3021.918878342073,3242.8093077724084,3366.3855132368913,3540.349804137716,3035.9009665379913,3266.104696604482,2868.505595660091,3207.9395968859717,3105.363585568244,3186.035745680792,3057.5102321394515,3340.362406263539,3051.9808328285226,2939.6894507332913,2710.8058440330233,2692.2258989487545,3080.519090208464,2846.998077918534,3089.4636936386933,2894.884650506765,2561.2153552521518,3019.54675143897,2741.6545183552303,2575.1509824063883,2485.498199522615,2471.8972709453674,2463.1099613061015,2437.84203194794,2761.331864156906,2639.9588633246935,2318.16675281057,2696.8771178266634,2539.432225620589,2322.9243577896373,2302.9639580122052,2166.6372591674153,2644.893195749416,2297.286418359095,2426.548731402142,1945.9121150519502
146.80036579498022,142.18787401271908,494.3681799851811,0.0,570.48400571081,308.03892732064355,194.7489388643642,428.2384649778453,461.3012071471882,404.8934419896716,657.01269208196,656.9162669557966,682.0043159029581,766.8179680253957,663.1831575074482,735.1446712161054,814.4848605573627,800.2684703439837,946.7585174737909,952.20720534527,920.909368494934,946.7152963459268,967.2800459374106,1097.4410727767263,1116.1741026532745,1032.0138779943265,1051.4912203219028,1421.205256170052,1317.7028744674412,1116.4443301495799,1219.6390251057887,1515.416757042452,1181.111761050352,1218.828907421173,1275.7436509914241,1460.6582623538586,1287.4950963127835,1554.2966639674214,1745.3172029024731,1810.0402010924354,1775.03434507941,1316.1724977864951,1518.5519308513233,1412.935777931209,1832.2096238526606,1866.6261044599053,1732.3137802244596,1363.0656190033726,1786.9494565755847,1806.2143803422832,3705.5537757983816,3544.536430666065,3913.1753284981864,3895.614583969145,3510.1112008139803,3733.4341010188305,3930.948709176514,4052.766482935213,3771.2524542868873,3648.4848498218444,3495.174202504078,3706.9397149000497,3820.2706852746965,3981.9689729648658,3470.3396736197296,3684.625356668779,3278.629559741651,3596.7119671564956,3478.8545596382673,3539.4207986515094,3394.0693855321633,3648.9290231079317,3345.4671364859346,3213.2047675599006,2968.341822457723,2925.1223613782963,3271.1071492573856,3018.349102680374,3221.629765309304,3004.437315053435,2655.9507005067103,3060.194386779575,2761.821738486526,2570.352379953905,2451.482149545134,2403.8522890987306,2360.4535093034215,2301.3617211684264,2575.164909871823,2424.7715025181305,2083.360899845727,2414.2572554900803,2230.6726533292817,1990.8326122436767,1942.32188308384,1782.3383431110308,2227.3494725234523,1863.1672863723502,1972.5248764025714,1479.7063938113909
65.5406857667213,518.758392803908,99.17230756552198,570.48400571081,0.0,283.7472170868699,546.7076822880451,220.27190458800789,231.31583777538447,409.50974061702095,171.21697771732758,205.31168206070896,233.19194090620147,249.20289403627572,549.113626167036,656.1171553479612,742.0076371991263,524.8350215768952,829.4609825141906,754.5191306833264,565.4964454444757,541.6296509180767,511.14745151038653,764.2832417003115,746.6479949057325,522.5760119004234,533.930813018248,1081.8063683168702,910.5928864944096,589.2318264126967,725.444262372382,1087.6643361594888,645.4245148298863,684.6777639523231,745.9004729151292,953.8532960204802,744.1789277483897,1036.9608786371325,1234.2941210410793,1292.5090464507234,1245.7341144663199,754.3066712498378,963.3344086710424,850.099020519713,1277.5201503135543,1307.9256656071057,1168.0705997966254,793.2617718551957,1218.6251887305411,1236.5905674135627,3136.4417027864706,2974.1462195893746,3342.9461538618425,3326.978605051292,2944.3921204997087,3172.2143892943677,3375.870261897069,3505.405156591663,3231.9954684496306,3118.8193741906134,2975.927653977027,3202.191260252671,3331.1325344237175,3510.7683862201907,3010.210897477275,3246.630486205591,2853.011891976943,3199.478786436764,3102.2037203331315,3189.0023313766037,3065.722204957907,3355.6763970070106,3071.867533714271,2964.8420024205548,2740.442742436522,2727.5225585636285,3123.6154204985332,2894.499636694893,3143.563554432133,2953.3733311028964,2623.117674001736,3088.491868301095,2814.122152995411,2651.3337682835413,2565.478320911069,2555.6946303461486,2550.383887865762,2528.15653253193,2854.943434491817,2735.5016461256487,2415.0144642063897,2795.2789247831997,2638.4339912094533,2422.0951654479736,2401.8222427624237,2264.7032694393984,2741.2068572693493,2391.828777901764,2518.429113963382,2035.0877390592862
105.73034476547696,307.9647663066507,237.06144911895777,308.03892732064355,283.7472170868699,0.0,264.28748998090083,124.00015811987504,162.345918465556,212.58521135265136,349.0490552326617,349.52740323310377,375.4097612923249,458.9458361300777,458.4829452124427,556.0845059345014,645.4099759976342,540.8572785172025,763.646992534061,732.7464866002979,642.5295772606682,656.0422649093828,666.4402826920299,832.1370893275889,839.7861017481562,724.8395903310086,743.8426577329224,1160.732550323992,1033.967880641094,808.4955337548486,915.2150078943719,1228.0237582363484,873.0742937463847,910.7991410772358,967.8594739385284,1155.404807383205,979.5828926208118,1247.8736947147647,1440.1284847276802,1504.0170057851606,1467.6433233281002,1011.3530802676368,1211.5768881476104,1108.278372456196,1524.8781081801008,1560.0163573371503,1427.7634234339712,1064.6430987626156,1485.3291700729096,1506.5129801717787,3403.8255928240596,3246.2660147171,3618.660036573521,3605.840438908912,3225.6275907846098,3455.026818123097,3659.5073914207483,3789.055995566719,3514.920773897871,3400.2848403882435,3255.275967191688,3478.202666918964,3602.990712022575,3777.410068898487,3272.8263389985927,3502.0515317488107,3103.4527684334093,3440.0463026473735,3334.716722452684,3411.357572455365,3278.858683299614,3554.987449202467,3262.105561058018,3143.864589119464,2909.654558239219,2883.201334753009,3258.269898140541,3017.3911445897734,3246.239244720208,3042.542503560813,2701.924332797532,3140.2600252281254,2852.8999572133116,2675.127661467545,2572.395280986731,2543.6051133906153,2518.9672533702587,2477.69557898397,2778.4038253271074,2641.9144496667814,2308.6014854145146,2663.2414534629556,2490.635270626319,2259.900063729468,2222.6919709688714,2071.0004912678037,2527.355708436893,2166.872494393684,2279.794085604826,1787.7232631488457
142.67253815404555,311.9050793994349,498.85959386501946,194.7489388643642,546.7076822880451,264.28748998090083,0.0,349.5523329461688,368.39102517711245,248.35398842540482,582.0809595949078,570.10596389805,589.7334955445326,689.7183532438071,486.2786039602313,548.6553202562129,624.6489988298697,644.0141810328595,758.0239913634239,773.1398987482454,775.44975362342,813.5266485542132,849.6081745368791,938.3524450862086,965.1638091910625,933.257666047972,956.0639724322091,1255.493389334031,1170.864464128122,1024.0058797772233,1106.7221876880112,1370.6442644079063,1092.0414963619232,1127.66914096407,1180.2936895282814,1348.0432255768824,1201.3122269482903,1445.7360174648718,1630.5463943758043,1698.149442133344,1670.860677742778,1248.399343982606,1439.3443616831337,1345.091461068175,1748.8974639587198,1787.895491656608,1663.211963569755,1312.6220067375352,1726.795717525509,1750.939482797993,3641.8328074756064,3489.8549575082943,3866.3892179461022,3857.7844145215245,3481.282494789258,3713.547371600459,3920.402977836122,4051.7331386655273,3778.6681856359282,3664.533533649168,3519.459254760448,3741.601400174591,3864.8784840546523,4036.935438044493,3530.5382716307477,3755.8258411339884,3354.7195191620385,3685.1611670790817,3574.9439549789986,3644.9317440976897,3506.5489512176073,3772.6482177884636,3474.0721776814553,3348.201707749848,3107.7795862085886,3071.573204333915,3429.14414259118,3180.285392966725,3392.00790424765,3178.5185787056657,2831.7911757952756,3244.5756714903205,2948.151403156217,2758.9517956798836,2642.4049596895175,2596.88996995315,2554.7983939588603,2496.1097993452604,2768.524869081696,2616.418759565612,2273.873601376476,2597.927043200276,2410.094211692567,2165.98906858965,2109.911649035922,1942.8081029102564,2370.5000094743114,1998.8198380934812,2092.964047956284,1592.5943585713271
93.27595364404819,430.6551263057549,220.6995202160084,428.2384649778453,220.27190458800789,124.00015811987504,349.5523329461688,0.0,41.992464732309536,190.7144446365991,234.8401965971004,229.49716641034536,253.8502287717834,344.32477130704257,380.4589029727469,485.24338295697714,574.9550660415198,430.2904158466915,682.5399828103119,636.1235458759563,522.9998501228558,533.0408838824326,542.5177760162348,715.8198347145689,719.9079704507401,603.9386300907921,623.876386293479,1044.5038923755164,911.7830671067572,689.5966076480204,792.1849915527815,1104.971973511386,755.3838713704583,792.556250440643,848.5257467734536,1032.8058089372228,863.0509694117006,1126.076542207325,1317.525439795164,1381.9183464667387,1346.9711907010756,901.853024603173,1097.7307613226685,998.7610411743111,1409.8828152662215,1446.5621775733362,1317.7837424759464,963.1573174743876,1378.9779264924866,1402.2548892548277,3295.8691519943854,3141.7425512361588,3517.251289560434,3508.23227286598,3132.23182839057,3365.7546646781607,3574.732939183411,3709.0960944410613,3439.7441859572823,3330.081367877549,3190.074791443041,3418.9344010844475,3549.7424432306357,3730.5778818594486,3230.4260132519757,3466.73793134133,3072.581407285991,3417.353551565402,3318.0932205096533,3401.905887163335,3275.436980977479,3560.2118794907674,3272.4717038378194,3160.3804547790887,2931.196353715497,2911.5613815271417,3296.942560992169,3061.158439300697,3298.8570182520057,3100.4613029563634,2763.5238765708646,3212.3313170801043,2929.202227227482,2756.218292577474,2658.7094513079746,2635.565981847713,2616.2973803918976,2579.9156823245853,2887.0145287199794,2753.962812427583,2422.8107673535064,2781.908183297756,2611.2893895410766,2381.987283092343,2346.0600909115424,2194.9247743501514,2650.987021417246,2289.7570812447407,2400.752420509269,1907.1138079258349
92.09372639958913,470.16965735592987,247.73817892339179,461.3012071471882,231.31583777538447,162.345918465556,368.39102517711245,41.992464732309536,0.0,180.87423107260008,214.1949949502837,202.44979412553093,224.20290765855012,321.3339197015937,344.8119598313286,450.7042793795928,540.0417258870141,388.34949669989595,644.803016801637,595.5505148628793,481.7857333384936,493.7006197736904,506.58371973367537,674.0568991093747,678.8441382642503,573.3330630824513,594.2669079435783,1002.7671913080335,871.776520969074,660.9199251088774,758.3711687587627,1065.67888921734,727.6895777335924,764.2998449146645,819.1643520494586,999.5285128621636,836.1561899614637,1093.8273741097419,1284.1241181137834,1349.1826584881574,1315.8864038656861,880.0204022728635,1072.5924049986127,976.7390432518484,1383.6322150535175,1421.4003447029438,1295.0647046329545,946.0976332104121,1358.4617115317224,1382.95153087205,3273.648395926694,3121.5343584100965,3498.687207902031,3491.662666846186,3117.8554945080887,3353.313006636648,3564.333784133462,3700.8233389772067,3433.6015018359453,3326.05444212168,3188.126922099226,3419.2664112740845,3552.3448339926053,3735.51677485555,3237.102054518061,3475.8392953983507,3083.325434060067,3430.715534883206,3333.441031597047,3419.476478763387,3294.8743875473533,3582.118585799333,3295.909689568266,3185.546088315629,2957.7722902789906,2939.9101014127314,3327.7495775280413,3093.2116645440146,3332.849668160964,3135.6072231665426,2799.4723174867295,3250.1850898868693,2967.8120112926667,2795.6073678773528,2698.858042576787,2676.4206877279994,2657.699858639128,2621.6859628691664,2929.005387904143,2795.9008038233806,2464.6199006679717,2823.105057592622,2651.924665643645,2421.974261289197,2385.016217100567,2232.8067380049,2686.6673771419223,2324.186202005085,2433.008645908746,1938.0831734114972
117.07865896727645,468.1623091113565,407.3056458439727,404.8934419896716,409.50974061702095,212.58521135265136,248.35398842540482,190.7144446365991,180.87423107260008,0.0,380.04153681741826,356.92169936227856,369.92524764016474,477.9849783883948,264.56697234889657,352.1455196946074,439.6630643142685,398.47095221472557,564.0100191585661,551.8745637846386,527.3306010722058,565.785303657806,606.1303737423356,694.9016111702017,718.425072466637,698.2830866520839,722.7576868481984,1016.7680923059179,923.3616094066263,791.615916878967,863.4726752920047,1122.9152812870211,860.8933130810442,894.8799261985229,944.6208381092474,1104.0048117030985,970.7784995294573,1202.8333178812766,1385.2538108082297,1453.5857944259028,1429.001938379295,1029.709851015392,1211.100352712827,1125.2232990437806,1516.5737889619859,1557.987743833983,1439.8946660545691,1106.4790415498037,1509.1486459878197,1536.6225629658763,3416.497431098924,3270.320080938102,3651.5652114858744,3649.299561988495,3280.2915812808283,3519.256060024542,3733.5723116435133,3873.0584712687114,3608.4407468512354,3502.98738585673,3366.6819902314314,3599.08512558845,3732.9391709809433,3916.39081702636,3417.831505348878,3655.864386456282,3262.518741975266,3608.001257936492,3508.759629166882,3592.0294285742957,3464.621680593835,3747.366412059657,3457.9463504195255,3343.4670112996882,3111.968441141853,3088.7659929139627,3467.711966410583,3228.162541595835,3458.51377024833,3255.1200964300447,2914.4562636923024,3351.230323315523,3062.6658506049603,2883.0231542948072,2777.541885034604,2744.774409961664,2715.2054975857636,2668.2258422121754,2958.5399003985513,2815.1286344821583,2477.061571692585,2816.4985078961604,2634.9537106455737,2395.72501293402,2346.043670340983,2183.1774677984417,2617.0576786611955,2246.4916380921213,2341.2557238290024,1840.5810162997896
63.06149786580128,636.9778301579447,261.6939079273978,657.01269208196,171.21697771732758,349.0490552326617,582.0809595949078,234.8401965971004,214.1949949502837,380.04153681741826,0.0,41.7010252072853,63.91476334164681,110.00533179185071,433.58060126654493,536.1624929756224,615.568900938074,367.75821887180575,687.0649912126821,599.760292996235,395.16074962638766,370.8784252944221,347.0373369117607,593.4596288303123,575.570819194611,380.5844761784687,397.4585320803962,910.7063699611379,743.1480827644701,460.50548571157117,578.1488263093073,924.5185029573124,524.2333249268892,562.1859540569119,620.0242971842447,814.5527562168662,630.535602079121,903.8779720781505,1098.521781580456,1160.471192919896,1120.957413753776,667.1280430631455,863.492594663389,764.0067970705685,1176.2666121554175,1212.234216103231,1082.9540895758073,732.0472227494975,1144.8291454495452,1168.9006199541375,3061.1479486904323,2907.835359105241,3284.547719747577,3277.5730071364333,2904.5378684213024,3141.2195344530287,3354.064617831684,3493.01731762301,3228.913363792582,3124.9925012250887,2991.181958809434,3227.203241005145,3365.7643202174877,3555.1404278329333,3062.2682316283995,3308.526522417318,2922.1500401793837,3278.8002106540416,3189.6121351097922,3285.0606519085172,3169.2314096236596,3468.166932854112,3190.533733535917,3090.0545659276545,2871.180872543524,2864.531487813462,3268.287729687803,3043.6146220572277,3298.404947965931,3111.8971283792366,2784.3655605575286,3254.152263836085,2981.750858264704,2820.631340624531,2736.001610483389,2726.8585371479976,2721.4557180592533,2698.396690562062,3023.0209192300385,2901.230007991716,2578.3212763654874,2953.3770330340967,2792.1209185311322,2570.993766363851,2544.416024803403,2400.8276155898243,2867.2356934031923,2510.7340101243376,2627.446134466532,2136.5242052927115
67.34955865928684,645.9090834615188,290.2612132394286,656.9162669557966,205.31168206070896,349.52740323310377,570.10596389805,229.49716641034536,202.44979412553093,356.92169936227856,41.7010252072853,0.0,29.94364299528094,121.44547716973184,393.7635888585402,495.5737825135509,574.3629768321898,326.874236559648,645.3788418328071,558.7901760629593,360.48760000691425,342.1661867708211,327.6496759330231,559.62801702756,545.1058953459658,375.3122250775273,394.5971006188776,879.809160736736,718.4346949535333,460.10021215520874,567.8765644655226,903.2394030738412,526.0434013246579,563.0916557135649,619.0917725231845,806.849217348791,634.0820095069336,898.5015674176758,1091.4547675843721,1154.7928858738342,1118.1883214735049,678.7910840389063,870.1439562963468,775.3013603305474,1181.3776051204784,1218.9577268871576,1093.1191506469881,750.0984915137959,1157.8938273857393,1183.479211954047,3071.738420205707,2920.8208300956876,3299.347609320178,3294.5220736727306,2923.814973962429,3162.335922120553,3377.0329760232635,3517.832296999181,3255.5863524535366,3153.3834837613667,3021.1875118255307,3258.742673122471,3398.7635756724653,3589.5235530202344,3097.797434920346,3345.2588175849346,2959.7979337090096,3317.4814650836597,3229.075004608889,3325.2377098929296,3209.9461038855743,3509.3762168516514,3232.0081726646113,3131.7022766584732,2912.881821691137,2906.1691358589896,3309.6390287667728,3084.6449765053485,3338.816968902963,3151.715609189562,2823.6010180293038,3292.071551004161,3018.7743334487186,2856.5786957833625,2770.672559583226,2760.0099818484073,2752.932817447462,2728.0843770553624,3050.1760743922755,2926.4532329264484,2601.932052845457,2973.86749588774,2810.4163045568607,2587.1593600046017,2557.9397886201195,2411.903572899848,2874.467435585149,2515.734675184668,2629.2388471430336,2136.3563443054495
66.9857795865918,673.8952294351785,319.72036845057016,682.0043159029581,233.19194090620147,375.4097612923249,589.7334955445326,253.8502287717834,224.20290765855012,369.92524764016474,63.91476334164681,29.94364299528094,0.0,110.1617078108966,385.9137949724317,485.3131647789025,561.7242750443216,305.4533959774201,627.7887634658164,537.4225339392241,332.3130591443691,312.37646057889316,298.30628772065745,531.1486944348501,515.6411856845178,350.0911671452649,370.3276978792362,850.4796862619936,688.4920751499805,436.73141707182634,540.4937004631927,873.4613683482908,503.5572776747466,540.0973318749595,595.1678266065101,780.1145863926314,612.2440413622933,872.5350681788377,1064.8130113802683,1128.6136704562327,1093.1209768802755,661.3827647045138,849.6224382699266,757.5232376797371,1159.8493383029395,1198.2463911986565,1074.3830013205875,736.7860111698242,1140.8611174932485,1167.392466201928,3052.8070200645448,2903.3265541415353,3282.9620466548445,3279.5586931933162,2910.519378463036,3150.385161724927,3366.514348389839,3508.8296781910735,3248.2316291447005,3147.635443227112,3017.047420068955,3256.1971583377726,3397.8529122555597,3590.2794815454017,3100.088317475189,3349.243958805239,2965.2381939924294,3324.6883659861105,3237.8279019404904,3335.616568230454,3221.7993556078172,3522.94327710421,3246.8770170705952,3147.936702768217,2930.3169458892153,2924.9505075130205,3330.0786921301865,3106.1457731692185,3361.7010694204528,3175.5705402647127,2848.2217497982256,3318.015876548761,3045.4125285668138,2883.900465702969,2798.646935680533,2788.592046495786,2782.0192804923354,2757.5580494229653,3079.9856944040944,2956.3776291314007,2631.8739896777242,3003.6646247248555,2839.9891242869576,2616.429525243575,2586.7203617758314,2440.133114415331,2901.61492537065,2542.1828801292213,2654.524655772183,2160.9081588492295
51.697843706023896,743.2371024035618,347.57487160396005,766.8179680253957,249.20289403627572,458.9458361300777,689.7183532438071,344.32477130704257,321.3339197015937,477.9849783883948,110.00533179185071,121.44547716973184,110.1617078108966,0.0,485.83551608071394,580.3952779549066,651.3780992592821,374.52906564658593,703.7294438959258,600.8718767893087,360.0966889137275,314.5607033884811,266.7336260657493,548.8146962681898,518.6991680946223,276.56261008478623,291.1076869531326,851.3541901372442,667.418679580819,352.2118402707221,477.89675481126403,839.9003711710817,414.8621006655421,453.07647835583947,511.62437869728564,710.5931973987546,520.6773095859455,797.8008077210775,993.5472801064216,1054.3467802506357,1013.0145102807533,558.6866797305782,753.57432094154,655.4213237986249,1066.2635185047266,1102.3555332649642,973.9559818302862,628.6981465492693,1037.2999195980813,1062.406362834801,2952.4401722432885,2800.3556534152654,3178.297395687459,3173.1116637010273,2802.465622968353,3041.387354640753,3256.8292603606887,3398.7503074906667,3138.0917404909474,3037.792589725762,2907.842371843072,3147.9330060404177,3290.8786994270854,3484.947187994977,2996.636078088625,3248.113501673328,2866.4896144142062,3229.0318444951263,3145.298661311562,3246.683290090543,3136.517103802902,3442.186780542008,3170.0576566842574,3075.5246941608257,2862.1662310353663,2861.8384238204703,3273.5662890962053,3054.5477382573918,3316.8026057080615,3136.0743630190973,2813.4843805110404,3291.71181758953,3024.498400711783,2868.827258356844,2789.8558099525217,2786.5973780801,2786.9153392458534,2769.2847218850347,3100.4241019233677,2983.1636074564926,2663.7803185390535,3044.3936767013456,2886.6585789288797,2668.5650148991544,2645.1650473917107,2504.092597774668,2973.5025314205614,2618.3968070402243,2736.500542955727,2246.147884227025
120.92133818906275,732.7146524757145,589.1864571788448,663.1831575074482,549.113626167036,458.4829452124427,486.2786039602313,380.4589029727469,344.8119598313286,264.56697234889657,433.58060126654493,393.7635888585402,385.9137949724317,485.83551608071394,0.0,107.22077505966978,195.4623327042343,198.68396316208796,305.28696878785274,289.0372630729742,342.05563015667656,409.1829190263996,483.5802974755327,465.35565469955054,505.3477944075225,606.3657333657898,634.7511488024339,771.998198069251,712.1928057301748,701.360456635948,723.7398398320488,911.3170710470197,770.1678637914058,796.8067337328397,834.0101972339096,951.4088323977194,876.1113051375252,1053.7583917336483,1219.8439992603783,1291.441721335168,1280.4822651021702,964.79206069075,1114.1477191667457,1053.3707191705344,1400.5915270629143,1448.349128596012,1350.2171111025732,1066.4496162516245,1431.6875303683323,1466.1216692604248,3304.1239675749944,3171.8986885328704,3561.7824016219483,3572.2750244144227,3218.989753834164,3468.8050307095004,3694.838645128404,3846.873282649495,3596.282781752468,3504.039296734538,3380.7399379354456,3625.7832101062045,3772.630633429942,3969.3396306301074,3482.319144215719,3733.7545756797444,3350.874346781886,3710.536764354504,3622.8213086888272,3718.602491684824,3601.9367033207222,3898.369800616955,3617.7952391716817,3513.062689486332,3289.511948188402,3276.148305524485,3668.8365453720753,3436.159534453758,3677.4649329959593,3480.393357226136,3143.9154226570654,3591.795289151387,3307.235235245156,3131.830395742213,3030.5967875757115,3001.930552429592,2975.6389168917963,2930.967326563208,3223.0349240838486,3079.576332760259,2741.129908746567,3077.39563586927,2893.195589428317,2651.108993945251,2596.1896664743954,2428.274458892305,2848.0662760611935,2472.3291180536944,2554.0751114272307,2050.278499445586
133.9368441919602,816.6888939527942,696.0395713202134,735.1446712161054,656.1171553479612,556.0845059345014,548.6553202562129,485.24338295697714,450.7042793795928,352.1455196946074,536.1624929756224,495.5737825135509,485.3131647789025,580.3952779549066,107.22077505966978,0.0,89.913369570821,246.80676670883503,212.98482105986827,235.88635517046274,377.902215313886,455.5362558401754,540.8893686911874,456.40424559391545,509.1392498439069,670.1237914371752,698.9480126469012,737.1826520011733,710.0115414441256,762.7575620955116,763.9029236729783,904.7039858604257,829.6447764958522,852.9036066290485,884.3161492643039,980.2536353857133,931.8832569988214,1082.793407834615,1238.3503130028898,1310.9867724684714,1307.1392814252717,1029.7171336161243,1165.426390772471,1114.7029935765722,1441.1938944440392,1491.2631284950933,1401.918736352559,1137.9868212235956,1487.3241954327568,1524.0256992635361,3339.5006341968465,3213.305467299114,3606.075065072252,3621.4843831275366,3274.469870755503,3527.7432915273625,3757.4708543844067,3913.4228896652976,3667.4284827544852,3579.162484224454,3459.6194049849896,3707.778547104254,3857.7822822045755,4057.5169891414953,3573.4020722298833,3827.4724477487775,3446.8522409051097,3808.8587362865287,3723.0579365603726,3820.635749739839,3705.391779309132,4003.2639918602576,3723.5342542368885,3619.5100800504806,3396.390459280794,3383.3187442778194,3775.9728069510484,3543.033752207077,3783.5436502887205,3585.702961371111,3248.544842439158,3694.048751865198,3408.226943615123,3231.199347449177,3127.9105511856537,3096.5995184309063,3067.302621450906,3019.381534574802,3305.6725026227778,3158.7024883941876,2818.2119135295575,3146.5413115652577,2958.3233168691218,2712.7666220365613,2652.22636307802,2479.8086739760474,2887.6871190081624,2508.897120808054,2581.912926238984,2077.531487725449
143.3018328653513,901.180432598237,784.5860873109617,814.4848605573627,742.0076371991263,645.4099759976342,624.6489988298697,574.9550660415198,540.0417258870141,439.6630643142685,615.568900938074,574.3629768321898,561.7242750443216,651.3780992592821,195.4623327042343,89.913369570821,0.0,294.42909805134775,134.19313660349187,200.14648503418962,406.82385564660717,489.2664528662074,580.9365244651127,444.74448778210814,506.2460458008685,713.1630458767225,741.965821210187,696.5312149441262,697.1518148369,802.6005977016889,785.711635029653,885.4779010818897,867.1168164486713,887.2274317680403,913.3485373805073,990.0607880242092,965.209584420641,1091.9292387104574,1237.5348071437509,1310.6552723634854,1312.8732960339626,1070.3932646126075,1193.2262359562537,1151.6763995578121,1458.3439656715282,1510.2418410236094,1428.9836575327051,1184.0624210108665,1517.5908267896223,1556.214271091445,3348.7586540047223,3227.989367553083,3623.0553007564276,3642.890517485549,3301.839220360544,3558.1550109610353,3791.2258652533183,3950.835301860686,3709.4005697812545,3625.0915433366763,3509.3693305205124,3760.6125687273316,3913.8663468788354,4116.790243636338,3636.0135097240736,3893.0088672652532,3515.1392302205186,3879.9383396810745,3796.624118790343,3896.651894483934,3783.5235834520945,4083.727380985524,3805.6035773697176,3703.157596586474,3481.276378866606,3469.5270640531853,3863.7200433872126,3631.491034358848,3872.849716142585,3675.367039291709,3338.369621089058,3783.893603257451,3497.890434108692,3320.5133155874964,3216.64615279046,3184.4279510585516,3153.9410501751336,3104.593919812828,3388.0144165903052,3239.2199695049544,2897.70662509302,3221.389738080635,3030.8213451257593,2783.2443267988383,2719.189929851255,2543.977422851079,2943.495926844284,2562.8898340288383,2629.605982689451,2125.438235988614
101.9457255791734,843.0526981591739,593.8679096199492,800.2684703439837,524.8350215768952,540.8572785172025,644.0141810328595,430.2904158466915,388.34949669989595,398.47095221472557,367.75821887180575,326.874236559648,305.4533959774201,374.52906564658593,198.68396316208796,246.80676670883503,294.42909805134775,0.0,329.3684545684021,232.01846790472206,143.7343310371735,212.28178023273802,294.1876425977143,297.175333231584,321.5295355762956,423.50647318759405,452.35177031578365,622.9532401499855,528.2768570125295,515.9525318967202,525.9447631247048,728.3977878024396,582.984075729817,606.8653014410794,640.3450964240535,752.7612880583652,686.0121133981538,855.0865676510125,1022.471017174188,1093.7693496442298,1081.869564746616,782.9812335374928,921.3445522267043,867.9776732072094,1203.507593789643,1251.9996817857075,1157.8208349737351,892.583751462563,1241.8504203648035,1277.9662179306404,3106.2111863170785,2975.451453686922,3366.37219550704,3379.031902416841,3029.386945261786,3281.7208895741596,3510.837141362982,3666.626190313322,3421.178480584529,3334.1179841095263,3216.444836916568,3466.6849596756133,3619.4575850184856,3822.54633163403,3342.750739254671,3601.298629621051,3225.72760437359,3593.5279695579993,3513.845413659019,3618.327302206378,3510.0833541129878,3816.684850240655,3544.329783430906,3448.5601315176045,3233.1467237572147,3229.4856544176673,3635.5210815632663,3411.3669890251804,3665.4845044765643,3477.412850669799,3147.90214999672,3612.02638176422,3335.373996227334,3168.7720162104674,3077.218122348946,3059.326673262788,3043.8360728440975,3009.6139552505806,3317.030795717046,3182.4524466140783,2849.454305688495,3201.1867013702304,3024.5903961337544,2788.8100327180127,2742.5869308744213,2581.264060396033,3014.496842046784,2642.4521476526543,2732.024180783452,2229.45798686697
148.3467420786456,1029.634407851036,882.4596539933627,946.7585174737909,829.4609825141906,763.646992534061,758.0239913634239,682.5399828103119,644.803016801637,564.0100191585661,687.0649912126821,645.3788418328071,627.7887634658164,703.7294438959258,305.28696878785274,212.98482105986827,134.19313660349187,329.3684545684021,0.0,132.30639816114564,400.7194912869529,484.33987189459145,581.209810724088,375.63735576935744,445.84148687169596,713.6571347952971,741.638151753533,583.3052746878241,616.3059844413042,795.601394619664,751.0241416157749,793.4837831173171,854.9281646916129,869.6328862031468,887.0149571754499,934.2683641453509,944.70201493992,1033.938597776267,1164.8528410662389,1238.059015990508,1248.243032654117,1060.2126535169878,1161.2616715458776,1134.5183098089738,1408.502550392215,1462.6997148897117,1393.916933311958,1181.6165237319215,1486.831439263225,1528.2011353913779,3283.0333575503078,3169.7051973028942,3567.5058121348143,3593.5731516382048,3261.6499826936033,3522.266505166918,3760.268681132379,3925.5334405898448,3691.801225302243,3614.2852016796546,3505.37791241844,3761.9200219997947,3921.0764237038056,4129.964340139605,3656.269589993155,3919.090325607845,3547.4860070940995,3918.238751826057,3840.8475472996115,3946.873505289484,3839.365152250292,4145.902129173239,3872.7622594351737,3775.4623429821713,3558.031457402618,3551.3528869185316,3952.2524286350326,3723.9605216278683,3971.117809461386,3777.336019599853,3442.950162490032,3894.8424516858495,3611.4322254523468,3436.837918370032,3335.881138040621,3306.7062076328993,3278.986227559948,3232.014621762305,3518.568674845307,3371.071954584776,3030.1143251552276,3355.298932957702,3164.9838804945243,2917.4249735242893,2853.036672296084,2677.2884485889304,3073.9090849062154,2692.572138780474,2755.993951506013,2252.182726180404
131.65538116442679,1018.8745674616056,818.4979992984194,952.20720534527,754.5191306833264,732.7464866002979,773.1398987482454,636.1235458759563,595.5505148628793,551.8745637846386,599.760292996235,558.7901760629593,537.4225339392241,600.8718767893087,289.0372630729742,235.88635517046274,200.14648503418962,232.01846790472206,132.30639816114564,0.0,274.49816171598786,356.8021643603139,454.0362920552757,250.3833603549251,317.56705084450334,585.4745055358904,613.0799908983372,502.0879280453338,499.3672152887546,665.3270657229906,618.9000462347598,685.5789146620542,723.6616980188793,737.7426304852951,754.7101674435307,806.2229985180522,812.5500926106739,906.7460395254594,1044.0500256127486,1117.2878043686624,1123.7798723888586,928.9116457802357,1029.1924689264667,1002.469200273664,1279.3488237094784,1333.0417273706125,1262.1997166793572,1051.3788159853548,1354.7793297506782,1396.0058489719247,3159.831972409889,3043.638574396863,3440.5981924803214,3464.902623334459,3131.022356703007,3391.0163755386898,3628.4819629297644,3793.3629110784786,3559.5099359269234,3482.280030324553,3374.0234871310595,3631.27741239076,3791.4773360477407,4001.667832857968,3530.0108458342957,3794.650696846671,3425.495107624729,3798.620749357848,3724.0403241938684,3833.1490888698063,3728.918176840545,4039.309329255332,3769.7482133310755,3676.354397783467,3462.6622264077328,3460.3973483017667,3867.402297020595,3643.37491256138,3896.9247003280434,3707.8751942986646,3377.236341465181,3838.021337187324,3559.067617876826,3389.520892855329,3294.2503790339824,3271.6159300684817,3250.661638218753,3210.429412526592,3507.753672234685,3366.3974191493303,3028.8625884512167,3366.432719365775,3181.8959789607275,2939.0297908931034,2882.051315868219,2711.8088048722384,3123.105123135824,2744.6283296217684,2817.555334840105,2313.1715664203703
93.07562677388867,949.9827128554483,649.1292840035933,920.909368494934,565.4964454444757,642.5295772606682,775.44975362342,522.9998501228558,481.7857333384936,527.3306010722058,395.16074962638766,360.48760000691425,332.3130591443691,360.0966889137275,342.05563015667656,377.902215313886,406.82385564660717,143.7343310371735,400.7194912869529,274.49816171598786,0.0,84.08780558062652,180.5014587297767,199.468382264417,197.27210502736096,313.2018351808456,341.415127744684,524.5824171807044,397.03960378503274,398.1327512144414,386.3026879773052,595.9120186688829,461.0103593283421,480.41201935404115,507.7776119108097,609.4837638282683,558.4274456301739,711.9184294901671,878.8240513190588,950.0574357635155,938.4758716791177,665.3158635721936,788.5691141642474,745.0555622282233,1064.0748866267963,1113.6431691431414,1024.9046543256077,782.999629762552,1111.865259083046,1149.853582102948,2965.024560421385,2836.3479744592646,3228.4927548961714,3243.6107802723877,2897.9185551415517,3152.7024975770983,3384.7378110559644,3544.0177279073864,3303.4593704929107,3221.1669706937178,3108.6232168759357,3363.1936483848704,3520.93847474417,3729.2569784862876,3256.0638265103203,3520.197784673809,3151.179363077209,3525.0447385212537,3451.936663723554,3563.1752083349143,3461.7374669593523,3775.7595673985625,3510.187786238669,3421.450918415213,3212.6630289270875,3216.305839383468,3631.4161886613965,3413.9630841081516,3676.898726414018,3495.661053636207,3171.8469646718586,3646.463680334834,3375.8597257145284,3215.694114595848,3130.9591617053966,3120.383279439226,3112.1308646292573,3084.8627537243206,3401.715692528096,3273.0402301901618,2944.0419148646015,3304.879229117939,3133.161116223624,2901.4769438586686,2860.441066656446,2703.1098074956035,3143.551286033168,2773.7592299601743,2867.4105945455103,2365.723909720754
