0.0,112.70123885890253,110.00142069643766,66.41790143464189,59.923798729878094,67.83481611851579,106.05823749884871,88.67768414896118,73.04221219898464,111.48149901996062,63.76658471903247,128.09681930079583,59.18953887738147,105.10569134126071,106.71884309281425,127.81851584586178,135.7209853329123,121.10233941723786,79.88234093055897,128.28659085985137,120.31552413122732,56.93458166650027,109.81988613094809,69.5969665489111,55.51290904498433,80.94222030211392,146.5330863332159,86.2276757579571,143.1297251961035,87.51680924440066,50.514077167758636,144.77397802507812,121.24428797815418,101.5777024435131,67.28845932966139,94.45132289847002,133.7755407396541,109.40985388193441,145.1663991061474,97.61224598268913,68.56079936098841,130.9456796228271,80.9950094095567,101.24640201138354,116.54052205552057,61.21645669175718,85.50127785683502,102.51077566543891,50.24985877745731,102.58810416853207,383.9878122595725,377.9477265026833,371.92397605872793,368.7822940775276,425.42490116580956,427.0882155474054,430.80354137139284,408.85890771639515,350.91087727255143,415.5242967785979,379.3906436460794,431.86369071742854,367.0207537368235,414.38724311541745,386.28489010944554,394.7964981086169,358.7982248187295,354.94532550396787,402.5296928162273,423.7953744639657,403.58861359130424,432.6319065256614,353.4451989006339,449.99889423873367,371.4482967989643,352.3408912816352,399.3791129037554,417.27997602090403,445.2661529542949,362.12595842522893,387.7978793040662,350.76911118295334,371.08100591335483,369.8503158555079,388.26417619874684,391.92600375043844,418.7560076507226,404.8329713759815,396.78034428586255,414.87589922520834,442.5760805983658,352.58125877867775,384.67469821738314,437.3579327689494,443.89916689698947,405.3538051723535,370.7610140605005,373.52956740902977,379.5305391232452,351.15034011178835
112.70123885890253,0.0,1548.5736819967683,333.3828513180329,1198.9915719498206,1247.1990718540474,111.03036784044863,687.9979373780016,1127.4382795604388,1454.8539901351858,427.0199195178711,1653.7744717564506,503.34846415195756,1443.8151386840807,235.62353987817653,1648.332571884434,1513.931679773912,1630.3108259135574,270.2272949984699,1599.5867435570124,1626.6613683250193,641.661489481,553.2908763749139,1182.126046038628,1177.1461191387161,1283.4392372286163,1670.612040523185,674.7249377950111,1415.3925384103568,1289.936207050953,1135.6684876439112,1740.1582254501066,1630.8765631745612,1191.1235551216416,729.5333969949844,335.97302595312425,532.0505552997589,1237.5665609442535,503.3916778727896,634.2148225330637,310.7504483817093,1221.706263058544,1191.522814733203,826.5364763761565,1594.5351422560313,568.9920303852147,866.9921491810057,1116.9707340050418,494.2695349374893,658.451460429519,3278.749621377601,2288.83968554439,2358.3368861027957,3290.6929959471727,3613.090928450638,3123.297682976447,2723.18344936453,2380.808427259314,3083.96303334128,2857.283769431411,3337.601169847395,3626.9571863316887,2489.241629603764,2112.337317543852,3144.392920508203,3455.7495203089825,1846.5972343904123,1750.747149574917,3114.7238215749135,2292.5755338736767,3594.1546891555568,2980.367631632803,2723.4254418282094,3100.3664412361763,3328.9641446685055,1914.162228360535,2241.1314346409918,2535.0255479333,2622.1694352496916,3312.0342085983593,3397.027944779265,1693.6442032510308,1809.1253992292,1900.0976709143856,3397.562717500563,3300.028974662243,3568.0549136347754,3083.4767401478557,2392.482966472195,3639.133774548914,2643.388739559508,2181.199244642131,3480.8530413354097,3572.706058200955,2341.276190493719,2636.2561378207924,3317.6428570108615,2274.002726409368,3413.8554346035567,1700.4497494031527
110.00142069643766,1548.5736819967683,0.0,1216.1650392453075,350.99929298705393,301.7984032684792,1510.5763873988938,1141.4559952526527,573.1163936005763,742.6950969219507,1210.5890481811348,183.18994716224427,1093.796749796071,318.6247649535784,1516.0413481337182,538.174341675478,692.3949699754894,89.39129052427107,1297.2271021513527,718.595927866669,98.15999372602994,1102.8736609490988,1366.1443104577543,664.7129745081852,393.68452603311727,349.6072715046225,568.1934448281776,1280.0388636671585,946.5524723163013,700.941845070814,416.4244942535808,359.42853664746434,88.06323437540698,1031.4248280338613,1123.2553311975666,1353.435390975095,1561.517930570371,783.0417192124468,1769.4532453498325,1377.6547078626745,1245.3203076391026,1040.2389739294215,541.485980737906,1133.8352735412209,45.971461577843044,1062.5850091103637,981.9892559289756,866.9856584697325,1116.3989505009467,1257.0275865807155,2090.400067530468,3015.328429268092,2880.7630185477046,1855.4144821423804,2599.6065246324843,3224.411589264356,3577.9841701956957,3534.884700346128,1824.677697059115,3305.920252356243,1956.5871786268203,2399.8839744557604,2700.7819391752655,3649.8983474668294,2625.7364704281026,2291.7076222810197,3263.7461284488136,3168.9767947614127,2547.7453945061498,3588.5221117351116,2055.4065926950343,3095.777245894191,2283.9965229398877,3534.1688926605952,1855.55121135208,3179.2234437066554,3321.347037479853,3299.792979133657,3580.183149269628,1862.1290285362602,2013.7236505808119,3225.343940799281,3355.498215294709,3347.290425267487,2019.7915209803748,2183.5078654362324,2274.6677313508962,2964.809171477206,3402.1433781940677,2337.4400538242126,3527.701906132338,3048.612590406231,1940.0638404367753,2540.0265374780242,3877.1604513689726,3347.2007587561916,1856.6046330922304,2972.8775871142684,2042.6662771275455,3228.059296176805
66.41790143464189,333.3828513180329,1216.1650392453075,0.0,867.5119817338239,914.5354181147716,317.0254069246518,475.9908560541402,806.1615218891849,1186.491053615447,253.74953451673383,1320.5327425115806,209.32881968609672,1114.3018530317204,379.09826346749537,1347.5809663971015,1211.8830745151254,1298.6428429849766,103.68112553597035,1322.1541939772362,1295.595752545487,444.87899012331695,464.24719403674237,899.8002677704367,850.0141965499996,952.0455117616705,1353.2388559112449,574.668551463294,1150.296685555934,1016.9786951591273,805.0553193486685,1409.6292703356426,1299.0944099738572,987.110479157424,554.2276570840651,258.1737117772422,564.1926987580857,949.9269179111676,699.396613789113,587.3486127008224,87.92942246024965,981.5848015062471,870.566503662083,618.0834324368435,1262.1015523088158,286.00683303435113,608.825569405422,842.3391700111532,254.45195713639535,502.4167355231914,2983.5237509294916,2358.2645136899864,2374.7353808709618,2965.9191518833672,3376.4975047584308,3102.8285090046243,2878.1319794431665,2610.86818285192,2778.1303504205503,2912.5406399341155,3018.864684032551,3328.999741775913,2432.581660751495,2438.4648805106026,2993.1027394084167,3191.182324981389,2146.1190888149836,2029.1647025424604,2914.377262277588,2533.5569318854673,3260.8272333760974,2914.96803616876,2537.2087274533715,3156.941932380657,3000.4884131796994,2169.613875797172,2413.0764954038164,2621.1578948331794,2764.3457018295953,2998.9003095418707,3078.2499431662777,2024.430830840348,2139.737059476207,2208.5767079584475,3079.421874655973,3014.7867343894122,3260.9826773479717,3013.518052340952,2583.0676371761374,3352.4514615531093,2764.9661546422153,2328.402257572033,3151.2074890553386,3302.268835831368,2673.2779452296945,2752.3594631328324,2990.337807853073,2335.337619487908,3114.2100418569003,2030.2771143813068
59.923798729878094,1198.9915719498206,350.99929298705393,867.5119817338239,0.0,64.16403870259961,1159.6039766538845,850.0874272221524,375.49730567713465,669.459761560001,862.672165857317,483.6126007462064,758.0768652212902,383.3812973417513,1166.270751230001,624.1905102389101,712.2143928059138,431.3195263145379,951.5515201760757,721.0122569113914,428.1392575654674,771.1156749890403,1059.2111662327466,461.31525489403606,90.0670740233794,244.16224221789955,702.3857245409964,960.2358264488691,880.1414000319509,552.7594280880035,66.57596084416508,619.1627601171311,431.91134611940385,825.4835506573656,806.8148644486497,1019.2453672725135,1249.7532570440073,660.6231282826286,1426.732749321865,1053.608463254659,894.5439496275501,895.3145458703744,385.58085858161417,873.7726063586963,396.9026311011718,736.1871493825664,724.9422325943818,692.1045134928895,768.1397884978774,965.0014360869711,2341.8321825091143,2815.506718092628,2718.884122306246,2178.0490825306806,2763.3101064459024,3108.513004373469,3320.405198931046,3229.335670418633,2093.477782138745,3118.8780303666263,2263.8676484511834,2666.513542790257,2600.682179809755,3304.473251657378,2647.045365686685,2498.749827168337,2922.7706563153424,2845.9128672048532,2634.063511318367,3289.807801930991,2405.668728704014,3028.065174204854,2328.4692820376144,3354.057240452833,2189.215816810539,2855.751867588347,3059.6008463733538,3097.9577259011394,3344.740951875934,2167.0021810049943,2322.116641525477,2874.4956310806506,3007.2331667772323,3003.392198396372,2326.604662367187,2415.263535648994,2559.0723559273138,2893.4409831654984,3117.145823014743,2591.5467561139158,3305.8928398222947,2781.3047476170555,2284.3015085124284,2753.464973901917,3526.2408217186367,3111.523328430419,2186.742109758354,2777.5587273223614,2318.830849129689,2877.375938961153
67.83481611851579,1247.1990718540474,301.7984032684792,914.5354181147716,64.16403870259961,0.0,1211.3005564193832,867.3635556370697,356.0982203147521,707.3689901801941,920.0964632107506,423.37580944422695,794.9103738256741,321.74754761447923,1221.7319803165578,633.9215051207327,661.3627349075298,386.2177310024591,995.5279774336603,747.3678446932963,385.8214168096212,833.6409657318035,1083.0649696482865,515.4866814521434,148.58282309176212,193.4207283897859,641.299263602111,1023.8005873137283,843.44358955553,600.3720680568744,127.68857248344369,555.4866097880926,386.2517873249109,883.1411309494345,870.6692594371664,1055.5191856154195,1275.9041562444818,631.1819442808373,1486.2017636358996,1116.7749833922146,945.3703264361963,873.3628947014543,355.84587872024724,880.7156637396834,347.67567096344476,767.8416412550978,729.8694851239268,674.4661120606261,825.4418726649449,982.98296825961,2277.892126189224,2811.057050835631,2706.036501209332,2116.1788497748307,2770.0537680137822,3159.7903226678905,3383.899102695986,3293.214011187397,2029.315213980534,3177.581052246371,2200.6602061955173,2602.3754088414576,2575.7218368754525,3348.4051773200626,2678.894736112135,2496.1839681750553,2982.3912481217535,2877.761016149272,2582.1538387909036,3312.6283549709938,2352.121767857921,2997.9181448853947,2281.167555838427,3412.212196924839,2128.9735340481166,2918.4823229065423,3070.9899326627115,3094.19456140217,3349.2623168627324,2139.407471257553,2258.9668496066806,2927.499492821226,3053.711572651383,3062.009972522853,2263.356089548975,2351.9162663398874,2494.9946937566997,2938.997907831529,3181.298019103504,2578.215318925002,3306.998376030212,2845.096500168801,2240.8759817873565,2691.02242328731,3578.887412410476,3173.890191276112,2125.8877113586136,2772.045887227573,2299.590224269155,2930.8716626332825
106.05823749884871,111.03036784044863,1510.5763873988938,317.0254069246518,1159.6039766538845,1211.3005564193832,0.0,734.5304655220207,1123.1480035226746,1371.1723768764543,342.7518607624251,1625.571847239849,513.7071644067098,1427.9444316560382,127.54432710553849,1577.7047378681063,1525.984930179135,1589.7406681207356,287.94744496331185,1518.5121666543623,1584.5651402334731,549.8832408962471,628.8104337453765,1105.5200029476177,1130.1866352094246,1263.7121314844023,1670.2570908733371,567.4032395350573,1448.010103696732,1208.8766156472798,1094.6852280956145,1721.7997693423617,1590.6260836600425,1092.7061657935194,631.2749235541562,399.2788454386064,630.3011812064809,1258.0832454666893,424.1837714987725,523.7800082481396,266.58215365095424,1264.2076948883923,1187.5551582889702,876.74452398239,1556.4984608675427,586.116120818758,899.5378238741362,1143.8565522393078,421.2358763332092,720.7006540282479,3296.461639637749,2398.2259476981767,2463.403921922631,3281.532907812812,3516.4221400477477,3014.5753335392783,2642.6653770092603,2325.35396837803,3093.9197179802877,2756.494965951693,3335.792165650253,3642.8705254171077,2584.40155816335,2171.532507334784,3035.7350185358337,3366.748712186551,1830.2767283205367,1842.0905597153087,3175.755631339208,2393.3405736687464,3563.128634499395,3074.5405217172806,2788.6065139042003,2999.95396938481,3313.922806295119,1869.918723153957,2350.7441061043264,2645.3267679901046,2732.950886891506,3246.2193011195855,3395.1715803306824,1716.8754564976518,1860.673567316799,1891.6241644725492,3396.3892746159972,3324.0754751915465,3577.0842638610134,2972.5951567044444,2322.2530680572063,3558.2005355297174,2754.4191043892993,2097.890503880251,3433.2068652764765,3605.1122388643053,2367.7852776278705,2546.208657043604,3304.6423732689173,2382.878874004646,3339.3853945146952,1721.156532867546
88.67768414896118,687.9979373780016,1141.4559952526527,475.9908560541402,850.0874272221524,867.3635556370697,734.5304655220207,0.0,588.5303368296127,1392.3555220720446,710.645882390455,1181.7040677823277,287.3541012486021,925.1590424953026,832.1847519146044,1453.7639298687823,876.3159426202477,1230.8445443071491,451.6873040162434,1496.8462176635983,1236.8102402815198,849.1591346553386,236.51562215950506,1102.5966682394417,882.1187107789144,803.1177161802876,1069.6277100019636,1021.0922237741827,733.9785912116015,1228.1793044396197,810.4554990690457,1212.5283285075338,1229.4306327208615,1315.3924943978286,958.132785005752,356.4213694343479,432.29455746415925,585.2129058535921,1153.1153814784145,1051.2541026669048,563.8230529201302,533.7741461945847,641.5457862764122,143.5468189377055,1183.1842038512796,222.33860725767957,202.80248593553247,452.28871978295217,670.8036365612408,115.80535875452588,2611.0565371355856,2025.2666703405937,1987.9159863784537,2691.5019842046518,3578.1057152318285,3537.599101140072,3352.325405963359,3059.884427464276,2432.2746220359186,3378.8074697871075,2714.9507345938778,2961.5493995787556,1989.7857032094428,2596.304336462055,3322.136247338862,3338.1582995984854,2526.2122772193816,2040.2844172321952,2445.4767336743334,2447.689150637777,3078.8788689268554,2464.237968155896,2064.0011942537894,3623.0635842264733,2750.235061561955,2600.6875552907686,2212.256873426881,2301.467133098481,2512.096749723757,3002.131536579959,2774.146413548005,2311.193134204448,2334.8585194709835,2571.740255707631,2772.705718385625,2622.8921740738538,2916.5002238944244,3417.151649194791,3049.270203934099,3441.5619646170676,2485.478382339208,2803.0942070547303,3052.2393628338145,2887.3628270158374,2941.4947069555446,3228.1863130877177,2731.57621468673,1994.0104977744354,3166.8611392691564,2323.81368797118
73.04221219898464,1127.4382795604388,573.1163936005763,806.1615218891849,375.49730567713465,356.0982203147521,1123.1480035226746,588.5303368296127,0.0,1039.9482988617717,909.7279745320135,593.7080318892182,626.4337611079293,338.18604386247205,1170.293367593793,989.9749376681713,439.4831125958468,661.241716912511,857.6084083442191,1096.504031149961,671.1233940326792,908.0239682743552,822.7719274919527,802.341821405898,451.4003944591112,223.75409583154118,547.7493343157375,1113.7373089795433,524.5042682973622,909.6952463817524,378.50742179885344,631.6877911370316,659.06392113413,1136.8996290630457,981.7560940746013,862.5003979887869,1019.6892319380829,292.43981093084466,1474.0394143047495,1189.29783219112,866.1284160142864,519.8317655927483,64.40774653924561,563.0246224624882,610.8468728186618,570.6904828269741,412.30927917955137,318.41125454659334,822.2447114742473,701.2988721644605,2196.6466907777753,2460.4426077488856,2350.152328080855,2163.3681109264658,3124.3976425238984,3437.7466884458495,3526.9169577834473,3357.5848814830047,1979.0375944945495,3400.5858789603726,2212.735186992192,2537.460346680842,2225.283382837297,3164.9918806516357,3020.209519027739,2842.6188942304616,2949.4509530856044,2628.8132024286106,2324.4747146450563,3024.3177936578104,2502.596885945169,2655.098019305812,1996.7617538149352,3639.9850086842516,2205.0691270793495,2944.6630606534363,2748.238302803369,2744.163794098759,3011.188739669284,2431.815770261251,2272.1267236478297,2818.2853312462885,2889.7119281619475,3014.304203473188,2273.261739299908,2242.879070613224,2460.0044344319945,3243.6329342071945,3284.651969666308,2907.064945725489,2963.2052794265064,2979.226576222315,2463.715109110598,2553.895524467417,3462.2673982408046,3346.3610423174587,2192.0161474582424,2420.3985151904635,2615.606991801791,2826.3349713319067
111.48149901996062,1454.8539901351858,742.6950969219507,1186.491053615447,669.459761560001,707.3689901801941,1371.1723768764543,1392.3555220720446,1039.9482988617717,0.0,1029.4009860717633,923.1392738823506,1190.7170469322634,990.5955400581206,1313.4283122399436,318.2774784045843,1360.712567096064,742.9128644139588,1289.9300190179124,155.05102547358078,719.8876738481026,825.0763222361173,1548.757427234185,293.68482236131416,588.6159411023318,899.1455209274612,1293.3179914878367,898.8415165738652,1549.2134715746975,170.2253225275901,662.0631743321794,1101.0052597901547,747.6279700306181,403.4472907686824,767.4589008002454,1421.5128283280774,1711.035912892017,1329.1828017466528,1450.1752185297164,996.6116358707969,1161.4934553668763,1556.2660544467167,1054.8749961707824,1460.0059243073088,761.4341675215616,1208.87646791961,1326.6061715397495,1349.1262280442456,962.5833378591716,1495.2649396612123,2809.8151670157995,3414.5935845210756,3349.650206213419,2477.123836898837,2199.4194735360797,2483.5272260833312,2911.2959816068715,2968.0234067269016,2532.7648211376845,2575.119238181943,2611.305083111729,3104.630096901734,3261.241301169019,3517.857167191981,1980.8184395959777,2005.489904275,2858.314140129915,3203.6974668096263,3269.9314641553815,3720.0464960065506,2508.539709137922,3695.028947287254,2982.4442312188517,2799.6873468547233,2441.1346442475615,2680.662352759041,3573.9095940632315,3692.560532330059,3897.0893205112616,1924.8890710991673,2665.2414032340585,2958.607688962127,3192.0202285931523,2963.9783393459375,2674.281156242222,2913.6935375997273,2960.8381742052125,2239.242953394202,2786.1147100832086,2187.5338099890487,3876.4231030660676,2403.422562658277,2233.730887837035,3276.243754633084,3602.2004115652935,2654.3225806525766,2455.1931428006396,3381.2844024421597,1980.8668623953904,2952.3752855988773
63.76658471903247,427.0199195178711,1210.5890481811348,253.74953451673383,862.672165857317,920.0964632107506,342.7518607624251,710.645882390455,909.7279745320135,1029.4009860717633,0.0,1342.7676075900463,424.8224689008705,1175.2963433263712,309.86077770800864,1237.108126799412,1342.215080405931,1284.4289369173673,337.3750931590169,1175.987858617944,1276.7440230814786,217.96842363640235,717.94075490867,763.0937899326835,819.9268810156879,1006.2860617204552,1450.1505127403464,320.9228072696245,1327.1212274060556,866.2820655564018,796.1716905265581,1458.2957424258468,1285.8496212871182,772.6016309567161,317.3456260594803,504.2638153399846,806.6821675057676,1108.148411519152,571.9756679317825,340.61079562183505,177.68150051265658,1182.4350536365464,972.085504151818,847.7745403182865,1255.9238945826473,497.70725337549584,810.8134715521298,1019.000108045999,94.67499527293151,750.8745475730888,3106.2992741785724,2605.482546647925,2627.7658739649323,3026.5250677794365,3189.1571906836407,2849.2240140684735,2668.8581690014807,2450.653846104652,2884.705173490742,2668.3706288962335,3096.940341444114,3446.26549062306,2683.9560517260056,2509.6130946773974,2759.235832154419,3028.761996626502,2065.7451418908818,2177.765701302369,3121.5894034079433,2714.0167996972978,3265.3333261974944,3164.8624410498423,2753.054324397016,2912.6721037469606,3046.465395829576,2035.6582875418092,2631.2828245091723,2865.6878158256086,2994.295108145367,2907.2739741462424,3155.966664592479,2021.5996745801535,2194.230746032842,2142.5904636409928,3158.7497101263334,3151.055690217801,3363.1698920348485,2761.6731480781827,2395.071361089898,3215.8197638788274,3001.2296503275843,2118.140355536527,3111.2922491910786,3454.55150144928,2673.9267502739,2526.6947558902375,3041.4155982861853,2583.790685968468,2996.9236822025473,2022.45112473452
128.09681930079583,1653.7744717564506,183.18994716224427,1320.5327425115806,483.6126007462064,423.37580944422695,1625.571847239849,1181.7040677823277,593.7080318892182,923.1392738823506,1342.7676075900463,0.0,1176.9939130311905,267.99452053387876,1642.1751800510356,698.5292290925007,586.3134044097019,192.66210144967118,1393.4587301054808,889.9843952965944,216.77925010226258,1253.459296664724,1414.5005887904988,844.6730795642275,545.4937266127729,383.37828983618294,419.74720487004356,1438.2418653087627,864.8753831762571,884.0390069767894,549.8664362256815,177.99927186233492,187.63763135100257,1213.3036409119138,1282.7179837926055,1430.7033278665715,1611.5006101549213,740.4056521285684,1909.5775671507445,1533.6789166042192,1358.9897275684873,993.9202701190992,545.7753772952951,1151.743360154277,162.38196370500756,1135.7176536918237,1003.496196629668,846.1964357626038,1248.0928823123522,1294.9481388650188,1908.1820669165543,2971.120331632161,2815.619805848561,1695.701057126438,2692.436733452145,3402.002240173657,3757.168044246017,3701.590495050731,1644.4002237872853,3489.0005877366957,1787.8637317824778,2219.662203567416,2605.608766483052,3736.9806593441717,2775.1133927820365,2362.0213674813763,3405.766043906504,3221.5858663764516,2385.0653511643177,3614.4061865670847,1940.494450791008,2984.350353825638,2134.4319336434055,3717.033765078231,1705.7069868124092,3336.6817911143817,3317.2202165809686,3255.577349123314,3556.4342283794945,1856.540063461438,1845.579009208132,3342.302930460673,3450.947580687768,3485.122385595004,1850.8982957859198,2000.3546632070104,2098.0403115450554,3135.665089577691,3575.649129155462,2375.0598483970552,3495.1209867070943,3225.955576240516,1871.1925581570513,2357.0212769987647,3992.5864294853436,3528.865775211488,1703.1616166624951,2926.187800484546,2064.206495894584,3346.719755760712
59.18953887738147,503.34846415195756,1093.796749796071,209.32881968609672,758.0768652212902,794.9103738256741,513.7071644067098,287.3541012486021,626.4337611079293,1190.7170469322634,424.8224689008705,1176.9939130311905,0.0,950.974986521241,587.3540651034035,1304.173832902476,1013.524670249467,1180.3554428876596,233.29740306372068,1311.9665671756657,1180.704928167159,565.8790095444567,361.7933116994936,897.0686203525279,761.0590499965427,797.2969010193765,1167.413443803652,733.7877677235836,941.3335899019622,1021.3233574965511,702.5824424456738,1248.4041883443354,1180.1064636383715,1059.9256847992735,676.1027819103721,261.17505593759245,522.1200326377074,744.7071950335813,908.4687064065901,765.1082113298685,292.52297400511475,773.3274895680102,690.087814609276,422.9523260139516,1138.9979028314017,76.95188097171511,399.98243393374753,633.9268979635818,383.9517087131545,345.50405771557,2782.943609665357,2263.667575767533,2250.924302140171,2789.4084134331342,3389.9825565409915,3253.5236550207537,3081.532544017321,2820.1290400761823,2582.936749964163,3091.985054024085,2834.337261891026,3129.712811778002,2273.458531163871,2560.5243179953923,3074.3145687861197,3177.7201308196386,2342.562258404164,2090.1921611711596,2708.7986564090465,2555.936793818476,3113.8457904899024,2750.0076355361207,2334.5896312460422,3336.194558397443,2831.1178001487137,2377.03375332165,2383.2212226407282,2534.1903472196404,2711.400422368698,2921.0895733361413,2893.765132683713,2191.8555697239235,2274.693986862491,2400.50611445727,2894.2491837641146,2810.6961183195485,3066.672570863327,3141.5260150713457,2791.0065322853375,3312.690433176328,2698.685521164772,2531.2798583448052,3033.5144124442327,3094.9681570802177,2836.18160782652,2948.54557668,2818.414697906737,2236.3138466382534,3057.7316359672277,2200.017989525516
105.10569134126071,1443.8151386840807,318.6247649535784,1114.3018530317204,383.3812973417513,321.74754761447923,1427.9444316560382,925.1590424953026,338.18604386247205,990.5955400581206,1175.2963433263712,267.99452053387876,950.974986521241,0.0,1459.9468030822889,839.5180092569658,381.0055974379382,390.86081553039435,1176.881601198009,998.6177316599761,408.67580774985294,1123.5733153723027,1160.3120301529132,832.3129020263975,470.3194792023603,169.26350130095176,319.6522992622365,1321.9480886934605,628.0424658855287,906.2668049945337,436.76956598467416,297.43435983153574,387.0843177125406,1202.9048925731609,1173.4564596229939,1195.789173521651,1357.0623510703645,477.4390028460795,1747.2646488723922,1410.045698275946,1163.691214554496,733.692083982731,283.8676251154385,887.0703674993533,339.6904904847957,901.470958588386,740.7314343381424,578.6155046102731,1082.088047273278,1036.5131232817498,1965.4442332357394,2712.5029353541545,2567.870798919347,1855.5398403457425,2917.508064567594,3465.699135763748,3701.6539654238077,3591.5463146804773,1724.7188489213584,3497.7742969889664,1921.6517696845185,2294.8327814455433,2382.15865104982,3501.1648883745715,2926.0038139771773,2603.861069558638,3238.363006404235,2964.8998374079483,2279.8351115597643,3348.764259244601,2166.627551416116,2779.1034744083,1995.2587842662442,3731.7027876289576,1886.2334148936309,3202.0231740426702,3049.396482244715,2997.074549474525,3291.4302777051435,2124.139619224468,1980.670725169315,3137.456373652137,3222.79921817056,3310.14785960351,1983.502164538682,2034.1520944553936,2196.9062049315294,3229.769055335517,3490.8849333965372,2633.3875936524237,3232.476219340526,3160.9770813004716,2128.61018091399,2370.2583752754886,3784.4958161920927,3494.8503721344905,1876.7218333621418,2668.6154112569407,2327.4039301294665,3144.001184630909
106.71884309281425,235.62353987817653,1516.0413481337182,379.09826346749537,1166.270751230001,1221.7319803165578,127.54432710553849,832.1847519146044,1170.293367593793,1313.4283122399436,309.86077770800864,1642.1751800510356,587.3540651034035,1459.9468030822889,0.0,1539.0196888052167,1586.8043351742767,1591.5294317751436,380.5598721530779,1464.192761097778,1584.4717882846562,489.00065544515996,746.1731335783322,1061.1449332667564,1127.5754140725744,1292.666452552771,1717.6742934079266,467.61376775673966,1528.6416600404525,1156.4939433287293,1100.1026933220287,1749.2986808906815,1592.8085572166192,1010.0035348448001,554.2879266481536,513.4418255686952,757.003072082565,1328.6966253263238,322.3028938261404,411.27930078774506,305.8301618687911,1354.3144189267568,1234.4021096399872,975.6126130355976,1561.6287871329116,663.2059186505783,984.0840261303583,1221.1727612668958,401.57084507866165,829.432505583082,3358.6519316793965,2524.457113078603,2590.9459189503714,3315.3822132867126,3432.3768670387976,2887.802712513829,2528.9051998088694,2233.970657643629,3148.465158859548,2630.0037396912194,3377.606461898952,3702.8927564876362,2709.161106317892,2208.7850960174437,2926.165174724543,3295.931146981008,1780.4974575031747,1923.6830407084333,3277.5637606020073,2489.079013402892,3571.443330280624,3198.77493103888,2893.9647885851505,2873.5869121792057,3341.149151136182,1790.5696083345595,2465.0342204386434,2770.360980190795,2851.7317008212804,3210.2103755502244,3436.8623104193557,1712.2861114233422,1889.3819849659008,1850.2029943063376,3438.814835317984,3392.517045716623,3630.1046842173896,2849.627170455081,2217.310100402111,3499.9310378438104,2875.942649691515,1982.329287128559,3421.1344291026617,3681.354315854735,2364.6209919409857,2425.550592792338,3334.179988996909,2509.5086976060993,3290.9518195659275,1713.6044584614094
127.81851584586178,1648.332571884434,538.174341675478,1347.5809663971015,624.1905102389101,633.9215051207327,1577.7047378681063,1453.7639298687823,989.9749376681713,318.2774784045843,1237.108126799412,698.5292290925007,1304.173832902476,839.5180092569658,1539.0196888052167,0.0,1220.4300672822533,506.0864679568836,1447.2696132993347,211.6348445561138,481.891549147086,1054.929647905473,1643.0361028989748,479.476630983295,573.9764141633228,799.8243072670483,1105.9129427691144,1165.8381060867741,1451.9285984503763,407.15042429262974,648.9136645653472,872.4708251020459,511.11659610897306,716.0069710405578,1020.3235255792698,1555.7924717622652,1822.665112898525,1256.780099903979,1713.8631645369137,1266.9243169115214,1341.0894827120032,1504.965772096856,985.1681923614944,1492.4804582242307,540.2988659528565,1303.9624455740736,1346.1037110629836,1308.2351971507303,1156.9321666020687,1565.5277632972782,2531.5640645420062,3439.586270384902,3339.9179309879432,2166.38383824861,2139.1445118565525,2720.2294204224877,3224.685392288743,3285.2540646405255,2248.266744071609,2859.7124711299452,2306.592413630754,2816.0991383881824,3200.8922650137683,3746.422034937873,2088.608384943965,1884.4375163896866,3153.4196927456387,3376.1388014475474,3082.684724613282,3859.98587045546,2191.962234948813,3611.807813899941,2822.147420856776,3078.9303128170695,2126.0458397509033,2990.854496635703,3664.995500383676,3721.872307176624,3961.988975689944,1671.194957217531,2359.5845446034264,3222.3077897740845,3428.3683745502444,3254.982358648989,2369.292941009978,2644.990616106344,2664.4584566584685,2439.9157508714306,3104.2547332863037,2009.435831142949,3926.957791535649,2720.1737231729226,1933.1789524990954,3014.725755870533,3870.524417830147,2961.616155689689,2141.405275775956,3401.744996489628,1767.1113307531823,3218.34566394463
135.7209853329123,1513.931679773912,692.3949699754894,1211.8830745151254,712.2143928059138,661.3627349075298,1525.984930179135,876.3159426202477,439.4831125958468,1360.712567096064,1342.215080405931,586.3134044097019,1013.524670249467,381.0055974379382,1586.8043351742767,1220.4300672822533,0.0,753.4005364905706,1245.8006517523072,1377.4405301535453,774.1662208681653,1347.4290899403893,1104.3438017746441,1173.4348387171126,802.0450861378462,468.6018731984441,233.38551841039447,1553.085187560606,292.61416761529296,1261.7073262080794,746.972673261861,492.0684912704726,748.9923064412063,1532.9959477094758,1419.367512736498,1212.2362894736711,1288.7368931501328,292.29599562884,1898.5374411578623,1628.635439737456,1281.0071111804318,477.7369536816584,383.4797678930967,783.5422739522473,705.4115597142124,945.0210934703601,673.7457822785095,428.54050088020506,1257.3162291070644,966.5626235966681,1771.9161915422358,2413.351242928291,2238.9712134099127,1817.571912575293,3277.709620873262,3820.571390582373,3965.2906743934877,3792.675146628365,1570.0317300805532,3818.5531594924464,1838.9556816947204,2117.139319358759,2019.4668242188832,3462.184981469509,3306.821902655839,2947.336104533887,3355.9485739067677,2851.0125766944693,1921.871334092411,3172.5416036044785,2250.6836024429695,2404.6162555032615,1621.85835887233,4055.949808278757,1883.611467526463,3372.1805124910907,2816.845882516678,2696.7124859658848,3022.571216654805,2392.7108905771856,1898.2050989307477,3182.3833053235976,3208.7630338306,3413.56567003291,1897.033741375805,1809.377382875795,2054.178257652252,3598.238796933161,3723.8572179812563,2946.659278622047,2949.364899307921,3418.075166739526,2305.7932890455468,2115.154842554274,3816.489437721088,3780.362521643668,1861.8649637780466,2365.842706983257,2625.287682642509,3193.588210662269
121.10233941723786,1630.3108259135574,89.39129052427107,1298.6428429849766,431.3195263145379,386.2177310024591,1589.7406681207356,1230.8445443071491,661.241716912511,742.9128644139588,1284.4289369173673,192.66210144967118,1180.3554428876596,390.86081553039435,1591.5294317751436,506.0864679568836,753.4005364905706,0.0,1381.2960885073817,700.2663529750246,24.21420399621252,1167.910833420338,1455.3457358910982,700.255885679925,464.58332113104046,437.51275075472955,607.7178678691444,1339.3175605906729,1017.2717046650719,721.5885712641681,495.2458269368759,367.0380726894309,5.030308890193975,1058.408759933072,1182.1118333590823,1440.4377181609082,1650.6065528260826,863.0847827865755,1838.587124714531,1438.2444802864827,1325.3600263776907,1120.3815643394491,627.842251048259,1222.6506987074054,51.979274544745536,1150.3776273513197,1070.8826864916944,951.3041461043067,1190.7200143964453,1346.4187113737025,2071.485959028943,3097.5499303003644,2958.2729513170602,1804.7318239450915,2528.3047878794882,3215.0193705462616,3609.6526359944983,3584.194439589674,1799.8456897223066,3316.0516244991536,1913.970943482715,2374.228779481932,2769.115171454709,3734.357290258952,2583.947054364153,2213.3658143416715,3330.664017620866,3257.656662524631,2577.7003926036523,3677.897403814235,1981.1167755822275,3157.868543039356,2324.7718124323806,3541.952565804787,1797.890792957068,3236.633573988053,3409.2396085850146,3382.084415151555,3665.902942391724,1772.8847319598021,1970.4093995021735,3302.5531952074925,3438.3704125374443,3416.250136061647,1977.2589086620983,2171.515993322045,2241.932353870783,2944.4619078312185,3443.6158649230347,2252.315573189638,3612.0955999325984,3084.2336053005856,1854.6859717256345,2533.3390845982917,3954.645259732124,3371.9991106496,1801.3045920768845,3054.5987549346905,1955.3106898659776,3304.711829285499
79.88234093055897,270.2272949984699,1297.2271021513527,103.68112553597035,951.5515201760757,995.5279774336603,287.94744496331185,451.6873040162434,857.6084083442191,1289.9300190179124,337.3750931590169,1393.4587301054808,233.29740306372068,1176.881601198009,380.5598721530779,1447.2696132993347,1245.8006517523072,1381.2960885073817,0.0,1425.008396506831,1379.362299952186,540.7898017503442,392.20131217914803,1002.6605857485861,939.6255656452502,1018.7727763307772,1400.3875683715987,654.4230536437049,1160.1334694003408,1120.3164699898334,890.8018279837709,1473.8623084132737,1381.5125254128948,1087.7712404705378,648.2960671780501,167.51687141911626,469.74047058603287,973.0669658644357,701.5633311490313,655.1350875040499,159.69418300395984,977.4183201114097,921.5998745550539,595.0674190174227,1343.0140533946565,301.30634022456314,611.5913956588047,856.6702285584543,353.1098826895817,454.4234628698994,3013.4967356460115,2268.115069333389,2294.0828835190496,3020.974453938547,3480.1324049683203,3177.5672932973666,2905.544666905025,2610.5170497168037,2815.6074216096467,2969.119896460068,3067.382573818949,3360.9021219336405,2368.5906791598345,2353.098617547316,3090.2411360873875,3294.3580559487723,2111.240260998668,1928.8795568482817,2897.0038908688584,2430.1357391751894,3333.543698810099,2853.9241394865285,2513.9169799567167,3213.460074382193,3060.572749942503,2157.769048091968,2311.2026299489353,2528.7612281237703,2665.13677311388,3093.993371092827,3126.809032076878,1961.6475977413097,2059.279866648009,2167.8003017022315,3127.3630133164143,3038.403544360217,3299.4847845307427,3098.0436310853147,2597.838567137711,3453.5945479264014,2667.9959508391375,2357.4832572376504,3235.6763056585014,3317.4668890187327,2607.694237884911,2791.76576151233,3048.6968383399494,2246.4617216233455,3213.136895630674,1969.1364980664669
128.28659085985137,1599.5867435570124,718.595927866669,1322.1541939772362,721.0122569113914,747.3678446932963,1518.5121666543623,1496.8462176635983,1096.504031149961,155.05102547358078,1175.987858617944,889.9843952965944,1311.9665671756657,998.6177316599761,1464.192761097778,211.6348445561138,1377.4405301535453,700.2663529750246,1425.008396506831,0.0,676.1838999755147,975.2715299429897,1665.482975650309,422.3580977459906,650.803437039141,931.2337229949277,1284.4769377477703,1053.7292006519824,1588.1823069623952,309.75770036109816,727.3827763098836,1066.8251136105296,705.2405669136598,551.1757529320671,920.9865943719406,1550.446051323795,1833.9937468935402,1378.3880121263246,1605.1291794645044,1151.637490555806,1301.9760579738015,1616.3268027673344,1102.7899899086347,1554.0659473896394,728.3085970977165,1324.1125380441306,1414.808094088626,1412.4872608339565,1105.798023508191,1603.4672955147003,2742.232522351511,3510.39532092366,3431.6815208692824,2374.0284467342326,2082.4461377599127,2516.0079018843862,3021.2751579137703,3102.7379801463826,2459.5701550498547,2648.0778885892064,2516.718464674682,3027.6867111068996,3321.4750138658756,3670.3846702361643,1933.8556371001864,1870.1030511840859,3010.0766532760335,3345.6668264613086,3265.417849363153,3854.0484945803464,2375.189206232752,3745.2004611259213,2992.8946180183007,2867.4589502974254,2329.8890348258565,2825.3863027133193,3693.183051926724,3790.25711461683,4007.8230423397413,1769.8699738382436,2569.415945623596,3113.654323753883,3345.397545971292,3116.7041810239807,2579.3248399924373,2854.122182631245,2875.9134324489683,2246.474760981263,2911.3195433075703,2039.8846394238078,3982.0745079840704,2522.0305710354473,2086.3592168226883,3222.4637805022594,3757.2053922530213,2753.996146093854,2346.707582595451,3475.318332639813,1827.8855640801182,3107.4239597974015
120.31552413122732,1626.6613683250193,98.15999372602994,1295.595752545487,428.1392575654674,385.8214168096212,1584.5651402334731,1236.8102402815198,671.1233940326792,719.8876738481026,1276.7440230814786,216.77925010226258,1180.704928167159,408.67580774985294,1584.4717882846562,481.891549147086,774.1662208681653,24.21420399621252,1379.362299952186,676.1838999755147,0.0,1156.8754173971895,1459.9653823819808,682.1603964871116,456.91976116608913,447.7146791007259,631.0363129780549,1326.3339696169776,1036.015304236841,700.9402890047393,491.0129136839955,391.2346010277834,29.239821347428265,1038.4324956619168,1169.0930906735837,1441.18538635986,1654.8014071566126,878.5999969663047,1828.7557160995398,1425.6133210909138,1320.7794747209982,1135.9089173860216,639.5784108109606,1231.306052246122,69.24133879374958,1152.204031241302,1079.3813684360503,964.5762291641613,1183.303144951471,1352.4982480529522,2093.428255634871,3112.1579537928847,2975.0212762608126,1821.1694950083843,2509.3070992747466,3191.09956241301,3589.9825671295534,3568.1086231527097,1821.0788254840104,3293.5226011533114,1932.1861549932337,2395.27181420022,2788.6652789184513,3732.4315800740187,2560.344876494001,2196.7706362110544,3319.7905116198494,3260.702804208729,2601.766584757666,3684.3284478908927,1989.6687619384445,3178.770383010883,2348.2767125470273,3519.1888935407655,1812.4866950121373,3222.707793332867,3419.359020731732,3396.6586340104004,3678.225737218213,1765.7473172673276,1988.4696622779425,3296.0749827401096,3435.2573754981154,3406.1305038216215,1995.478766174093,2194.18492327284,2261.912394284472,2920.260264347974,3425.788605404398,2239.481932074026,3625.3982233365614,3065.2931223667283,1856.3169208172305,2556.451445604154,3948.269121233702,3351.2637107215287,1816.5567185731445,3069.471375964193,1944.5604365451595,3297.9516499082356
