0.0,122.20554722487638,149.74452870642392,137.33655776467333,58.979341059428606,149.38962606068628,108.57455320148084,57.18629975701919,111.2880860420868,109.37202739407813,107.2346053633188,67.02587343746345,56.381150684167054,141.3999674295859,85.65617494590995,107.3005434584267,95.81648017719627,68.60304403609554,140.72266584913916,67.45963026463723,91.69157954056014,70.35062385153093,96.61169870199201,75.83328792804815,94.87702700436301,99.36092943713948,119.03526421094463,120.45469528674924,109.00546927183942,123.16243659750377,118.0051270202948,79.79811626229227,51.512874543651535,99.32723504298065,124.78218190239616,112.8093290661679,100.68106728712772,136.92183172246405,131.74513753103759,120.4002873297838,137.4243508929205,61.86143001160144,75.54290732744278,127.99582424096266,107.2873031104686,82.21308015110496,91.06116555899307,108.82129956254003,100.7951451880413,97.5385647327554,402.04007721412484,436.74282641363567,444.3805643774671,350.87515683409777,389.1904247926519,389.7632718978339,447.0640296960041,355.76867079081035,367.3352926488076,387.45632235643825,428.4856739840068,427.9019928162211,433.88665381888256,373.9880973532032,379.4124687255813,352.6120120935955,362.8345011991603,435.05227701431016,402.2250505893037,377.79829067919195,365.0984954585172,405.93938852766854,396.454364459879,431.07349130652693,419.33823752385547,354.7332864249121,400.0419126994466,421.5350316687546,402.26444883330214,449.02573404908634,364.2608654424879,411.3459808557995,359.24235317736515,374.09087500370833,399.4952194959262,355.8493355157691,423.14450476233014,353.2446120276517,445.5327322195772,400.6869323843677,357.86211048536194,442.9605830481374,428.4717256945481,379.20783189156265,415.8836951568071,434.17904391245247,405.5367914093387,417.2915700308819,430.9622036816214,417.97493481022286
122.20554722487638,0.0,1900.596977619306,1813.5911724110294,746.0764534222154,1489.7468581882008,1532.0401791601503,1047.11817803902,1172.2070528801005,393.5704841496492,113.47808669229597,1321.2073954442012,1246.7296953250402,1482.765521503182,1421.8270217178858,1510.3208005007668,1260.2153288619236,1268.592618831187,1699.390671099781,477.40155194033025,234.97451042708755,1203.2789091027876,416.8110016261341,1155.3838963508135,558.7002057874196,1346.6269917747923,271.6450909308317,613.6359474475039,1344.8096807893246,1454.9756094850216,1461.2353701151615,436.3705573333682,1202.3183173286423,1517.280863018071,1527.8727003385184,406.9013039233232,1131.9446470172286,217.36433216440088,442.2053301067526,1371.5746228864803,1453.2509980304928,1024.4710109498892,1331.3878372307286,873.5282108273668,423.73020225470066,1102.1071521199065,1011.2202391605215,1588.530756358072,1519.8483062783464,375.1474694341468,3318.5109081149167,2249.7275069657812,3760.2090012926083,1771.8436843135798,3232.999827598678,2778.507918620725,2802.903195442503,1705.874479004248,2912.980537446968,2618.857649303994,3171.1828098449346,2149.524787355432,3877.8967970989297,1796.349021851307,3466.583428649841,3321.1752491848897,1783.9036104685724,3853.9595955386394,1975.26972638097,3499.861105461914,1738.3916104394239,2373.011773767057,3228.8527509794144,2266.3677760835935,3152.3959813308643,1627.9484428481578,2804.3763430057893,2975.8798855828877,2550.576247634368,3979.8048958762597,3357.4573205531924,3328.5106140820003,3214.806380678631,1763.3751077081404,2182.993516874574,2008.4283564726416,3050.847934450494,2444.923113473897,2309.6904973931814,3219.0228341548377,2234.8807970840726,3838.143196064373,3805.46193130776,2115.988385772255,3760.142670641103,3875.334446640906,3413.459164839063,3336.1772809712056,3180.492167386552,2525.7938530496403
149.74452870642392,1900.596977619306,0.0,87.00709235553204,1332.556356955342,1398.4306140149604,722.5815761588267,958.6920934471207,1359.412905170058,1784.568653051132,1792.669631295515,579.588221003094,676.4294062736691,1308.1530156895064,515.2709282506515,590.5020169883016,950.9456936859609,686.4751770542806,890.0654599081536,1501.9080121027382,1689.9856013885974,817.1123956074022,1647.7345706141098,1052.4214461377946,1640.41423533631,998.9547171508787,1837.5268888630121,1800.8331741637073,954.3173878085345,935.7650678550851,856.7195575409303,1545.8901106678077,738.8293865425051,571.1638828373422,1005.7974013278747,1755.4615048007006,1303.4063714471085,2004.2658602754032,1879.5292017089282,1210.6639820057553,1118.1411809157175,1108.714357320509,720.9605831035954,1629.8122559107671,1763.6053193592713,1175.0532542955623,1222.5808019332876,370.56616199245934,596.9443447095248,1709.1427648082206,2594.1243444134348,4093.7651417887528,2388.3441683845367,3353.8535197916026,2271.0966037302087,3121.5427418590034,3845.4784001664625,3464.7113381727636,2393.510531243711,3054.2345639363098,2997.0789118697608,4021.010405995624,2070.7457787747785,3660.86240428117,1797.5696344266294,1420.6106247988344,3557.501024317061,2176.783202865357,3863.0634833301247,1612.4544481028881,3597.4616832604825,3539.2279686329316,2403.135859372683,3953.44104289698,2881.507286885516,3524.768153843188,3023.8451740749692,3348.6441416043003,3324.4226703107033,2188.6070694957702,1566.3914789935282,2740.438848751805,1953.892190249548,3663.316360330753,3622.3662253817783,3225.3666582861906,3067.2041837472784,2974.3602186122216,4105.519311786185,2727.7041718037353,3217.238720645269,2406.3479934349093,2139.1636865822493,3424.700618632266,1863.5363063595114,2003.932271303032,2494.042802549162,2591.1766085800723,3251.526732530154,3711.0508308438502
137.33655776467333,1813.5911724110294,87.00709235553204,0.0,1249.9906530961339,1345.694233580091,669.6154347120772,876.995501263236,1292.0077976116615,1699.567434435952,1705.6710941832232,492.6188336718501,591.6941193594402,1255.675657486024,433.5316702076553,528.2029251198319,881.6431157253436,604.4442248587492,855.0422279438117,1416.0933313243838,1603.1631288197075,738.4348712253316,1562.247220615658,980.1647867302553,1557.141232447581,937.056161968021,1751.3652901663131,1718.872875147441,890.7540323214886,879.7970124846587,799.8376137928,1459.8251505496683,655.3164297289518,509.1523453358251,956.626464263044,1670.3363810157232,1233.9614425334062,1917.7429947436551,1794.9006038548278,1152.2764154673923,1063.5345248732738,1031.346396426325,647.8284763239601,1552.7830555930936,1678.8987983696602,1102.693302394341,1146.6290287525705,297.6400292812375,536.990151849411,1623.691691412045,2601.951332022143,4008.279067390148,2435.295107479189,3273.852487086083,2289.1910472376667,3081.578259266845,3783.52551509907,3380.720735751259,2386.4381370347764,3009.1662375279216,2978.44753319181,3934.6676037419743,2150.1446631040226,3574.742562718189,1864.6055683983404,1507.609410679875,3473.4954296771903,2246.0778695757253,3776.40239153983,1698.2900252588101,3511.454113080155,3471.4060373034044,2414.1146738769303,3871.728228896415,2866.617533364949,3437.8238165961725,2987.433888572721,3309.144097299564,3268.5658091350847,2266.9166797159864,1642.803007043776,2741.9203769137184,1989.9532531678303,3576.3166949621127,3546.767854976855,3154.6624078569025,3040.1775173262604,2925.7364667175193,4021.09134072056,2723.755771980395,3154.3097028067796,2458.4184447302073,2207.4731127261457,3352.1771224093773,1950.1492084237766,2088.3428216331104,2512.6404198327627,2599.262698983211,3224.3691146889696,3643.8781309034707
58.979341059428606,746.0764534222154,1332.556356955342,1249.9906530961339,0.0,788.9679394308733,814.4566247625428,808.7614712239347,474.2240966377574,477.85026225219804,678.5701703780982,792.7988891122417,662.4879713517294,763.2303413021804,965.1882830801663,1146.5343370700552,1080.7301464056145,875.7849635397112,957.4640591292888,270.8284855595842,514.220568906321,904.4855945214617,788.3620197307747,413.0111831200826,309.92750069216413,601.9345537486224,857.5307340730021,469.7058065817879,1173.875961572069,1274.4728523237425,1238.8105978652056,679.7269154076291,595.2638456929252,840.8921447635192,781.8849335242153,884.5814091922268,415.4338508414193,751.9564128812303,1005.1262934090971,637.4649957547327,1367.1118918499988,285.904196271452,651.157889240294,1161.283608586842,450.5983810189493,357.73567309762535,1002.9617125123436,1113.1348273624806,834.6813455969343,421.7329469805093,2623.292975182168,2776.620682635191,3510.7092055373546,2498.3419440016332,3137.184828036113,2356.132679472663,2716.6195311291995,2451.9487754099214,2973.2380130561355,3019.849021983733,3376.3712397063473,2866.29159634189,3184.05625836122,2358.0372723140554,2743.487571375205,2723.0602487794567,2227.6278649824035,3128.0511392380004,2580.048274616202,2861.6954748677895,2291.9631979342325,3007.462413684211,3186.9348942955453,3010.6813254804215,3320.429256853531,2317.0485337386745,3136.729407873266,2574.6879798584623,3066.598497408346,3279.2311743520436,2884.3638140151124,2657.5812277240725,2469.0910477188136,2436.8793102035565,2885.7404762136957,2646.3463960590257,3320.9491544631346,2082.532374611186,3051.90393829322,2564.2332561208623,2092.30456408912,3092.530213739038,3078.2698149244043,2783.9293592860877,3178.4835606260863,3335.0334826830626,2693.1123087473406,3330.9061760313093,2677.4646385321407,2515.8594247923816
149.38962606068628,1489.7468581882008,1398.4306140149604,1345.694233580091,788.9679394308733,0.0,676.3951319865755,1406.4771350576686,319.6281567544461,1128.8454076375954,1444.095891475726,1114.9700438457637,971.0518353382134,90.31496154980331,1310.7461154074317,1541.557135805511,1647.2872800536875,1324.3481764915182,562.7044224678111,1044.8209434366509,1275.1064629134883,1428.0999106100342,1576.614982656268,525.2801780360711,939.045785622019,435.3099765767358,1640.116531157488,965.816977468542,1727.226053363567,1802.1035674373215,1740.995696326902,1465.70297572388,910.2101043782368,841.4260164888826,395.40552807349854,1673.5201196118035,373.63497994373347,1425.7547589483804,1792.9988812250444,218.87642638876977,1944.8917894928177,613.4560133422659,764.9670764354302,1919.2479259495483,1095.1208554533273,473.1320309841033,1680.4953766492074,1385.9286598548379,811.3695165733154,1118.8904277078493,1836.8782484767053,3166.520669720015,3780.27508205335,3261.3795032095704,3568.1692147236877,1766.4952815927948,2463.9253928508206,3170.1111866013784,3530.436908743447,3757.1203754252047,4013.493839331331,3494.1488347310124,2766.9285248043675,2808.859735018246,2243.7123073313983,2550.3037913790686,2568.5916390433395,2604.54200604982,3066.1736110817837,2597.5757841489244,2738.5297761360866,3796.4285964563023,3660.339205751389,3742.933177194429,3936.7878311745258,2915.995627436363,3843.961993501386,1994.4362144786708,3839.332082734588,2839.236459014141,2910.841044983842,1868.9200920109142,1792.6718814008314,3011.216450445015,3663.395704661662,3435.189061412839,3994.805832335001,1582.5609025666713,3738.425927125156,1778.7637879995775,1843.4505575067483,2442.8192944743937,2550.689044960712,3570.444338715178,3011.645992692408,3232.9107697547142,1924.1093623673084,3827.7959559217925,1993.1990256892714,2362.962497936248
108.57455320148084,1532.0401791601503,722.5815761588267,669.6154347120772,814.4566247625428,676.3951319865755,0.0,971.0040494027622,667.9200356424495,1290.6778732374244,1444.88662188416,547.0580903551751,451.2772282368494,586.2476600439292,713.3911449057706,940.7504197317661,1146.1839211751237,787.8202059211101,257.0162169002166,1061.6886576473507,1297.6500704481762,925.95139244188,1432.4538655593028,420.4932563555695,1109.9022728978991,294.39029444380424,1572.3698410781526,1234.6447576938554,1206.658556227154,1255.6771957151059,1182.9427642836674,1313.4093692727843,432.33911583112837,177.79134728810746,288.823364447212,1545.1479199990063,626.0866269713491,1564.7579274606758,1677.5876524841553,491.23694774373627,1423.8470468935507,531.3673454385364,236.14717253222693,1623.7460028973526,1261.9289319560642,529.5915026558793,1283.1242202888984,745.8287484726862,145.323008535591,1235.9023184267048,2139.4916271996485,3562.234910551643,3104.8176504253684,3212.2204744367664,2922.4309042980553,2420.220837424302,3127.093479764507,3222.2353707768266,2941.810556272079,3346.743726758773,3476.043835957824,3674.4806981430684,2370.2407943314,3157.3593166594474,1935.1323102012175,1972.3080946414907,2992.7080473518317,2322.0330140102124,3387.359351633422,2075.8811494658294,3089.902025355488,3588.0959047606057,3028.8698877419533,3762.8091124342363,3383.20021883821,3130.5264720694913,3385.0446243910947,2648.245776373272,3513.045740366482,2464.7888966052155,2257.786965382601,2239.2348044851055,1756.460764056214,3251.307472672862,3556.4526363877326,3242.0832491767105,3493.15929083231,2256.3545695509633,3838.5592037666315,2192.034211841381,2500.774393641005,2341.9077448884564,2273.4286758982453,3410.8704938613537,2434.738209345845,2626.61316441356,2122.8257589995874,3204.5467913916837,2592.044587740896,3003.962107590811
57.18629975701919,1047.11817803902,958.6920934471207,876.995501263236,808.7614712239347,1406.4771350576686,971.0040494027622,0.0,1164.9906677394206,1085.3425346126494,933.6424305201209,464.6376888849526,519.9754974433857,1340.2431252733313,443.5576378917766,467.1941472300641,272.13270532869944,272.5737021134366,1224.659287952353,801.4273519876766,888.2148860493529,159.33170189894201,715.3319054698227,881.1987763982963,1026.086505611843,1009.9471588234778,917.556153537179,1205.873683943165,365.78822447676066,469.83557990126496,446.1136990503613,631.9316207774496,545.7444764422014,841.2547288167096,1165.344856594456,814.9512376323753,1089.7532597511333,1206.9613503998264,931.8180762891925,1192.736264347299,561.8501956937522,809.5009191626816,742.9205337770251,692.2297382654077,1079.0674188283595,951.1757722215971,313.643539206716,597.1845291372499,864.6895757165154,997.9920427225011,3102.4061607066305,3296.688498120032,2760.5052170662534,2397.881545929793,2334.5668722161654,3121.301626835358,3521.286266701843,2509.6869186093295,2171.432913020521,2385.291007442987,2612.2067843368145,3090.6144389363017,3026.507302550258,2843.149386760264,2713.325057851678,2344.4491298586236,2815.6280541213264,3100.1797807667203,3014.8838443335703,2562.809799685611,2785.4887074362687,2652.186766304346,2378.810606215572,2994.8343442451874,2543.001766276215,2623.367250493907,2446.372364116953,3344.870838506449,2542.846414918359,3142.1514550206048,2315.505838637844,3188.0219034679367,2696.213439364486,2770.6864942361,2683.8894454045876,2318.832219966247,2588.394804138353,2871.4170754564225,3152.310460058776,3126.355758886052,2899.403593850812,3239.6929106992034,3058.552334987109,2504.830014553121,2763.2842456784742,2852.62266700574,3093.829690511087,2522.2012076064393,3394.559668152873,3308.4403778664423
111.2880860420868,1172.2070528801005,1359.412905170058,1292.0077976116615,474.2240966377574,319.6281567544461,667.9200356424495,1164.9906677394206,0.0,820.138584376987,1124.6592951322245,957.6425995685256,806.007807813673,313.5888989643327,1156.4506681519065,1377.8003989195795,1422.5925598521249,1132.6367296280946,676.9939555698478,725.515336150783,955.696790006785,1213.3683629278667,1262.4455518826749,328.0164235685468,627.2890960863464,373.54589843427794,1320.8631301463397,677.5018265740752,1508.966667566335,1594.8531133769784,1542.1440320131678,1153.7597897099647,735.6103195355455,789.9260016079165,473.415797484799,1357.172382074496,75.34008699015743,1118.268804457605,1475.1548634143164,237.18044902097552,1720.8031325574407,356.78719903660124,650.3353430720417,1623.0057988102944,786.520964650631,220.83183077384376,1415.3357796162427,1263.0717701128647,766.9855738907623,803.9586173579387,2156.298436719256,2954.351346487546,3694.2507414482493,2943.1532785216173,3415.3340289497132,1957.7241301782938,2497.9212053251367,2860.381274148511,3325.451538526433,3473.596475184257,3775.879768683842,3208.3563650456053,2953.045469265028,2574.1552867453042,2459.9461790365995,2634.646357286288,2368.4537761425117,2832.622583091388,2821.7135176916922,2719.916098845673,2504.6941302920113,3479.900447781323,3490.5203649944488,3430.6012028815417,3707.98693662311,2636.6599471778095,3574.7825835724443,2182.3989638798957,3536.989850031074,3035.017405562615,2917.3723979535744,2184.6769736863644,2077.519775187569,2739.401205037795,3343.806955659417,3118.079486540719,3740.980552623916,1724.240287361344,3437.0825158195785,2090.0554765766383,1867.088190180806,2719.8003237636544,2780.1196562765294,3251.5725893776225,3097.6710425497627,3294.2348464124234,2241.3462831124725,3648.929684426462,2238.1389289635167,2351.956060133585
109.37202739407813,393.5704841496492,1784.568653051132,1699.567434435952,477.85026225219804,1128.8454076375954,1290.6778732374244,1085.3425346126494,820.138584376987,0.0,399.1024818718738,1219.1879262760026,1108.1482019390342,1133.6671896659832,1364.8858998583257,1507.6068988152651,1341.9596099433663,1240.7155798758945,1416.247869649504,293.8110447309436,271.0822094870281,1221.4340429259546,681.8981998956457,879.5303744535564,194.54235266665356,1058.9682676663044,625.79742215042,223.08609869741002,1434.8421663053987,1544.760997029094,1530.3357941450518,630.1903554568345,1047.818881849852,1316.9387305711643,1227.7560531509678,726.4816630891909,793.0116221973063,298.16162930916397,802.8337109168815,1039.2089595149932,1588.7587631999854,759.5369027544901,1126.653127908353,1149.4357831775133,33.72559377316879,798.3326426802049,1160.6623853326103,1525.4326675499583,1311.771456326463,87.43446007133514,2941.835244170393,2310.1540105960257,3845.755866867199,2147.8506368829135,3391.773575426094,2399.032767710838,2519.4682390238654,2041.4427681314414,3139.193038923361,2967.7286907083103,3457.1395671105397,2405.4590715639815,3660.8948993868416,1884.4764371557212,3212.6556650063,3190.054721077957,1777.4646024578424,3595.155982043535,2102.872861886051,3336.523194985182,1819.2523865354667,2766.455083062599,3412.5146299539724,2614.341763436823,3424.0776037287715,1846.9692349881025,3132.932355481963,2601.021951586576,2928.529246843137,3755.0436488639166,3313.014060506501,2944.1488543256364,2892.9933938818335,1962.8621179708737,2569.3231429638454,2401.846209654353,3359.6823212636455,2075.0114241359197,2618.1030730701045,2831.4180394540435,1924.6614254198105,3529.3173936478825,3544.632348056874,2508.7565516589093,3642.3423845229104,3787.736214922507,3050.049308921097,3536.9641352762087,2791.0580301996265,2270.6664342214153
107.2346053633188,113.47808669229597,1792.669631295515,1705.6710941832232,678.5701703780982,1444.095891475726,1444.88662188416,933.6424305201209,1124.6592951322245,399.1024818718738,0.0,1213.7947132232307,1143.9152371014352,1430.8247455583892,1310.5377852938318,1396.9529849768014,1148.2032480034513,1156.1966314825984,1621.6894421743718,407.911785210826,169.00098774899152,1089.8314624212198,323.56658225964196,1080.4132572237431,534.5450157459154,1272.8321121179192,226.69720986379596,621.7207392026115,1233.4542825205858,1343.8353189816266,1348.965408109014,327.5015669177648,1102.040878982226,1422.074917782321,1456.3788159503654,337.7170482669524,1078.8178445126775,306.3213537367219,403.78922893621467,1313.0066812394084,1346.0883351972502,948.6078258447551,1238.283520548807,791.9166347156672,423.96956322431714,1036.2952583195988,903.8155753033807,1477.2419022708027,1426.0234043792989,356.34588773928414,3279.013805699686,2363.1661069501183,3650.7676392262156,1821.702404808943,3131.4852258471647,2798.1342389324595,2870.460522475191,1781.313023924045,2823.7097000894746,2574.7017012934325,3098.9399135187023,2247.3272025554757,3780.525144298198,1909.793927553787,3376.962478823019,3212.97148750775,1894.7568725234055,3765.0648457531115,2087.6663412101257,3394.936833418431,1851.8694905517239,2383.3865652785944,3131.3233715909228,2334.173259228983,3075.494012375957,1733.1341660306284,2749.217243280862,2999.7754837022344,2529.5565594075047,3883.7466510632566,3244.3219253507955,3296.8833421672393,3145.3710673311903,1870.6477669365506,2219.588012375565,2018.950216921254,2987.0607573117427,2472.6796667993267,2393.6738569337235,3191.888360279037,2292.5565531913626,3763.299102284641,3717.086734969662,2137.5340077867295,3650.5684184830707,3763.7246605851365,3363.9484921313747,3241.891103674802,3187.1216389309716,2601.133945030216
67.02587343746345,1321.2073954442012,579.588221003094,492.6188336718501,792.7988891122417,1114.9700438457637,547.0580903551751,464.6376888849526,957.6425995685256,1219.1879262760026,1213.7947132232307,0.0,151.71382165010888,1033.787446394834,199.19675932109172,427.0383707682955,601.2595899117482,241.5854661957045,803.5197308688008,930.7117666385025,1110.9788511735312,385.5531530256509,1087.4908538983764,630.3381329324435,1090.3327301508905,681.2211358611992,1269.156559851647,1260.5527240210104,659.6035033365517,711.5974664548611,641.6471726429679,979.61511077397,223.48755444908733,392.12801124735745,793.1910054819574,1198.504088273588,887.1286694593598,1427.0354059090478,1326.9834271780671,897.2034988748059,877.006910351193,629.9515108856557,356.4837741590963,1154.3880874834954,1200.7032056358767,740.8595287335932,774.6848835176311,322.53345500751294,419.84040646411586,1140.34558732695,2684.1057096026143,3522.59042306552,2749.84469344602,2836.212854064167,2462.31776644902,2879.600979625281,3441.1765389961674,2913.6355453278543,2421.6148953900083,2806.3790606541875,2935.7179438586754,3448.962579897313,2603.4577394456096,3085.747552285206,2261.5946390573463,2000.164559208983,2996.5774766833456,2650.03235732064,3284.745808830151,2183.8825055403963,3023.0668798410807,3116.818880605495,2547.1363918801026,3420.4752411332443,2847.4093122092877,2946.6287997673676,2838.577170664728,3107.160144927234,2994.0871637786395,2714.470299195382,2096.6946060682785,2786.286824192506,2234.680279470813,3084.280261338111,3139.090781945807,2782.6546415333414,2947.103339166375,2673.0194189425356,3550.0572989409984,2738.0476393780145,2810.160115155493,2775.159390400731,2606.9798516950864,2966.516224761415,2442.0329735987116,2572.3658587539835,2654.971320306892,2713.0173717984803,3096.783803019911,3270.1739572013958
56.381150684167054,1246.7296953250402,676.4294062736691,591.6941193594402,662.4879713517294,971.0518353382134,451.2772282368494,519.9754974433857,806.007807813673,1108.1482019390342,1143.9152371014352,151.71382165010888,0.0,891.9930890270916,350.4947388835574,575.3825632388532,705.9846173235273,358.38591723214586,706.258397149036,827.2069960616943,1026.2215225438636,482.85923296953285,1056.4360214066392,478.9534263770912,966.9887364482415,540.6901119384559,1224.3221086232918,1132.1853945806047,774.9240674995107,838.5226021310308,773.2455628407176,942.2578170527077,72.9344853117831,329.9247432199551,668.0694348908092,1169.582169739618,735.4149102921905,1334.0704169415524,1301.0533850088132,752.4513214954134,994.4455078043294,480.5463532030028,230.33185823710122,1185.87378083354,1087.2403450306795,589.185270911303,832.7856650198993,468.0247551082971,349.6231501839816,1033.196291919554,2587.5539265529324,3417.668522013929,2899.6386506644244,2827.4238919857085,2612.521506388727,2733.0369835730917,3290.5660954827763,2879.7282647377606,2560.499836878675,2897.771854958478,3061.8374446790735,3389.814242968713,2643.156533542448,2986.6239777885025,2271.8328135038523,2087.913664730657,2881.9663927346005,2661.352027654171,3193.100166544285,2254.171587338794,2922.7397870557947,3153.4912378758736,2695.0056020392904,3399.6998365675563,2977.599877926229,2874.540037954728,2943.5992420906086,2960.3552258710915,3062.6671294108637,2749.9061324027048,2221.921352208609,2680.4219991771197,2186.984500924243,3008.065094511332,3148.604427690192,2812.452087319113,3063.8815930735764,2522.851968494492,3510.673283585975,2625.8188704291324,2659.4584399290707,2748.7081558111786,2616.3445189373115,2988.7036499498017,2536.5988606220435,2680.030370850072,2573.9877468383693,2859.222304855443,2958.5316523784277,3122.06384916076
141.3999674295859,1482.765521503182,1308.1530156895064,1255.675657486024,763.2303413021804,90.31496154980331,586.2476600439292,1340.2431252733313,313.5888989643327,1133.6671896659832,1430.8247455583892,1033.787446394834,891.9930890270916,0.0,1228.2565404505324,1459.576761025689,1575.890417082501,1247.4893340874337,477.79060351769954,1026.5288629089787,1262.3361188634337,1355.28032604441,1545.8703319965605,461.75382822162504,940.8612692247615,352.595459138289,1619.9162752257655,984.2061783683685,1654.147672573818,1726.5570118305413,1664.0123382170934,1432.645056407385,833.2604212058359,752.1633232334002,305.39856578973195,1645.7726497743556,352.00833887518274,1431.7645934131297,1767.9882047664614,147.8823546780281,1872.5778702364246,561.8354978354081,681.2643426296655,1872.7309165513611,1100.031656372851,427.0162218413653,1620.5521818967452,1299.7703032641202,721.9039582046055,1116.7741757820418,1861.1187949735559,3218.193127703969,3690.464084286294,3251.8001105409085,3482.8295871466107,1851.2443970042416,2553.0310299111657,3173.8977288307437,3452.463967376405,3701.791467221797,3942.3184495987084,3516.2168606048913,2703.753611486813,2853.0759504195044,2188.772669208218,2467.9648042404015,2623.2169232970255,2553.93252079963,3107.0593349363053,2520.8089770170136,2782.9913496372715,3767.061940092635,3576.919517326954,3743.6407853898186,3863.5083439113882,2941.476989722927,3782.593809482862,2079.3193921437573,3794.8194115938904,2778.712572297414,2821.9425888031606,1904.0688703640349,1768.0212847335702,3040.5299576593816,3647.0580565795904,3407.1078222735323,3928.1664489367377,1671.7636358439122,3749.9784486244466,1820.4602785543484,1931.6646702273829,2413.750993576428,2500.5151087609192,3547.011150453802,2929.82451137731,3148.344811384897,1933.14480491025,3745.5075431564073,2067.671361200566,2449.095403834112
85.65617494590995,1421.8270217178858,515.2709282506515,433.5316702076553,965.1882830801663,1310.7461154074317,713.3911449057706,443.5576378917766,1156.4506681519065,1364.8858998583257,1310.5377852938318,199.19675932109172,350.4947388835574,1228.2565404505324,0.0,231.8515381779124,483.7607256891722,171.20667284542264,964.2627974041243,1071.7733811554376,1227.2566140696138,308.4958685580099,1139.5048996122302,829.4085056280614,1251.7191561831478,875.8528395563916,1334.2088089806289,1426.6059095768417,520.1497980778305,550.0246041916282,473.80425536479163,1042.5533462508902,421.1868466840866,542.945920240489,976.6635546301993,1245.1160169343416,1085.5532899604873,1548.8694603999127,1367.17001220823,1093.7811235458591,727.0760015573824,824.4068540103165,547.4649801152525,1123.1360322693881,1349.4520497479139,938.9519671455281,720.3905619247085,166.70883096616507,574.1846003266603,1282.3601795467034,2831.728957767721,3651.2895630498515,2557.958042504988,2840.497230250659,2263.3623686508445,3076.530958563956,3635.9839822136555,2950.4856911874795,2233.9835591623973,2678.690241405587,2763.096597395611,3517.182795702727,2583.510892868405,3207.530828289675,2283.040969621638,1914.8958177988652,3139.1584787787397,2667.8362111510833,3396.1953410070273,2123.281319737173,3146.582960222617,3060.2233980970614,2349.8729516072326,3438.3904134809363,2669.859951548296,3033.2516458404007,2693.0050376396102,3304.2384644503622,2895.8599661769963,2699.7969360968677,1951.1191261058516,2943.781872606753,2328.327431347452,3175.896637948368,3118.1506170784783,2736.40038123111,2786.215125301168,2872.0640242781365,3592.0420968057783,2902.3696639848085,3005.2403390979784,2840.502755926003,2627.554115584311,2929.5417156862272,2343.9625514467944,2453.6136032729173,2785.377175703909,2517.268277034327,3286.703105569071,3460.3177073316065
107.3005434584267,1510.3208005007668,590.5020169883016,528.2029251198319,1146.5343370700552,1541.557135805511,940.7504197317661,467.1941472300641,1377.8003989195795,1507.6068988152651,1396.9529849768014,427.0383707682955,575.3825632388532,1459.576761025689,231.8515381779124,0.0,367.9510186270124,271.6086518140035,1188.0576442203317,1214.5987663153378,1338.0786525362932,308.2571303668611,1179.9407448800555,1052.8715094781992,1415.208017413889,1107.0417999657982,1383.5808560555163,1593.938819340527,363.81539408900153,355.8702183141141,275.4263130770001,1099.117077661069,643.2198643620659,767.1086057080018,1207.8479295612685,1275.8215393589742,1305.5445202629444,1660.1889910873012,1386.9818191730396,1324.0932106958157,540.056293651414,1036.9107398683695,779.1668158920236,1067.4357271092872,1496.0948093733582,1158.3323573225773,660.940829094968,240.90243489419433,799.0140865631728,1421.993274106649,3043.250326505986,3757.8699341787305,2364.175049887579,2799.6985130909015,2037.8660199776746,3306.6250095520245,3843.2960010354855,2946.9733099341597,2003.028783635652,2494.997760279349,2540.1559648567018,3548.4052410504396,2641.9914936492787,3306.5446871396102,2388.0322977647647,1900.656205571491,3265.6358541945456,2766.4934121006104,3481.340138459877,2137.9903667798953,3248.0518847398926,2949.6338870783734,2120.1444075684512,3410.332160074591,2443.7592151036297,3088.993708189675,2492.3074539653508,3534.1965667537247,2741.324097495055,2763.400048222916,1848.723515733809,3161.5113142823184,2500.080814025848,3237.1145652299197,3047.022413979364,2638.886052658943,2572.113826556596,3097.9582447123303,3591.5836977371446,3124.1508990483453,3213.6043153639607,2985.001552839001,2729.3067783323672,2841.3266028930743,2308.106923696575,2387.971068467362,2984.826447658656,2286.239333497725,3518.495777621101,3657.92013369056
95.81648017719627,1260.2153288619236,950.9456936859609,881.6431157253436,1080.7301464056145,1647.2872800536875,1146.1839211751237,272.13270532869944,1422.5925598521249,1341.9596099433663,1148.2032480034513,601.2595899117482,705.9846173235273,1575.890417082501,483.7607256891722,367.9510186270124,0.0,359.78032745342796,1403.1741775849557,1064.5843995534137,1127.0900739707197,223.3968110916216,884.6103149579466,1124.8129217567057,1293.7943074459683,1233.6653619698986,1090.3716445692141,1472.9066264332685,94.23269876487062,202.8058501043285,201.82220905779604,826.7326730245983,751.0238451261315,992.8627873823896,1373.3205175697344,966.7426100742305,1347.2648854257375,1437.533581226083,1064.7327284730472,1430.1151031878312,298.63210638753446,1065.8073790298151,936.2635776595266,704.0513794027651,1338.0936674560353,1205.0823327280561,305.1970376555802,584.1578275380682,1021.0250232510219,1254.576197284181,3285.0165203519746,3503.4831829724817,2511.4187971841893,2435.314792133326,2064.064002829376,3380.3020866716874,3793.125083992727,2596.562424467264,1905.119074915727,2206.039380399872,2366.4808286578345,3218.2379697373963,3009.7821187287364,3044.777998771928,2746.24704141601,2257.6711814787695,3042.378031561453,3127.1907294532143,3201.9410508013434,2502.4856746781775,2989.778545642267,2589.785521725667,2106.683090128568,3048.9307825815513,2290.356584103019,2781.022179370644,2239.2563659596462,3604.915553107031,2412.147788911594,3130.9071083589224,2149.688158820894,3384.114102730787,2811.4929478910904,2933.6470778274042,2679.0907638016697,2274.4526058954643,2359.114846822748,3137.066244440233,3241.469720370417,3331.5632692605436,3171.5107810468116,3321.963614547468,3088.9506746548464,2474.9621554609043,2654.2622253049285,2715.524180519131,3254.3881799756855,2250.508584190055,3640.1298467947154,3578.310345320523
68.60304403609554,1268.592618831187,686.4751770542806,604.4442248587492,875.7849635397112,1324.3481764915182,787.8202059211101,272.5737021134366,1132.6367296280946,1240.7155798758945,1156.1966314825984,241.5854661957045,358.38591723214586,1247.4893340874337,171.20667284542264,271.6086518140035,359.78032745342796,0.0,1044.6010025799476,947.0720690140823,1083.440940556666,150.48872259406008,972.0393747882446,815.0402583420179,1144.050894651974,897.8432784682069,1168.982713250993,1322.5460928582695,419.7203066354837,480.2074189219094,416.6567595324272,878.0591917205726,414.2922187066374,633.1156670772599,1024.792447054012,1076.3894821842803,1058.6827548805982,1406.1192724217117,1197.3382206547633,1105.4820848506665,638.4531238932137,782.8988661325104,585.6441913739367,957.0929653050591,1228.1091119572911,911.8143512589968,559.2250212318082,330.26535420989245,661.2524221692556,1155.8706317247454,2925.6670698222783,3508.0803889180324,2635.2067436808957,2670.1980936159403,2287.667253079797,3079.5136880192604,3579.1030915524143,2779.6384311848014,2206.2483283536467,2565.4780012323895,2703.6630496929483,3350.3047538175374,2754.0019998399816,3060.6889111565824,2446.750712768644,2081.6160773660918,3006.1473365890324,2832.627032841735,3243.822426670919,2293.5596949319065,3000.795527094846,2904.258643466881,2358.0200212908326,3267.3104067006725,2619.274266881083,2871.425513996378,2597.300788186698,3306.1174831441554,2760.692285977374,2869.8558065448237,2092.0010778705414,3026.8714070603473,2463.3948757411663,3015.6116309601225,2951.7125637331205,2576.5899098014697,2709.092107370044,2856.845176774871,3421.455765780839,2976.9897267415417,2950.38176763945,2989.965646948659,2791.681499392489,2766.9800355685525,2506.970646872683,2608.8361234715167,2895.226505562649,2516.7459284512624,3315.045070586518,3389.2949797707292
140.72266584913916,1699.390671099781,890.0654599081536,855.0422279438117,957.4640591292888,562.7044224678111,257.0162169002166,1224.659287952353,676.9939555698478,1416.247869649504,1621.6894421743718,803.5197308688008,706.258397149036,477.79060351769954,964.2627974041243,1188.0576442203317,1403.1741775849557,1044.6010025799476,0.0,1222.1494987743365,1464.8443703996534,1182.924740780906,1644.4725244610029,544.7033834274521,1225.4859446502921,357.5141473400599,1769.0468404835906,1322.8815999531284,1463.0437725899073,1510.028844992311,1436.2985002644605,1525.0550041344816,681.2598005639742,421.43731400276573,203.58239726536982,1755.4603072425246,662.2382246358692,1704.6589162602675,1886.858029001654,448.37917746974614,1679.7356651883197,674.9472650946562,482.8327697631764,1866.0243700176386,1384.9494207616408,618.5543748930709,1535.444400866558,981.0093043762207,390.0815524783331,1373.525161993593,1882.5764150282612,3629.2345049106852,3275.4698795291,3417.4757979054357,3138.133267078794,2232.0436367199422,3021.3199198167704,3402.792562791135,3183.2902367442534,3603.276827001192,3727.0832684106226,3820.0391081829976,2278.0636428662465,3242.0048957499575,1800.2869760282106,1990.9875520273335,3045.262986276762,2180.231492669854,3483.479008973173,2053.1316073763096,3173.1093563970294,3824.903950975324,3253.3805395337304,3953.5863641382693,3631.8101233545262,3262.87729972462,3641.89648962911,2458.909280906738,3764.4600377943248,2362.639178522905,2355.399979265131,1983.0215197437183,1535.6565729728618,3375.7544426885265,3775.117540381252,3475.661354434905,3747.98858573744,2097.706996045876,4008.3752198756756,1938.2300601254951,2404.0927710092865,2142.184300451106,2129.2518769988606,3639.1197529929846,2453.2454853920253,2670.6154320489372,1870.664266263346,3432.876115468507,2371.672029258337,2925.652634255774
67.45963026463723,477.40155194033025,1501.9080121027382,1416.0933313243838,270.8284855595842,1044.8209434366509,1061.6886576473507,801.4273519876766,725.515336150783,293.8110447309436,407.911785210826,930.7117666385025,827.2069960616943,1026.5288629089787,1071.7733811554376,1214.5987663153378,1064.5843995534137,947.0720690140823,1222.1494987743365,0.0,243.8311564164833,932.004134383072,556.54116831861,677.9845483560517,240.50810636953364,869.3251260528311,595.3477957715713,412.6251848889623,1158.4330646594215,1266.9243559119425,1247.5396704673212,463.5323650154431,771.2657952059196,1062.8975214388229,1051.2083418883321,640.2521659016401,674.9981472334591,512.2190831908893,752.4360507924279,905.7627062362188,1324.9211122018817,547.2040766906742,873.3925867897048,980.7242745152873,281.57889462693174,628.5392700312377,912.8339726491216,1233.1672045345447,1061.8670186529653,210.67138581335217,2881.6982812685696,2592.561444449676,3559.0444809426617,2228.7944850439403,3124.68925960112,2514.1753546058485,2751.798169384183,2182.727419164413,2902.713018025492,2836.676211663465,3258.301447321659,2612.8580767603385,3421.9603698564597,2159.4469469119317,2996.5713703480997,2914.6702478196275,2068.3647716061287,3382.8678451961214,2367.6366992932526,3072.2354604193524,2095.7100695418308,2758.234171908817,3154.77332338775,2740.104950632769,3214.6552662987365,2073.567381308475,2975.640004505438,2726.1644144728916,2849.5425170084172,3520.6071485761113,3021.2185576186075,2907.9832389905587,2739.3992915065423,2199.427024853625,2620.5831059712827,2395.4344641674097,3180.987007732778,2215.446597267966,2786.381054149188,2808.945843953757,2141.7059870769835,3360.9186473386794,3333.805471128062,2526.2117118561714,3363.7689068388413,3502.4232861270584,2959.2006678347357,3286.2403669629484,2867.459099911096,2521.079074241148
91.69157954056014,234.97451042708755,1689.9856013885974,1603.1631288197075,514.220568906321,1275.1064629134883,1297.6500704481762,888.2148860493529,955.696790006785,271.0822094870281,169.00098774899152,1110.9788511735312,1026.2215225438636,1262.3361188634337,1227.2566140696138,1338.0786525362932,1127.0900739707197,1083.440940556666,1464.8443703996534,243.8311564164833,0.0,1037.13612448929,411.0831061943312,921.2539100612086,373.48470234610176,1112.9205592284707,380.9689392220087,483.52313648448535,1217.1759777412326,1328.1743507403012,1323.2039736391732,363.09753008176847,977.9695423407834,1286.8495910289196,1295.0328816909268,462.5537784673309,910.3645011708531,322.6946534664625,552.7522221821372,1145.8580289698052,1353.544791039759,790.0574845224936,1099.703588684975,878.624614458049,287.7599377858234,871.6115468519363,916.3214966926,1393.1094667188238,1288.4123411501514,206.5697389336648,3110.0826634049317,2425.012200697803,3638.5065649463827,1989.6683266044806,3153.516636017776,2656.574503024368,2785.8820165211537,1939.0440269644855,2879.823869875754,2701.168560958949,3187.3427859434164,2380.6526298182607,3648.1130237973757,1980.3426820664586,3232.532347505416,3109.661265128211,1928.636427468256,3619.6766146294685,2173.9973929864154,3280.2395257995245,1919.335471176108,2547.3967886043683,3165.6950422709415,2496.461959919355,3155.97610617002,1851.2437929998655,2862.718315748099,2861.686307460207,2676.6033798216095,3748.956938500514,3175.020861425261,3128.7966208175244,2983.1665928756106,1982.4536799636871,2388.5720844248926,2183.2341368361617,3088.608212188535,2338.9565063548785,2544.6301567147307,3024.7107043827,2194.567769338633,3604.5083293066004,3571.053250147905,2304.7716667262844,3553.01078912088,3677.956243158571,3195.3713334920676,3284.9433063553633,3035.34182162238,2530.4869387784147
