0.0,27.57646045448636,62.74771094213116,38.48970722709644,38.92268143068149,54.56436802210599,58.081793745071785,9.920455529047693,56.28765828284142,75.70487278069135,41.31469072806019,17.60560210034615,71.38360218674927,56.708111157064984,14.652675646513298,28.196023437034803,81.79579757043608,45.09255167756498,85.85908521047091,53.127886755991405,38.29174939099718,55.788285487496175,89.14568388701865,47.75950244651857,60.72291925938293,375.3499609561217,386.3876172530157,372.75057944191985,371.0523811013032,346.6807470285051,372.67446747459763,362.37823806770734,401.5446564984158,367.0172337841335,385.12195891456724,344.1264060208907,376.5227162262521,393.5650708413436,365.2831802181058,356.92508598167194,371.2974632476381,357.6648081387741,343.917216495183,363.1520960003967,397.8074054948664,375.59401157103656,384.7637335467644,364.3741277250004,359.25570617066546,371.26809694509143,291.27385744452624,275.7538376300431,263.5322895361231,214.10172308243637,281.7742802810602,258.1425571931994,269.75098566154173,256.27905038597663,255.7742315807154,240.95421874784844,274.891381631819,278.5722087004914,235.4758382001484,254.127002542745,280.312352839251,253.30691138748642,288.9590229012523,262.3772939230417,282.63821045826677,274.7872569203001,277.1413089304479,257.1723699878458,240.40472337557796,263.2368743949318,235.33442075993966,256.72821933973967,248.4003116317711,206.6283897728111,262.05478669624534,221.74658335227318,231.28481194853526,215.84940950904988,229.733252587077,220.3668643281656,205.56017870147403,217.6777947315755,218.56529940415007,228.4142429689614,213.38887011853055,221.1523439587823,214.4600448078298,220.98711580120013,203.504013385735,228.04673281848548,194.8074575736812,237.2035710723251,251.1924241028042,267.57287728767886,189.90623633621843,210.463897903457
27.57646045448636,0.0,35.221949714762886,12.79414709771668,11.94167083127557,28.799442617164893,42.51437760425997,32.422799514710945,42.10561377918304,51.99442787327387,13.739525574353529,11.423401282175828,44.03251119176648,42.91050437192527,18.88694941105902,13.71399655771788,54.26675388261588,19.366300219821614,59.58956503610208,26.71874396480646,33.80146954107012,46.436359283807874,61.825394015843756,20.188537601754874,43.49389060119731,365.7144924661566,373.0525926471426,362.9365279515485,358.8108523752445,336.9861024863186,359.9291227670537,349.8803284845164,388.3965258627083,354.8133381152325,372.9500270137823,332.5041233209694,365.23146821106917,380.55165076560735,353.2741778979621,342.96241567444486,359.00052741235226,344.88347573754663,331.34056164777115,350.2964792153024,385.8551575070461,361.15364140903836,369.6244715250162,350.18158139259,347.5383800262855,360.28561939964015,300.02267465054393,283.6338973829817,272.5995409594255,219.9615520483467,292.3539155010162,265.66185553380495,278.5798274558215,263.2246816896999,261.9135813274704,252.1199351952543,279.0435443662442,283.3926050183144,244.46520603604677,260.2340330938711,291.76348131812364,264.4629221835179,295.59515540616883,267.35202548127296,291.7537476343367,283.7935489951074,282.63733272163205,264.8318025525692,250.52256307858732,270.91686633004423,243.76789221311682,284.15894126278926,275.73616915653776,234.17903855915858,289.4680909281205,249.2065262237522,258.52796797579333,243.38874971057118,257.2894346898319,247.93652611674307,233.08215773802456,245.119659173843,246.02385971639228,255.9822924701994,240.71839744708453,248.7272430521379,242.03493975853345,248.51697629085692,231.03014590919372,255.30656513251844,222.35356326866497,264.36499883403906,278.5067557379249,295.1208686854691,217.48205324232003,238.0222105760517
62.74771094213116,35.221949714762886,0.0,25.496590095401178,25.086975107936283,19.586725953409307,42.36780741313288,67.27448899197837,49.354839550279976,29.599839193426998,21.589762649073247,46.21581911983161,13.021228112965389,50.36184957533834,52.914596261592045,41.2384904999522,19.04882477001773,23.07442554090594,27.778559882777532,13.291162302524151,55.91388352620957,58.41068677930736,26.883755498043172,15.32525869666352,45.145661786681906,358.94609018646526,361.07757074016814,355.9457238178847,348.48454559048054,330.382372210582,348.8843201934328,339.2638213992321,376.5836483912527,344.571308101967,362.6158836610821,323.2692483102667,356.1839845944672,368.98065351286493,343.31815821529057,330.31696986184517,348.5948603109628,333.9072258888347,320.7716236166066,339.170870988145,375.7385959204871,347.6831592958645,355.08679030985644,337.1488897887086,338.03827736348285,351.7053945362995,311.78876379239176,294.5219849429623,285.0741993305858,229.39905180440684,306.43665124532083,276.34273133549544,290.6895407641152,273.23834951770414,270.95709485131067,267.3941070162387,285.3837322829157,290.5067988192008,257.2428646004008,269.2628332752165,306.90946601555044,279.5635349409044,304.8097910788142,274.87862801494344,304.0590765515823,296.0568463638015,290.59993665217695,275.6954142781076,264.56507930761205,281.7223946258011,255.88650088378864,318.88135527895304,310.29447276327267,269.17474762724004,324.1566387795436,284.4279646979159,292.945807871195,278.35158608376616,292.2987299095015,283.1029011015939,268.2967448535388,279.8756652648838,280.8109322985055,291.03592222932946,275.90914094547645,283.87158199756317,277.17953497453215,283.4547676399423,266.2430967761199,289.7523697109512,257.5546407421924,298.6541054061193,313.0280477099122,330.1001788815776,252.6197033702261,273.2104800137292
38.48970722709644,12.79414709771668,25.496590095401178,0.0,12.304362305332146,26.547871599154654,32.3933497629846,44.59241423026202,48.36919258819932,39.200297901718045,8.857734914383977,24.008851779695377,36.5608902535997,49.29933923881852,31.609106147829582,24.875292504406968,44.19751622671043,19.349678215344206,47.45804557229799,14.638235580928749,44.51986534536669,54.54423679380839,50.94082961914425,13.160107939061444,47.874244169441695,370.15968321995643,375.6499815975706,367.30262947601807,361.99778401942336,341.4555609868583,362.8560894856789,352.952573249777,391.0680551054596,358.0264673575718,376.14836907434363,336.05213761095143,368.8826451514065,383.3055240875477,356.58862945009355,345.27872407890277,362.1589599622441,347.819226632439,334.40850754564264,353.1836616622573,389.1441313767642,363.1777487172333,371.24731165466744,352.36017336004545,351.00969982865644,364.0966298846947,296.5734147032551,279.82863524646547,269.38077954147315,215.4892624628822,289.7980487248607,261.7488145197911,275.23003369794515,259.05964258899235,257.3920352482998,249.98330926569878,273.6024101726789,278.22543741501437,241.31249847521818,255.70397904716543,289.63667654117853,262.27643548400795,291.191874979347,262.3008530889664,288.4993464353478,280.51103236215886,277.7660735318794,260.98565138239024,247.88250513664678,267.0597008348513,240.35797269396576,293.58140782718846,284.9235448372152,244.0960873414621,298.8387836068702,260.04575392873096,267.5327827893028,253.23521164331325,267.2293196027809,258.31616842234797,243.7398041928196,254.60137751145217,255.55504983014737,266.0239847187208,251.8138084955719,259.0260607323844,252.33679969356461,258.3127874436843,241.67255906007634,264.34759187296186,232.91058432157178,273.21026905444376,287.64377838883183,304.989048832409,227.76970072307375,248.5018999645931
38.92268143068149,11.94167083127557,25.086975107936283,12.304362305332146,0.0,17.02808931428317,44.48234992411659,42.43941226996347,36.08665104137926,47.06396697167453,4.95042984996182,21.629108346767975,32.46860356399553,37.02416119638244,27.912219943532364,16.54742721718383,43.82858575777869,7.985276599707601,51.51812879613704,20.232262569193807,34.213610637577155,42.55886778622653,51.9678613973256,9.845839194993175,35.654852347428736,358.13132832139075,364.1540632616474,355.2915192601595,350.3034373864417,329.4191328873235,351.24552564871624,341.2933444833535,379.54793073735914,346.3234493560356,364.45218717584163,324.24632594094334,357.0518001586726,371.7559377560635,344.85432862484845,333.88079751094864,350.473570675895,336.20369611610977,322.7479932278856,341.5850122380249,377.4214184856668,351.8945928471016,360.12872758701116,341.0154223027313,339.228019276614,352.22163538549245,308.2491657080946,291.6077349728216,280.9773952046795,227.43048241494682,301.16815624738956,273.55482747497115,286.87024825982206,270.9335641613757,269.3548088434513,261.18246885503,285.7534017349227,290.32873332870696,252.88008010891974,267.66844267887956,300.84229063263194,273.4988433190403,303.13200201813606,274.37958736490117,300.1116641996571,292.130809856224,289.81053797048565,272.7725793636833,259.2730158163017,278.8510661660828,252.00866940144124,295.650390585341,287.31197037745596,245.47612445626433,300.9774602325867,259.9323210018668,270.1643515608341,254.71544663143777,268.56694514024065,258.9781490601618,243.94958222376818,256.59919268837905,257.48397852630217,267.20944589101737,251.23633665920107,259.81662142031166,253.12537884057468,259.86495547032155,241.9092550812536,266.93294949386586,233.2951946327456,276.0449053755796,290.0982569444906,306.4215756880507,228.59248065792409,249.00602584953566
54.56436802210599,28.799442617164893,19.586725953409307,26.547871599154654,17.02808931428317,0.0,54.9701287906975,56.41878207356925,29.787419249135173,48.55151905483183,17.904026947194563,36.95926742603444,19.54093942631345,30.7968118289888,41.771620307285296,27.9453470033561,34.068437403107765,9.553233368165321,46.88009009112654,24.817343670768484,38.06339451092947,38.845133134485415,43.19760758170767,14.295938022531871,26.011259387735272,345.00331141558945,349.483302190835,342.0912003341461,336.086777265411,316.33805455690236,336.8258143876977,326.9912365730073,364.92492412053946,332.12987269842876,350.237116569495,310.3416229058798,343.2124872827313,357.1966284314211,330.743100878978,319.0232529346893,336.2342250655489,321.7985975371477,308.4534804938366,327.13990273669117,363.2721915247221,336.8314993201267,344.8069393716954,326.0600307545869,325.24894333143317,338.5225883218126,322.6605052468612,305.7771801942802,295.5641568868197,241.1673923970382,316.16513386790103,287.6607412000939,301.36448604872646,284.85327010633296,282.99770520448374,276.4444029739532,298.5892428405322,303.4049666231899,267.5321007113945,281.3064419779988,316.09103314333777,288.72626906013835,316.8358075661116,287.57615559235984,314.66175313586825,306.66709170893984,303.14296974403226,286.9282007368985,274.24289649403676,292.9932203514817,266.49019700425777,310.7756220206693,302.639720378998,260.2078720293342,316.1417058086443,273.5300011961793,285.64889465163697,269.5021650050952,283.23962544783564,273.18052658243784,257.8317716519344,271.718731943195,272.5592526554842,281.7783654592424,264.46332391336705,274.11268485982185,267.4297396385303,274.69320823404854,255.81600697707304,282.39399207356115,247.33135473072372,291.63850143513866,305.46289607023647,321.11940660668046,242.96182312825175,263.10547531268236
58.081793745071785,42.51437760425997,42.36780741313288,32.3933497629846,44.48234992411659,54.9701287906975,0.0,67.13988859989682,80.48725358784577,27.712306261084194,40.166966689643026,50.97566926404048,55.20906575479614,81.44176762727474,58.26978708286341,56.11747998124995,53.47332313968675,50.44507796499794,44.75350029365462,30.75736835494247,76.19303317142251,86.93397365167547,55.15548242135438,40.92773885043884,79.27234273786048,399.8492740573228,403.160173300687,396.91332571954524,390.27805447072103,371.20441558209626,390.8121705859611,381.10693928568844,418.6503183674396,386.34511328261357,404.4207031417887,364.80509578899466,397.70463503222896,411.0070534643025,385.0321255698913,372.4731832681541,390.4040743175935,375.8127951941893,362.59122142662784,381.1063992784768,417.5085305033494,389.9360330065273,397.4190031177152,379.3534579262682,379.64859155558725,393.1078364855922,269.4426066204262,252.22206539202006,242.70671754115884,187.18930111920452,264.1092604614986,234.04958565321408,248.3277673057923,231.0055538022716,228.8452825462807,225.20671584962213,243.83652470948272,248.77918454834273,214.8785884533978,227.15143461483947,264.67216381070824,237.34256245005105,262.7035580938671,233.04080124199206,261.69502169743777,253.69265592441263,248.69359570706052,233.38802980225972,222.25513504941512,239.42242810035364,213.5200854980892,297.65843890847896,288.227079941346,250.44488545926828,302.6896889482068,269.9769697741931,270.34808668793386,259.22496317078975,273.4445547241455,266.3372909717543,253.04119798554106,259.23027328935876,260.3542326401147,272.6412315285814,262.9550206961839,266.716029701725,260.10033850990294,264.0633741494915,250.9302276124989,267.31844927024736,241.90341085907687,275.4245244655979,290.7478601116932,310.64031317513644,235.7323113549261,257.02020087872415
9.920455529047693,32.422799514710945,67.27448899197837,44.59241423026202,42.43941226996347,56.41878207356925,67.13988859989682,0.0,52.793047034458596,83.06657371690173,45.70797174386529,21.099347205751794,74.54310316420369,53.051967761410474,14.70177655636662,28.58234798333347,86.20569730811468,47.35833884553464,91.94072120636037,59.02711692235409,33.03682415437454,50.67382628628792,94.07800294908338,51.971081351658874,58.13930136256681,368.15919601479635,380.2648292389105,365.6092810735552,364.6024706242307,339.5309111739801,366.3776524474775,356.01456882806514,395.34987829281516,360.5596273295264,378.63879784255283,337.5178941779442,369.7874261354094,387.33413070485284,358.76856664469557,351.0345485918414,364.86413042437607,351.3934276030277,337.5964538994157,356.8985675941798,391.24824617541327,369.84584512641635,379.2495527576221,358.55289118608385,352.66012143030883,364.44914304236875,299.30396907733876,283.98890816698514,271.52363373917575,222.80850076316133,289.3811108051227,266.47297308319634,277.7879970309869,264.72582071276895,264.3739677902211,248.47080143287778,283.8106390746375,287.37946446249856,243.5254458902735,262.7345915972279,287.6954604455902,260.8059178496984,297.4301874747044,271.1743585891474,290.5951080496852,282.7782387975237,285.83394693213995,265.47542860197103,248.18429574150466,271.5281609394183,243.5059348407935,254.44554748225022,246.42627956035807,203.7906407297547,259.828314293825,217.55355014536582,229.57253374014894,213.08875717454808,226.8209233278312,216.85666246012974,201.66129525384903,215.3957789699278,216.21697788390324,225.36554630170315,208.80057634836436,217.75641090310486,211.07001595492554,218.28441485958905,199.63084816903535,226.29763882226172,191.07549564027022,235.67137200156822,249.27509475339286,264.7006331260387,186.58064774294144,206.82277175317358
56.28765828284142,42.10561377918304,49.354839550279976,48.36919258819932,36.08665104137926,29.787419249135173,80.48725358784577,52.793047034458596,0.0,78.15572526816611,40.331628361088576,42.28511692602765,46.17585903383219,1.013555671078699,41.741477930092344,30.615446698142257,61.54519236628531,30.386570835701736,76.1948409055728,52.89204356039689,20.87951680728404,9.854666495125818,70.76945205520761,40.81202116671429,7.364457835196291,323.65680437763785,331.85171986287384,320.89439551880315,317.2323505363095,294.9275638621397,318.50871006019423,308.37476206759027,347.1317056481917,313.2220495332347,331.35787760471277,290.74968924474086,323.4171234733851,339.23408569971014,311.6277855549393,302.00770188865096,317.4383621984368,303.467355464454,289.8497837023178,308.9085678993924,344.2075373213028,320.4334791107091,329.27823895597595,309.3362625406005,305.814027371888,318.4078323373654,341.97946230085824,325.6740282393668,314.499305410223,262.06714375869205,333.98461495780737,307.7228893218442,320.5161651542392,305.31533135481453,304.01918383793804,293.5720321608314,321.04142740901955,325.4465115225056,286.35779214816023,302.33959801834396,333.1731256912013,305.92957918452106,337.69827766532194,309.4215095859048,333.65698389277156,325.7083313082708,324.72832775224555,306.8826609419606,292.2205525880513,312.968303532112,285.73389387460725,302.12100129698433,294.78219739407973,250.54151899652936,307.599210779419,260.4701574831671,278.5104995672184,259.944950331664,273.2144030654278,261.78724284319077,245.64943655712312,263.2914610424379,263.96765349151326,271.4332508119298,250.53072288385076,262.9880184300809,256.3782410879241,265.23620380495805,243.71738658697743,275.18321042141207,235.66507156941398,284.9078630047509,297.73078652964307,310.9535969352959,232.30659162472344,251.48991035963945
75.70487278069135,51.99442787327387,29.599839193426998,39.200297901718045,47.06396697167453,48.55151905483183,27.712306261084194,83.06657371690173,78.15572526816611,0.0,42.15907958290911,63.09799394099316,39.053098384373236,79.16926926003347,70.75332884417695,63.0500758435127,30.81257424411972,49.070723522055246,17.578691841112505,26.84666406655448,81.17385218889987,86.69541249010413,29.463992299997198,38.61782867014445,74.49910941125145,386.0412049851129,386.076774420181,382.97181302676626,374.25575393992403,357.594416183758,374.3430253735994,364.93721115096173,401.6171168591248,370.3888891064993,388.3464717209733,349.5562273688788,382.45667181364985,394.1463963730127,369.2584667395157,355.09159027526914,374.3320525307897,359.44041097131065,346.5220218644346,364.62217386089327,401.5293490934287,371.9886245573597,378.8037565515811,361.71016781902796,364.1785224365639,378.1690382719376,289.3638496066016,271.68469370433365,263.24497241232984,206.24518716618925,285.4897866464946,253.5043729371128,268.5986125366744,250.04302548615792,247.2457331491324,247.54679535756227,260.2309469837084,265.69553768924675,235.82248896284784,245.55504388017502,286.672861944142,259.49317866713477,280.989459521536,250.35726496997862,282.00297980308983,274.0246306351176,266.2073555363019,252.9670988047881,243.9024094014861,258.91915934357615,234.06537192048344,323.93869413815486,314.6913699814363,275.9996659957441,329.03388878573725,294.26943427607546,296.9067378584428,284.90737933299357,299.0791076328823,291.35431721569563,277.5553845095813,285.3109488072748,286.3892356207476,298.14656642767795,286.72347130349647,291.8509347733018,285.1983280976788,289.8267397884611,275.4575203409793,293.8365598397686,266.51535847365574,302.1252399339823,317.2630535809803,336.49551232558895,260.71314563339604,281.8399600632292
41.31469072806019,13.739525574353529,21.589762649073247,8.857734914383977,4.95042984996182,17.904026947194563,40.166966689643026,45.70797174386529,40.331628361088576,42.15907958290911,0.0,24.630470454810578,30.505538484058103,41.29232442329863,31.475649345451345,21.14530945420085,40.599700857712385,10.56978437518545,47.17139756443702,15.362717322172882,39.16256819551149,47.18387114631319,48.37289577023635,6.453166358223758,39.32844664169864,361.38252983102143,366.7934942353673,358.51793109971845,353.1444603995902,332.68271296242153,353.9988354186862,344.09711933634094,382.2109031068065,349.17381895572214,367.29511809447064,327.21166504147396,360.04609481111237,374.4478790859111,347.7387882898084,336.42735418517486,353.30501013846833,338.96211802389416,325.55318831399825,344.32618799579916,380.293003530364,354.3371405866324,362.4291487645671,343.51320706480124,342.1655195620764,355.2690689378866,305.4302407824124,288.67861218197606,278.2383427527011,224.31124768364182,298.64123774616917,270.5958764792579,284.08766892298,267.8960377562692,266.20669884696736,258.80237247302847,282.3207331691496,286.97746330168155,250.1693533301365,264.51816592959483,298.4576994001959,271.0995145841834,300.01240133477575,271.06762761510646,297.3570655550257,289.36876703354886,286.54949710531645,269.834972670294,256.72727534039575,275.90846091125167,249.2155274714102,297.85555853421727,289.3985509344323,247.914877532811,303.1583177352544,262.87630885295107,272.1568285019409,257.12159297852304,271.0264979256488,261.66678062898114,246.78438118242602,258.82131150936016,259.7311811636665,269.7215406084719,254.3254916605124,262.46207841936723,255.76978331075006,262.2470941861762,244.73464221170045,268.94191736732523,236.06923507769704,277.9623876475723,292.16098555144447,308.8557982725256,231.21810358840352,251.7448971348196
17.60560210034615,11.423401282175828,46.21581911983161,24.008851779695377,21.629108346767975,36.95926742603444,50.97566926404048,21.099347205751794,42.28511692602765,63.09799394099316,24.630470454810578,0.0,54.051558903929596,42.89711793526042,7.688437168883313,11.885167456174074,65.19389957922455,27.492096183125152,71.01020051417737,38.140793760967874,28.56240356427164,44.18566214868145,72.98740864836059,30.947336705687313,45.50711095803647,365.0328201314323,374.08777665397315,362.3332626100083,359.31973455184715,336.3122259553235,360.6763169401421,350.5047017380904,389.34982595315563,355.3022431667947,373.43405535480343,332.70733220372006,365.30184923502947,381.43697934202567,353.6708790443832,344.2842402099695,359.5355461218816,345.6390207613659,331.9905457325564,351.090524406523,386.2431418837102,362.7185265178916,371.53862092338034,351.6194339773091,347.795557188589,360.21110362580794,300.5867078883807,284.5522371358119,272.9975650522906,221.63421364563604,292.11369516272003,266.7119030618437,279.0872818815306,264.5129527608,263.5363285942705,251.57551344868094,281.50184025162514,285.5842701578145,244.86028889645058,261.8679664664362,291.1360765912513,263.9380125445756,297.05006480524077,269.46143110262426,292.1516554795464,284.23031622119265,284.5511768002414,265.82158415837836,250.43711593534638,271.905437145629,244.40009221392833,274.1597971020007,265.8985064895994,223.88533982256277,279.5006050931606,238.35462293786216,248.82556546956388,233.1349176182931,246.96871921477606,237.3491410089121,222.3377938440626,235.10340599139897,235.97417902139463,245.59819392895147,229.73257623669448,238.1881703554889,231.4970139303523,238.29284122452694,220.29537141424672,245.58151879305345,211.6723069831681,254.76881449433876,268.7015603122471,284.82917272930354,206.96549119797572,227.37951035348226
71.38360218674927,44.03251119176648,13.021228112965389,36.5608902535997,32.46860356399553,19.54093942631345,55.20906575479614,74.54310316420369,46.17585903383219,39.053098384373236,30.505538484058103,54.051558903929596,0.0,47.11855584268574,59.854921784832854,46.65617328168484,15.369442701025188,27.37407322761759,31.281706971540302,26.130100135400266,57.442453789757494,55.902267291356225,24.601048922305463,24.167980348010804,40.480782619885375,347.3801802109032,348.71178285506977,344.3433377351338,336.3520830637457,318.8759414818095,336.64983781426395,327.09659667933073,364.22983810847916,332.45412643923174,350.47208998518965,311.32387385184575,344.2387798352463,356.6625015887787,331.2442304570631,317.8863965065153,336.4508247233036,321.6932865343876,308.62654521635835,326.93221689582214,363.61747866366863,335.1454385391581,342.43250088862334,324.66745917484093,326.037902455186,339.8384055691108,324.50872051208,307.1777686359513,297.8620998877673,241.9791599383331,319.3181898544035,288.9927609696699,303.4475789061647,285.8297992316623,283.45452147718123,280.34625066805665,297.55081172723425,302.7664674215269,270.06724531813353,281.76032640883216,319.84479199519666,292.50467924940926,317.2968726460738,287.20416006359426,316.8248621465526,308.8235443421892,302.96079551986077,288.3618931228437,277.4607895338244,294.3795241495728,268.66641367349047,328.1100764963038,319.7417571872644,277.9339049933722,333.43282645096934,292.07506826648313,302.5556909265076,287.1781731678775,301.0196978999469,291.33699290159456,276.20323575739707,289.06083258620583,289.9487753635929,299.64825215153485,283.2015584755697,292.1999891102543,285.510019784252,292.3303961980131,274.17144509036535,299.3317157672219,265.600205474564,308.3974749484661,322.5196957182953,338.8785418886785,260.98942042586265,281.3335872395345
56.708111157064984,42.91050437192527,50.36184957533834,49.29933923881852,37.02416119638244,30.7968118289888,81.44176762727474,53.051967761410474,1.013555671078699,79.16926926003347,41.29232442329863,42.89711793526042,47.11855584268574,0.0,42.19758486299744,31.279058026484304,62.487116564290126,31.375161578132825,77.18166482352335,53.896341477203315,20.89505751815032,9.010851311251031,71.70764977794312,41.811387805766714,7.946299840027766,322.88965582262364,331.2075451689486,320.132372054831,316.54850068403,294.16036796943035,317.8427362251883,307.6996747424914,346.4808745858161,312.53676260142004,330.67203464565983,290.0435557743841,322.701380187125,338.57822218585625,310.9356960906971,301.38712253999375,316.7564535305375,302.8023125868496,289.1769588855742,308.24635531746077,343.51455190834525,319.83180562669446,328.7049763186935,308.72474564571434,305.11175926708756,317.6818509491825,342.72911924032564,326.44164961367403,315.2398860728218,262.86884511736616,334.6907648561137,308.4966586966312,321.262556941095,306.10075092149566,304.8206237915546,294.2615757971727,321.8819761477879,326.27531184347146,287.09783848121225,303.1414962300114,333.85742125162005,306.62004505009486,338.4928781653711,310.2458029790853,334.3977816281274,326.4510876138041,325.5443130892101,307.65340319093815,292.93526647734205,313.73914935147707,286.48609007995196,301.96543870713697,294.656222520132,250.35947901632957,307.44678606300994,260.16190585516364,278.4129622923353,259.76478178081254,273.01467482111576,261.54003780040625,245.37668246949002,263.1511554184448,263.8213271749082,271.2222905530378,250.1919817453875,262.7503796827017,256.1446294939465,265.05854484902915,243.4481528548749,275.0837590642656,235.41365700430092,284.82352206877556,297.6087660653872,310.7424952097125,232.09307291498118,251.23671208579015
14.652675646513298,18.88694941105902,52.914596261592045,31.609106147829582,27.912219943532364,41.771620307285296,58.26978708286341,14.70177655636662,41.741477930092344,70.75332884417695,31.475649345451345,7.688437168883313,59.854921784832854,42.19758486299744,0.0,14.15553931723578,71.73988737816649,32.65914315267947,78.31578687010753,45.541920901530716,24.90413283928478,41.90056008223512,79.7850846476176,37.58971328069892,46.07034260639639,362.4153941071152,372.58174950365327,359.7672072434914,357.4745745605218,333.7156093018682,358.9870094541855,348.74029028537836,387.7820600146926,353.44622006252666,371.56518071060117,330.6781905930506,363.16763170875765,379.8280682255753,351.75543821334645,342.985598255298,357.7074001368384,343.96380356475834,330.25427297708296,349.4374979291819,384.30520273561416,361.5720190513934,370.6228659471903,350.39402078014496,345.7924163296128,357.98576875952176,303.53373077230407,287.72917982325544,275.86368373471015,225.3260071215314,294.56262920111135,269.9839749417849,282.0160324178327,267.9309061134582,267.1550923429836,253.86778683491272,285.5954515126736,289.52035014094247,247.75221086303887,265.4948455827195,293.33800630989106,266.2300705693706,300.5423720279395,273.3617999290681,295.0019026873758,287.1109875866301,288.3252220722191,269.05784457227077,253.0224882468067,275.1356098649485,247.43889047005052,269.0186757180162,260.9308806995563,218.4457298387661,274.3907906774926,232.22495790159007,244.00645523707158,227.73525636727842,241.48664760157192,231.55787669113755,216.35605649394458,229.9635546849588,230.79780034603976,240.0441917988799,223.4186061339434,232.4550525947708,225.7682675261239,232.92372097010323,214.32689619358814,240.74112350297568,205.77623212584072,250.0540678772712,263.7662188728273,279.36474866763695,201.27523166760588,221.524426883338
28.196023437034803,13.71399655771788,41.2384904999522,24.875292504406968,16.54742721718383,27.9453470033561,56.11747998124995,28.58234798333347,30.615446698142257,63.0500758435127,21.14530945420085,11.885167456174074,46.65617328168484,31.279058026484304,14.15553931723578,0.0,59.49078907623001,19.287381889961736,68.05355580514711,36.43788196217632,20.099343607796232,33.47597997681927,67.97847361533933,26.29335079468257,33.62288509558328,353.92291812278506,362.46532085818876,351.19381537461186,347.825064896972,325.1958311655571,349.12024664936365,338.9786991585927,377.7470257900381,343.8125591389632,361.9474543995624,321.2960582553799,353.93441947540066,369.8493589284517,342.20636480319234,332.5996498472169,348.03389922407814,334.0794287228966,320.45598378356226,339.52205451714303,374.7841994313766,350.99070816237395,359.75660542770123,339.9134688407652,336.37019820645895,348.8887813031299,311.6482189876164,295.4731097885671,284.1149482688131,232.21083644129087,303.44778556457453,277.5751908795858,290.16592100100235,275.27457552419105,274.14764391459283,262.992032753112,291.70030864846007,295.9231028588346,255.9723956883849,272.4737125432695,302.58285508390185,275.35144760179315,307.74470355004445,279.838740271947,303.2726943001694,295.3358517976937,295.02863700018395,276.7095182500795,261.71452664509354,282.79519067136863,255.4241694568518,283.02789085647515,274.9945033642166,232.3377732226779,288.4101908667298,245.62183632799386,258.1066341024332,241.64459912295118,255.35247550116142,245.2371002443218,229.89280694635403,243.97791582834716,244.79921927220042,253.8714571686313,236.6246699390968,246.17409136114347,239.49204147916421,246.84626258838946,227.87551835984155,254.83709832267417,219.38626035611202,264.17311469232067,277.8381033823729,293.23341567939775,215.0314468239139,235.1601512740608
81.79579757043608,54.26675388261588,19.04882477001773,44.19751622671043,43.82858575777869,34.068437403107765,53.47332313968675,86.20569730811468,61.54519236628531,30.81257424411972,40.599700857712385,65.19389957922455,15.369442701025188,62.487116564290126,71.73988737816649,59.49078907623001,0.0,40.492617550909394,17.868870664056935,30.468006920813565,72.11995213658977,71.2673687425917,9.245572868537385,34.24729018762649,55.779880039776906,356.20087623098686,355.4189863978749,353.08926508434445,343.7996972442097,327.84966070475514,343.79461107859584,334.4535910500565,370.96293030743027,339.9494107879667,357.87283247278486,319.3046667009792,352.1839468596435,363.52145625648603,338.86166465060705,324.3994789284782,343.86508085005255,328.9173002740203,316.06971732405816,334.07474609358457,371.0708205640611,341.22880828761464,347.9998280964901,330.9836647267248,333.85914854047866,347.98332651431616,320.0271608635961,302.40163684209085,293.79393153677296,236.9809133052636,315.8515613528729,284.2166253774654,299.19928487991854,280.79602706417666,278.04017379796767,277.5791253092868,291.0006378465574,296.4922702246666,266.27038275961536,276.34905043966376,316.8460274725489,289.6015884800571,311.7927736398688,281.1673328060586,312.6020741447636,304.6165873996131,297.0191884206746,283.6644055055531,274.16738088773445,289.628342290225,264.5987258397745,337.77001165071096,329.1207004897802,288.16633030893485,343.03172897316716,303.4684603343552,311.72004264674007,297.3314910522796,311.293709041349,302.14518682399813,287.34520010624306,298.7812832625173,299.72789454949714,310.0455826129358,294.92053821011126,302.90842479989516,296.21653189875934,302.4256653427893,285.2917457941419,308.5381846586891,276.6030926373356,317.3762244672871,331.8393635563863,349.08318607946,271.6552680733185,292.257216227234
45.09255167756498,19.366300219821614,23.07442554090594,19.349678215344206,7.985276599707601,9.553233368165321,50.44507796499794,47.35833884553464,30.386570835701736,49.070723522055246,10.56978437518545,27.492096183125152,27.37407322761759,31.375161578132825,32.65914315267947,19.287381889961736,40.492617550909394,0.0,50.745634829958256,22.78957669090862,32.95367486103563,38.006678937357165,49.22701089943631,10.61341244182718,28.853237189846144,350.82288875998853,356.4336899599309,347.9616041972842,342.69351722857687,322.12140750862915,343.58468803373535,333.6611082043277,371.8395757761445,338.71915384356083,356.8436393866692,316.71593174056784,349.5418530039464,364.06236113353555,337.2711931231141,326.11623276968703,342.85787385963204,328.5454443023867,315.11625051857,333.9173024503248,369.83067565517354,344.0866760785683,352.269706685213,333.22983958202406,331.67914069577233,344.7496620880603,315.8600950172424,299.1506172733479,288.63257947882755,234.83860581024138,308.9273061550416,281.07780561078596,294.50153943748717,278.4026421216103,276.7416574773541,268.99947029662127,292.89039335655383,297.54338039103897,260.54952640576875,275.05357306725125,308.6587484179648,281.30905835200855,310.54134687465745,281.6297876575335,307.7588545295778,299.77370416499343,297.10540312623,280.30953517684617,267.0226734317613,286.38491301957515,259.6329754031795,301.5137975015041,293.318984889392,251.06280081790695,306.868730570243,264.7812331272941,276.28445502124475,260.34068097221626,274.1162529429255,264.21417457168303,248.97626346907842,262.4554771050304,263.3092033429262,272.6888055780991,255.85253108944897,265.11410068023895,258.4273830885352,265.51916266659185,246.95131360926135,273.03556805321455,238.4190594454202,282.24625114863414,296.13208288582524,311.99143355584386,233.93357320700315,254.1735827918429
85.85908521047091,59.58956503610208,27.778559882777532,47.45804557229799,51.51812879613704,46.88009009112654,44.75350029365462,91.94072120636037,76.1948409055728,17.578691841112505,47.17139756443702,71.01020051417737,31.281706971540302,77.18166482352335,78.31578687010753,68.05355580514711,17.868870664056935,50.745634829958256,0.0,32.91432752688794,83.66518644433792,85.5877884320185,12.867266161123403,41.78489296986433,71.16450801117188,373.54019939034094,371.8889557819188,370.40452727346945,360.6163441006335,345.2466969448629,360.47664918023776,351.2354071713929,387.4371939188527,356.7885355457867,374.6623771921571,336.35342623530386,369.20431811887124,380.0600870377817,355.7533223772498,340.7937061902148,360.6671780999687,345.64320050927813,332.89904682176325,350.7610516085055,387.8776268820616,357.39306555332035,363.8811924706464,347.27488474723106,350.8374599247026,365.0835684870278,305.5108629202848,287.6960334486721,279.62431995444797,222.23323504827476,302.1103512171913,269.5385411295179,284.88530748290066,265.9390418681537,262.92170511230194,264.4728977952548,275.1254125248951,280.78257032409203,252.36141829336418,261.23528862139204,303.4756270796517,276.35820097652885,296.56802352621827,265.6282134408474,298.28702488506724,290.32516273760996,281.521993784711,269.0442156308341,260.6397159900154,274.9596954557513,250.48406047025193,338.34536532188486,329.30721438502826,289.7323420653317,343.50530550317643,306.8310953726735,311.64429683093334,298.7495441426803,312.8557847702059,304.5629742569297,290.34082596114644,299.5489050495313,300.5792586492737,311.8001220704381,298.8538942857953,305.16662051515294,298.4907222796964,303.7411523157911,288.25847701244817,308.5315713372088,279.4081242456781,317.0214629951288,331.9336010631065,350.44856085203634,273.94361254431317,294.8868646811835
53.127886755991405,26.71874396480646,13.291162302524151,14.638235580928749,20.232262569193807,24.817343670768484,30.75736835494247,59.02711692235409,52.89204356039689,26.84666406655448,15.362717322172882,38.140793760967874,26.130100135400266,53.896341477203315,45.541920901530716,36.43788196217632,30.468006920813565,22.78957669090862,32.91432752688794,0.0,54.33619183758973,60.79185843606521,36.55753713385324,12.177120709338151,50.34303412452623,369.17365991550975,372.48343942720203,366.225013392397,359.53012163340526,340.5432853221213,360.08598882419005,350.3655272570544,387.96595627776,355.5952657411019,373.6737314575172,334.04861006648287,366.9489224197593,380.3077706219031,354.2777794911018,341.837736676032,359.6579216467915,345.08242459956006,331.84708899594045,350.38234943216463,386.75778673285004,359.38002667464343,366.99095143609037,348.75237411100585,348.89123622001284,362.35904241845117,299.9098874506066,282.78786784265174,273.0458588521488,217.85399669050636,294.16208232118083,264.62755059644684,278.73012850819424,261.64662814163705,259.5542837233231,254.90746938874952,274.5780795610959,279.5354970916473,245.13288375234004,257.860747284953,294.47324611136634,267.11270147234313,293.4119342782538,263.7974306661761,292.07786412840824,284.07568880762966,279.4456659297113,263.94532212785015,252.25938844489798,269.99002081931644,243.88695334640047,307.7146223785034,298.9567356472983,258.43388998876065,312.9484776395572,274.62957230734713,281.48879845715953,267.5456192466791,281.56943418913437,272.7955074381404,258.2894238141549,268.77105922169,269.74447552295004,280.3990720159831,266.4346473757568,273.4825257808865,266.7952802708127,272.60341998992163,256.21911239740336,278.3216933406291,247.4389284903138,287.088192505876,301.653294381383,319.2959115929952,242.22885489472338,263.00909489601986
38.29174939099718,33.80146954107012,55.91388352620957,44.51986534536669,34.213610637577155,38.06339451092947,76.19303317142251,33.03682415437454,20.87951680728404,81.17385218889987,39.16256819551149,28.56240356427164,57.442453789757494,20.89505751815032,24.90413283928478,20.099343607796232,72.11995213658977,32.95367486103563,83.66518644433792,54.33619183758973,0.0,17.665207135158923,81.2048868212353,42.766379875006585,27.43746199236676,337.5209990971,348.09604227695826,334.87870528429295,332.80493521982555,308.82418304281913,334.39664472506973,324.11199440419904,363.25578757184627,328.7720615350743,346.88243002150307,305.9324594881878,338.3797320613779,355.2790972003244,327.05438159860887,318.6472451195585,333.0458675762887,319.38410583792535,305.64423367444783,324.8691096689134,359.590217410336,337.34280180168633,346.58309796723586,326.10751914459604,321.0550393021123,333.1694595889808,328.41881613071075,312.57097827618264,300.75715234712936,249.973248988514,319.457859406111,294.79963004144497,306.9027422477748,292.69938153046417,291.8413690728383,278.7466851271675,310.00308972289486,314.0351210738669,272.64197904809265,290.17723262961067,318.19892037651005,291.1081026138318,325.2851204190557,297.89775108040027,319.89735104582604,312.0033297118298,312.93519784061266,293.8833984338792,277.92604693778475,299.96319137438434,272.30725397564987,281.4826809587121,274.057277559156,230.00427884303227,286.95033494826725,240.61535797755707,257.7208259580753,239.39901137124025,252.7466992788718,241.55356235303756,225.5681652942411,242.60869582087724,243.3030997303346,251.0157916750437,230.90459338116088,242.70297756507813,236.07385978127596,244.6798905771613,223.61541421462474,254.3975297657512,215.46207680433704,264.0936303705288,276.99554985494916,290.5309541009984,211.90901592425635,231.29214736013577
