0.0,14.409883202896648,35.9199552602592,15.148512594072775,25.892209511421605,19.822349803102536,10.38771588885349,38.19508911249119,19.066727632947064,30.730764709279352,53.01162320304891,19.29176225905882,14.961849522231127,60.40490859153174,25.32453329041828,44.64350204736902,60.66615855409831,51.21200329376945,25.149471156459416,41.618932942236746,30.678180048422693,22.219994974133332,32.64249044810945,17.017775273026206,33.82839920644854,918.7529352423421,923.3217057140764,962.7533325396264,950.5153823404003,960.6255800398869,953.2393433919725,970.630120518284,941.3317620163448,934.2793557367289,958.8843550525049,939.9780592989711,961.1960487491972,999.1577771496127,954.4546190774964,961.1773172737637,978.6951934494283,957.4023036648967,975.4902460215493,994.3866737939283,908.7680178891812,907.680753140124,916.7358758194249,951.4966757745599,982.9291501338794,952.8231106762629,652.6214835201849,643.7988141844866,696.8042566175885,689.6371771145624,657.2726769480307,691.1822894051277,659.5914300871435,679.0699063758927,649.1372864225362,703.5064427877091,666.9955446322643,659.1830615545339,670.9672268216988,671.2587803697785,668.9048740619253,665.2111648023373,672.2427107888525,669.9150850794201,696.3985299125037,700.7052296413162,698.2489623505362,667.4537341601612,673.2152235413583,683.0225586924927,714.2955791497799,775.9644861209083,788.0917513347455,771.9449015660941,788.8057573559217,795.4395223014138,793.7201642949703,811.9792413571498,762.9685933833014,788.2072797933927,761.060586596771,787.887634868464,821.9543453933123,791.2238031993226,792.7240084213453,826.4176085543961,785.867581614791,786.3646584095828,776.9312120258095,779.3519057889056,768.6821867107656,744.5397983242049,792.9529977256858,799.1580325755658,784.7981767339926,768.6825482934546
14.409883202896648,0.0,28.615575204811055,28.76638158929287,18.003029503482544,13.648154073819684,4.022170476345438,28.16225711123968,19.83114907534698,29.97428134571183,38.820733119232855,6.500911283470902,26.919010105144274,57.662030923406455,30.210535651024102,35.78645526898495,47.581849854088354,43.164912925343835,19.84459041403261,28.121749787815993,19.380434868181126,19.757333162161206,18.970815269774366,9.327273240628951,21.139138574965763,907.3735561116223,912.1317944028322,951.2388004626359,939.1407580279263,949.296103742234,942.1217815448489,959.6500521042403,930.103294787208,923.1321545823581,947.3734614623921,928.6052974282406,949.7609999409237,987.8433235918545,943.3550097819119,949.9463997892876,967.4831885425081,946.6319505703633,964.3692277622746,983.3576638098822,897.7975735495751,896.4248616324069,905.51499231205,940.4369640236971,972.0251584432962,941.7325652922101,643.9084842210312,635.2618605488184,688.9989428287811,681.770783805576,648.6030246240206,683.092756209672,651.2692258410385,671.1086096764698,640.6614828055306,695.2407796784362,659.0960213486433,651.1312754911654,663.0233907563696,663.4929132639328,661.7626715051506,657.4443052595304,664.3240154818621,662.5639336171478,687.890737004165,692.459478786729,690.6999011969942,659.5263312368047,665.355289245952,675.4740165187744,705.9539156627676,761.5568840641217,773.7119921073803,757.535511656512,774.4153892874743,781.0846997248318,779.3105033029689,797.5763316147903,748.5604628773643,773.8186991432593,746.6828266871637,773.4811925254522,807.5457583552252,776.8615895014339,778.3246786866712,812.0563872377215,771.478864210746,771.9597174333254,762.5521240550617,764.9552932777443,754.311191312012,730.1399695418479,778.5673086499563,784.7551494952978,770.4145106948687,754.2872044358851
35.9199552602592,28.615575204811055,0.0,42.31177853955331,10.685721748545646,16.29963882914504,30.13993086195416,7.773144659789287,19.613049098855615,14.946108684335474,34.685191401180944,22.723516791905418,50.8763739014581,30.836166321448577,25.84060556619908,9.310766839937413,33.115129474167105,15.292098007932227,10.883406437981002,42.328468619576284,12.662716945245183,14.906032887194758,35.875373282998304,37.6129675408685,16.52551053070446,883.5755877830494,887.996447149395,927.6906839756374,915.3318951605787,925.4046309128214,917.8612318929066,935.1615906959431,906.0338045099087,898.92290868112,923.8186699637962,904.7937370728594,926.0629641112331,963.9225442574543,919.0641952227267,925.8800091655659,943.3828662601869,921.8156662414825,940.1133309627992,958.9477767510518,873.2966412966915,872.405647713249,881.4337987718443,916.0797851945239,947.4146286847897,917.4266537993432,616.763863401775,607.9782537494242,661.2252494308301,654.0329223933447,621.4235910284302,655.4942921059175,623.8278872876201,643.4281814654829,613.3317598966661,667.7611629014683,631.3772409923564,623.5072398345841,635.3318555196565,635.6953713913227,633.64967074095,629.6470875995088,636.6171036777315,634.5471833689068,660.5864180386737,664.9660035334315,662.7841125852948,631.8245596593131,637.6129412128859,647.5573486606951,678.5280830777986,752.4023904234389,763.2701582083259,748.6460688493722,764.3156111982953,770.0250200055799,770.7897788200371,788.0345163984535,739.4748873428516,763.6558788525022,736.2000519414363,764.2075820447485,798.4842697250007,765.9676523839873,768.5981293807776,801.1208731503461,761.3221763764678,762.5679111991846,752.0974555402971,755.1099087693431,743.6426711988732,720.4689813209205,768.3046641962126,775.2191292033359,760.0921991763697,744.3937088655779
15.148512594072775,28.76638158929287,42.31177853955331,0.0,34.42816425416579,28.75302305650521,24.874499959133857,46.84056752424002,22.706262780883844,31.825241906335002,65.97803564357753,32.25140128137513,18.072489496975365,59.98043558486364,21.65061870552847,51.61455332520523,71.63543815463684,56.8905048599205,31.824053869858847,56.601484204732635,41.17816447078705,27.424878196327963,47.53651637624622,32.11258002770895,45.323542626834985,925.4555028456249,929.7375087847608,969.6554056708142,957.2051900131019,967.2451269986583,959.5418035970778,976.7259814127406,947.8021639376624,940.6293393747901,965.7814441655524,946.6668259000903,967.9762950908745,1005.7484081247886,960.7301586923044,967.6479978507646,985.1345709820988,963.1940578453931,981.7940841319373,1000.5508404486193,914.8609683992431,914.1984909076825,923.1993146476018,957.7135108777754,988.9111905330483,959.0854632880049,655.7100671877862,646.6670275167141,698.7338998194117,691.6451823911475,660.3036945230132,693.4664406484154,662.1808253284144,681.1998917038302,651.9254273292296,706.0058811137006,669.0544818445994,661.434374305253,673.0791847095539,673.1510311567473,670.0409862576661,667.1074017268674,674.3229785930193,671.3023648134119,699.2065975236806,703.1808036042629,699.8639978756502,669.5469409631154,675.2224517908526,684.6435385219152,716.8863665603441,789.4197018592067,801.211715555728,785.4647528212483,802.0185995792374,808.3863137256335,807.3307922645635,825.3407464257149,776.4393282563894,801.4031377601524,774.1662472673186,801.3144977254385,835.4376446657536,804.2176286398883,806.0357540445583,839.4031179162396,799.0648315189379,799.7615721490611,790.0464190509284,792.6311179891541,781.7371504672659,757.8602945294522,806.1224110146275,812.519647508608,797.950486921162,781.9478865756599
25.892209511421605,18.003029503482544,10.685721748545646,34.42816425416579,0.0,6.096674992183842,19.46380935713206,12.556570695089697,13.066012866100415,15.966950222101515,34.52719289653562,12.435471018124646,40.81646118811223,40.18016413521801,22.833837898234503,18.800146141690345,37.48119017267159,25.706347634937632,4.475278955176127,35.841253142650466,7.998485521679057,8.680628399694212,28.096288526178256,27.135894195290284,13.090037105678084,892.9429227600592,897.4735710465642,936.9778387857839,924.703842450489,934.8037928963801,927.379725359233,944.7538578813336,915.4901649932881,908.4242742214947,933.1078829218939,914.1662203845758,935.3991000117195,973.332374823142,928.5924820463947,935.3359701070301,952.8503255917947,931.5122183057617,949.6309564145862,968.515457186626,882.8911499532453,881.8446055926936,890.8931667465798,925.6293593617346,957.0462762674119,926.9597585233091,627.1570740350787,618.4095271987577,671.7839775787979,664.5828722100177,631.8265434766962,666.0094356500803,634.3017821617226,653.9638372014847,623.775639649169,678.2457630118653,641.922263433888,634.0284793264757,645.8701818565164,646.2595874771525,644.2838343593785,640.2111650748838,647.159255713889,645.1614075449309,671.0242309551262,675.4541885461217,673.3762009767976,642.3653850263873,648.1638158694631,658.1495187838465,688.9986764147072,756.6319201981488,767.9677984102925,752.7787355841656,768.8896285850973,774.9467728680995,774.7916253625443,792.409620640977,743.6774300551203,768.2526253731903,740.9086082072105,768.4820829263274,802.6864779794208,770.829032475419,773.0375446166956,806.0018215100671,765.9163757073968,766.8850735756567,756.7981644924399,759.5904745486009,748.4194835770974,724.8810633514203,772.9381819796268,779.5903885712623,764.7461628285383,748.8901401099639
19.822349803102536,13.648154073819684,16.29963882914504,28.75302305650521,6.096674992183842,0.0,14.214653688684663,18.59869583958472,9.303960002860444,16.751856529309503,38.48319548992495,9.714393764554432,34.766822734202925,44.06082321500735,20.22817446069178,24.824966171542478,42.89230456665294,31.540771338615688,6.266594373000153,36.1251580722964,12.513777858604184,6.796627547667443,27.587604017172314,22.974174750033765,17.065701909091576,899.0395933166452,903.5686627952153,943.0739006815396,930.8005052784335,940.9003076111403,933.4734555823421,950.8439898138668,921.5857872388655,914.5186188385265,939.2039787673681,920.262881505988,941.4957015315587,979.4287901003877,934.6858210617115,941.4316077141953,958.945694889279,937.5944495811373,955.7247312451841,974.6069775780835,888.9811008975774,887.9405734923436,896.9887113716815,931.7217541609988,963.1338425355902,933.0528942763127,633.0385033824765,624.2650955208277,677.5199788957287,670.3295273132184,637.7016661241905,671.7939309199047,640.1241136615165,659.726816773253,629.6219030080714,684.0589011936669,647.6746940085893,639.806795726758,651.6302058113141,651.9886910441526,649.8968076302024,645.940453044039,652.9149707231437,650.8145976353826,676.875084676704,681.2641484831635,679.0662826503408,648.1226061046419,653.9093854371419,663.839503573508,694.8238144766569,761.4684422148948,772.9761461062986,757.5788534249006,773.8531719263952,780.0346303580491,779.5408679336821,797.299070318359,748.5043724895976,773.2244653331908,745.9219587103404,773.334974215364,807.5108037542647,775.8957297476602,777.9515670398542,811.0742087118729,770.8873817723713,771.7539816460385,761.8080521903186,764.5201981965827,753.4569740711303,729.7870597887468,777.9231834997681,784.4789154359007,769.7388811861309,753.8261356756952
10.38771588885349,4.022170476345438,30.13993086195416,24.874499959133857,19.46380935713206,14.214653688684663,0.0,30.609818689790323,18.521318154654686,29.482916297482436,42.766254588241026,9.618989374194562,23.30593242039758,58.07778395000875,28.19468162500615,37.91389261096794,51.160517719369174,45.089709658122096,20.456806263684207,31.810309528328535,22.17097379258126,19.423172425360413,22.696698055778995,10.092050977948807,24.488034763412166,910.5385630827266,915.2434194375999,954.4423083759267,942.3047157818157,952.4474231283162,945.2133014186494,962.7029903172157,933.2259638816425,926.2318464894695,950.5759112671203,931.7686354789276,952.9420858573744,990.9907355372725,946.4414813949479,953.0699427577094,970.6015570861639,949.6256714450149,967.4619275268641,986.4246089607916,900.8471731373779,899.5549352864386,908.6352847810125,943.5121627771331,975.0567788965051,944.8164668149604,646.3165803424556,637.6200198759288,691.1526406035407,683.9414576995648,650.9990428824806,685.326324118803,653.5673589514286,673.3056776288103,643.0025756409442,697.5243266214002,661.2752933309301,653.3531838444502,665.2152773126613,665.6346810677015,663.7287736971946,659.5861483343283,666.5088619466745,664.5888839321505,690.2422998212011,694.7373353276611,692.7815033797716,661.7134722905718,667.5236161547882,677.5549807450991,708.259176125846,765.5783304003361,777.7253618816878,761.5575047166723,778.4318139885448,785.0909206488682,783.3326325414312,801.5963944012141,752.5820680434882,777.8346082077602,750.6956175520708,777.5022935155331,811.5675024811469,780.8699257834131,782.3436975312599,816.0644470750344,775.4948124659445,775.9803750744873,766.5652992058579,768.9735227868973,758.322040751738,734.159130981473,782.5823850486213,788.7752040681884,774.4290037035579,758.3050656575915
38.19508911249119,28.16225711123968,7.773144659789287,46.84056752424002,12.556570695089697,18.59869583958472,30.609818689790323,0.0,24.687785647879245,22.382073230154845,26.934823810984366,21.71353565190201,53.003672199890985,36.26869435928044,32.576016594430534,8.12355052699038,26.056062087746422,15.777154430541042,15.210700124719608,36.47226011142831,9.062214060694037,19.88474830001975,31.108003421172526,36.32165012146728,10.73580873931647,880.5578800541232,885.1365629887232,924.5620437583061,912.3203728960389,922.4314954681118,915.0626190898079,932.4757292036786,903.1432712995006,896.0988517889214,920.6928506292855,901.7830628676227,923.0014115297485,960.9642830445787,916.280327250557,922.988698179132,940.508214402605,919.297115600394,937.3131860722284,956.2235696973704,870.6150038820964,869.4901525040357,878.547913779414,913.3282715128264,944.7906614498469,914.6500890895752,615.7706249952025,607.1089841710054,660.8558072703386,653.6227357059404,620.4608902181392,654.9327509532746,623.107681878831,642.9543429919446,612.5051268904521,667.0786296934456,630.945832505663,622.9727813960835,634.8702413337247,635.3538296195557,633.7210239404009,629.3052327239825,636.1724546714788,634.4815442775655,659.7365204180833,664.2972355381312,662.5856623354913,631.3742548919545,637.207955345763,647.3602306001503,677.7929328446587,745.5998637134816,756.6585353334938,741.8064796992392,757.6516867348714,763.5120942509656,763.9019757289093,781.2898283322287,732.6617087496649,757.0014538801606,729.5925785473194,757.4227429070914,791.6720972076872,759.4276187940646,761.878936894139,794.5901979187055,754.6666377808992,755.7997652120124,745.4869315921959,748.4071980586899,737.0649308613714,713.7377681135098,761.6658195654886,768.4726692615504,753.4618649312823,737.6972801528435
19.066727632947064,19.83114907534698,19.613049098855615,22.706262780883844,13.066012866100415,9.303960002860444,18.521318154654686,24.687785647879245,0.0,11.702842884198997,47.35374556450466,18.10254702230324,33.29969500096676,41.343452313596366,11.043216690172567,28.92176883561767,50.37234177960559,34.294830428487465,9.481576235114494,45.10642890276506,20.895872962641015,4.821481515292605,36.33612650573161,28.528170052123397,25.820159970051215,902.9227074471412,907.269203555817,947.0841306392871,934.6756107650249,944.7307458189348,937.1021472090289,954.3415336930497,925.3212158791888,918.177365106638,943.2110346696877,924.1372857167174,945.4283942516178,983.2410180867024,938.2974047021514,945.1673517296185,962.6616549038607,940.8985782868112,959.3545051628317,978.1481891623034,892.4759847602625,891.7059026660974,900.7195268170725,935.2959769883156,966.5592351075352,936.6560757768867,634.6037702140595,625.6885270836034,678.3535774767,671.2118426192952,639.230793014516,672.8519320758961,641.3719667109688,660.6850950224281,630.9949906543867,685.2553829338465,648.5859768723225,640.8392753375563,652.5758134829814,652.7946769258733,650.2224517460186,646.7480100963464,653.8406209123633,651.2997158397214,678.2670042107459,682.4451020220802,679.7004830780705,649.0557536393768,654.7887505002238,664.4750934635495,696.0796930116355,769.6830822951522,780.9745555360541,765.8353285294819,781.9111235206524,787.9212380615406,787.8536513762629,805.4504218708389,756.7301742015502,781.2715708363461,753.9137105698101,781.530349065243,815.7395079011679,783.8129011788742,786.0726412397386,818.9830247375148,778.9355913167542,779.930274198821,769.804428315628,772.6215973642159,761.4154617345937,737.9182780445276,785.9528936770588,792.6314307318398,777.7583471617884,761.9196228165406
30.730764709279352,29.97428134571183,14.946108684335474,31.825241906335002,15.966950222101515,16.751856529309503,29.482916297482436,22.382073230154845,11.702842884198997,0.0,48.66555013256111,26.424553314136947,44.64744170687995,29.686512406978075,11.78850217282564,23.191917557325578,48.05990617435111,26.427165119116857,11.724153225839828,51.75587555346802,23.17856906343261,10.21745042067353,43.74201788159968,39.149300853351285,28.212599995988068,894.0079224442316,898.1927849610147,938.2818296912225,925.751327002071,935.7658562761914,927.9617436035091,945.0892482395177,916.2738993836241,909.0640449636045,934.4060827682623,915.2131189603199,936.5553287669762,974.2574505599889,929.1423090056254,936.1189569893482,953.5948701882654,931.4888980458405,950.2135800524295,968.9309999279919,883.2256256287153,882.6872302836117,891.6699421717681,926.1093370419158,957.2464765832203,927.4939300294601,624.0436501836707,615.0519972721942,667.4215551073461,660.3025573099576,628.650334504836,662.0255564452114,630.6423450525077,649.811905661557,620.3312492985293,674.4964900012528,637.6916160670047,630.0028499492508,641.6972211450022,641.8517879752002,639.078332928346,635.8062335875404,642.9525936486012,640.2190100624531,667.6094309404431,671.6786135392664,668.6804665517247,638.1715639853116,643.8791860732189,653.4565597066858,685.3501451883305,767.2075767748258,777.9600059462985,763.4706492518112,779.0393915546875,784.6463339892811,785.6377063043213,802.8070122093897,754.2858794155512,778.3736278492456,750.8875884334731,779.0030312299859,813.2941574506939,780.6083730967226,783.3558503655285,815.7543406805376,776.0406705922189,777.3540902616484,766.7867541535395,769.8578775397056,758.3099994180603,735.2344472553885,783.0123140491903,789.9927954643665,774.7944327680962,759.1379956208144
53.01162320304891,38.820733119232855,34.685191401180944,65.97803564357753,34.52719289653562,38.48319548992495,42.766254588241026,26.934823810984366,47.35374556450466,48.66555013256111,0.0,33.899611015185116,65.370827511545,60.16126576071392,57.32297814704421,31.059012067332958,15.116535488211056,36.12754035144953,38.818040092421015,23.467113333024322,26.53544045974724,43.20319042408046,26.010672290910538,41.88355186144303,21.5338075360527,872.7771551614973,877.9240057607768,916.3562394760703,904.5451203255338,914.7899831856179,908.0550730676,925.8653067040531,895.8102813966537,889.0096013325405,912.4992037568001,894.0163628396909,915.0395729459478,953.3578793399954,909.3253001200368,915.6426087336288,933.2135418829617,913.2944622237794,930.2888268137627,949.4635103241864,864.0532344139908,862.0854783877874,871.2451212844193,906.4913632956228,938.3966028601783,907.7222310520565,615.4182358688903,607.2003629041117,662.6205055204838,655.2542985473907,620.2095167652401,656.0385360494812,623.6986145839575,644.3773723654665,612.7384100206021,667.7512540082488,632.5295182830683,624.2089594045281,636.3448135919532,637.243149470443,637.0334201048088,631.2004900582568,637.704262057198,637.322720531209,659.8341540070289,665.0206396504907,664.9387944112777,632.8920372866984,638.8758211079852,649.7343773677575,678.2714763108382,723.4438826470135,735.2854906199136,719.49732285758,736.0642573837345,742.5386716322422,741.3859388869349,759.3638084781144,710.4649968764962,735.4531622530278,708.2449523560801,735.3369694627952,769.4644455017744,738.3454217021139,740.0631520584927,773.5354799400557,733.1144644617275,733.7835438315471,724.1217882343519,726.6630752720877,715.8363234625776,691.8864806883107,740.1799811087685,746.5426779221984,732.013275947058,715.9821614807838
19.29176225905882,6.500911283470902,22.723516791905418,32.25140128137513,12.435471018124646,9.714393764554432,9.618989374194562,21.71353565190201,18.10254702230324,26.424553314136947,33.899611015185116,0.0,32.91750541342865,52.59549519119055,29.110503201734,29.442865585925382,41.581708815853275,36.90381856553212,15.222235394866956,27.107535557920784,12.880694479495666,16.491236906101996,18.23937464390513,14.920321476977962,14.869066988455305,900.996043935891,905.7288463440825,944.8819726182738,932.762739492629,942.9117625509822,935.7101877437464,953.2231476705037,923.7053352113938,916.7240107615041,941.0160361453186,922.2269543203828,943.3919049092823,981.4570985987428,936.9413143026438,943.5488577967419,961.0833084582683,940.1847094890401,957.9581494086857,976.9361473930976,891.3693646075334,890.0302870353725,899.1159270870361,934.0186772858641,965.5905130653297,935.3178092326084,637.4239075247613,628.7852346277393,682.5691409764443,675.3362646022931,642.1202200264142,676.641943027059,644.8039928943883,664.6670452322377,634.1878867213492,688.7784928292458,652.6592522213111,644.6834493859932,656.5832243837355,657.0666571406814,655.3950385574461,651.018057295709,657.8857193120233,656.1750025829747,681.415135038922,685.9984330475407,684.2918795983759,653.0874418905465,658.9214909928919,669.0662808413543,699.4870609839974,757.2422049405172,769.1713089730663,753.2679712021176,769.9345031233161,776.4378876288723,775.1115615970161,793.1958636585974,744.2568670031667,769.3267173329338,742.1326096414957,769.1463410373511,803.251825456703,772.2429166487834,773.9098302978986,807.4333760559465,766.9877507085669,767.6036665729307,758.0082309249268,760.5182774717337,749.7294698320987,725.7304115902994,774.0582823202487,780.3746084101097,765.8943615615522,749.8407348282657
14.961849522231127,26.919010105144274,50.8763739014581,18.072489496975365,40.81646118811223,34.766822734202925,23.30593242039758,53.003672199890985,33.29969500096676,44.64744170687995,65.370827511545,32.91750541342865,0.0,74.2300334649882,37.06576719065784,59.59177926985913,74.4562296519424,66.16755597991607,40.07815091564685,50.04736874283405,45.136350523069154,36.92392104242806,41.97856468556615,24.461787831823976,47.78002356332515,933.5083957122512,938.125628783346,977.4697836557667,965.2724408462649,975.394917709857,968.0600163960416,985.4793978631909,956.1266093999769,949.0932427111683,973.6018887916194,954.7355366014896,975.9361685280978,1013.9313845699899,969.2792308362525,975.9717343528122,993.4943268262286,972.2880402891456,990.3103303040878,1009.2264139489487,923.6186702860033,922.4685428547174,931.532347213565,966.3297666652866,997.7927045122165,967.6496687009552,667.5249886009437,658.6810846657979,711.5638328831188,704.40901156777,672.1710945561731,705.9950847255155,674.4430098365026,693.8600869955449,664.0112649511798,718.348093027629,681.7745681683713,673.990288788776,685.7544504678574,686.0114214843009,683.5153633624959,679.9642512355308,687.0251731366506,684.5767379067487,711.2757375074549,715.5437943051728,712.9546147475638,682.2380105976512,687.9864098710993,697.7287523255505,729.1486865777315,786.4015690999768,799.011092716978,782.2814859511507,799.5971540722603,806.5848182141838,803.9064760012637,822.5528920621099,773.3837014123707,799.0224784559631,772.0032585343548,798.3664003591366,832.3410638141218,802.3094299617694,803.3735958715596,837.5092108660726,796.6811847978436,796.8890546017783,787.8586167087052,790.0505372031165,779.6912519895106,755.1841275296272,803.8041308739521,809.7333480194221,795.6739822558109,779.4026906944501
60.40490859153174,57.662030923406455,30.836166321448577,59.98043558486364,40.18016413521801,44.06082321500735,58.07778395000875,36.26869435928044,41.343452313596366,29.686512406978075,60.16126576071392,52.59549519119055,74.2300334649882,0.0,38.332046040602606,29.565175907322242,51.627130190619816,24.150081975955157,37.8211569546194,72.6989261546232,43.45910054231086,38.85809056882657,66.67993082072545,66.97876728038418,46.784986243554,869.7441487088226,873.5574758811429,914.265240147569,901.4574846992044,911.3764562619964,903.173348703013,920.0430242638118,891.7006211605528,884.3418126430655,910.3843786279498,890.9222153411944,912.3763963914465,949.8164334815957,904.3202062868967,911.5384783007398,928.9684329351139,906.0900944007223,925.419023693042,943.9593571761253,858.1977388087656,858.1880717862069,867.0976495906519,901.216189789733,932.0609994311991,902.6561628717982,596.191128579409,587.0415494640005,638.8063944696265,631.7326881358642,600.7542018285245,633.6197888857264,602.4370162449593,621.314522098762,592.2633142513572,646.2248540210977,609.1539195082265,601.5814228462644,613.190187373524,613.2183684456082,610.0652709457574,607.1757047742352,614.4267280589678,611.3226356565592,639.5459492868932,643.3920005155084,639.8957376293871,609.6539105180235,615.3107529398314,624.6761195051523,657.1365393210493,758.6700375842244,768.0649566653741,755.2142992641535,769.4998934058702,774.0960582011015,777.7326881040235,793.8165600770872,745.8392723214046,768.769287257208,740.9894067933641,770.324544855688,804.7898321449463,770.2370892634389,774.1994841454566,805.2925928000079,766.4460379321016,768.5548984612012,756.8943154151407,760.5968451363784,748.2065493267564,726.2077760205563,773.2972694976586,781.0257312190076,765.0286900936458,749.8425375938024
25.32453329041828,30.210535651024102,25.84060556619908,21.65061870552847,22.833837898234503,20.22817446069178,28.19468162500615,32.576016594430534,11.043216690172567,11.78850217282564,57.32297814704421,29.110503201734,37.06576719065784,38.332046040602606,0.0,34.65333350452178,58.625067077503196,38.21537105768705,18.50650989712623,56.148126298067965,30.827945695837734,14.239072514334959,47.3498370752974,38.267426031335624,35.92195553240993,905.3754812037437,909.4902787499869,949.6931977546975,937.114330816345,947.1116335785483,939.228868046225,956.3011111389268,927.5841333059149,920.3443053884416,945.8165036646584,926.576377851321,947.9389958227661,985.5945210563531,940.4024141508097,947.4282996426294,964.8955827835534,942.6172249291175,961.4799909237531,980.159992374414,894.4399053633373,894.0108831098404,902.9796930783937,937.3542772564168,968.4267964005248,938.7506922499412,634.2477780629184,625.16475803458,677.1130674536262,670.0308135461969,638.8300918461839,671.8791847652983,640.633715190625,659.596851145926,630.4093965937625,684.4446512804491,647.4450929932311,639.8444439924659,651.4746195011429,651.5278863877494,648.3903703432449,645.4846726509857,652.7154060568407,649.6546466837758,677.6916337308941,681.616514151988,678.2239328429145,647.9406933434245,653.6083828229679,663.0039209171188,695.3373492947715,778.1399332409447,789.0882946181383,774.3599424566089,790.1180395858917,795.86121278796,796.4684814232418,813.8035701707233,765.2058842979299,789.4614933524922,762.0191690007543,789.9554594006312,824.2160576309906,791.8003235548251,794.3789426462927,826.9549376331889,787.1274177371914,788.3249346512465,777.9158433265306,780.8976895953832,769.4686067100648,746.2442062257632,794.1151963706525,800.9872772098493,785.9052175265139,770.1839989318512
44.64350204736902,35.78645526898495,9.310766839937413,51.61455332520523,18.800146141690345,24.824966171542478,37.91389261096794,8.12355052699038,28.92176883561767,23.191917557325578,31.059012067332958,29.442865585925382,59.59177926985913,29.565175907322242,34.65333350452178,0.0,25.941715335783094,7.654026900054559,19.998595819453673,43.882543262722585,17.10580294094977,24.195336200771525,39.03876006302142,44.225170357010114,18.647157748592193,874.4379631091392,878.9003983802177,918.5265492724318,906.1960126614507,916.2785820557796,908.7825928625048,926.1163026565739,896.9294869791524,889.8369247309473,914.655170071892,895.658006178509,916.9147656491215,954.8005636888967,909.9897965347039,916.7756028541189,934.2831026004707,912.8232580988622,931.0343928825828,949.8911064814554,864.2522093251677,863.2943949925798,872.3305840246455,907.0147752239656,938.3885138972677,908.3543537881677,608.4371311831701,599.7197623256609,653.2640378876947,646.0462180386238,613.1136118588624,647.4152426259916,615.6546528606442,635.4020873266034,605.0973735062255,659.610628446978,623.3770148130066,615.4439358254142,627.3131093811913,627.7512324033756,625.9763105236448,621.7026452651166,628.6088068177944,626.7815364492433,652.3397645608628,656.8234825318187,654.9317656548981,623.8126976668968,629.6291844196926,639.7056201139925,670.3471449772909,744.1273409212538,754.7969072040984,740.4140224787691,755.8930044817138,761.4624334361333,762.6152972397804,779.6946092688931,731.2124052971456,755.2239004321062,727.7236310044032,755.9122669039806,790.2188941423134,757.4288543801736,760.2317451137104,792.5729859167728,752.8913582082484,754.2541695005001,743.6234677077373,746.7267909780413,735.138414686042,712.1166963791551,759.8573414885958,766.8814753749555,751.6368777709198,736.0044484607317
60.66615855409831,47.581849854088354,33.115129474167105,71.63543815463684,37.48119017267159,42.89230456665294,51.160517719369174,26.056062087746422,50.37234177960559,48.05990617435111,15.116535488211056,41.581708815853275,74.4562296519424,51.627130190619816,58.625067077503196,25.941715335783094,0.0,27.970833622488243,40.94936625432561,38.1657901037214,30.482696492014384,45.660114000096414,39.06949121229769,52.77169713791907,26.837811625443734,860.544702189605,865.4977796617911,904.2780736984843,892.3137721406066,902.5131814695951,895.5633524424063,913.2455061896887,883.426317412066,876.5432364938147,900.416337710105,881.7810621264719,902.8745681146077,941.0722769532806,896.8163463913676,903.2648806183408,920.819970606418,900.4818966213855,917.8046292092342,936.8941402884748,851.4120860021301,849.7225594945364,858.8486082257999,893.9433644458534,925.7086975248116,895.2041832143714,601.1665354241009,592.8654245405125,648.0185987935015,640.6713568522981,605.939478219764,641.5371445563841,609.2783788851289,629.8248520341191,598.378879733319,653.3225598836706,617.9512225029465,609.6831007324323,621.7834800426322,622.6203990931513,622.2263062644303,616.5762141794928,623.1343869296986,622.5720712077734,645.5051381655873,650.583067188531,650.2541566817719,618.3237314648637,624.2856674333467,635.045427563661,663.8772110994174,719.5476453034364,730.6606693026639,715.7510600656796,731.6330818065924,737.5638989074273,737.8464745928557,755.2475612766924,706.6083192179511,730.9863117929685,703.5967903703254,731.3729395917372,765.6187309243979,733.464494814359,735.8430195231437,768.631703666959,728.6510996200738,729.7527868745232,719.4896477948629,722.3759894257496,711.0828480195186,687.6989571817364,735.6566119820772,742.4300504411425,727.4561381699065,711.6680198217005
51.21200329376945,43.164912925343835,15.292098007932227,56.8905048599205,25.706347634937632,31.540771338615688,45.089709658122096,15.777154430541042,34.294830428487465,26.427165119116857,36.12754035144953,36.90381856553212,66.16755597991607,24.150081975955157,38.21537105768705,7.654026900054559,27.970833622488243,0.0,26.12701147109199,51.026810470615786,24.739688125032036,29.821088591269056,46.5531387238475,51.75367743588765,26.2059641304752,868.6279507941207,872.981102682179,912.79436461321,900.3807957323545,910.4362570428075,902.821238221787,920.080017518546,891.0306317857902,883.8931129132772,908.9210561686285,889.8424696802149,911.1346141764536,948.9469853510246,904.018554962657,910.8767972076159,928.3725217511762,906.6800942761289,925.0735641735869,943.8794646400786,858.2145458904995,857.413540192189,866.4291782661386,901.0220815417733,932.3118733383504,902.3782781947715,601.4977340810789,592.7285317185,646.0830841025387,638.8795334888822,606.1611932665008,640.3033222256237,608.6034555317163,628.258122860501,598.0886869146284,652.544493853522,616.2179068922263,608.3221426728932,620.1647760636487,620.5606952068536,618.6544504857853,614.5122292295572,621.4543963357083,619.5008805559704,645.3401435924135,649.7520551537392,647.6932797735398,616.6603240186047,622.4607150124297,632.4667108919656,663.3014549086197,742.7080986298935,753.0094892874583,739.0706981113043,754.202600039014,759.4969455893938,761.3694312923824,778.1560662128667,729.8164526905621,753.5157599549539,725.9321248802172,754.4560022378788,788.8132960940545,755.5117851092996,758.6460812603746,790.635195819027,751.1855987313103,752.764946660208,741.8354560665516,745.1111685713953,733.2917932050138,710.560823289018,758.1195624929466,765.3479725359432,749.8843485934814,734.3782309537696
25.149471156459416,19.84459041403261,10.883406437981002,31.824053869858847,4.475278955176127,6.266594373000153,20.456806263684207,15.210700124719608,9.481576235114494,11.724153225839828,38.818040092421015,15.222235394866956,40.07815091564685,37.8211569546194,18.50650989712623,19.998595819453673,40.94936625432561,26.12701147109199,0.0,40.04194960590851,12.369367844550853,4.711459773044272,32.04329891388916,29.167851445067082,17.491848196891183,894.4180591358219,898.8568856867387,938.5175080095278,926.1752841872926,936.2528516058226,928.727296852921,946.0358500080387,916.891224866542,909.7867181615914,934.645914268781,915.637198712101,936.8996605719165,974.7726549788381,929.9314798796365,936.7374063724424,954.2420047214151,932.6972349028107,950.9793193952056,969.8196021088572,884.1710411609358,883.2603141486842,892.2916233709475,926.9495754096101,958.2922727101786,928.2945206780635,627.4723722826088,618.6547213780938,671.7430249660894,664.5653541584699,632.1242778541156,666.0777483729877,634.4615858763149,653.982909865549,623.9963686474096,678.3823057981631,641.9178393317453,634.0828728579215,645.8826973437133,646.2040134777463,643.9946808870368,640.15606718576,647.1620892262861,644.949672176584,671.2562343616601,675.5830193087512,673.2382458708316,642.3716537749069,648.1441118119945,658.0115411296854,689.1647197498867,760.3816593832564,771.5962787400994,756.5521705539117,772.5512825603428,778.5131835411481,778.5967580840312,796.1233263818939,747.433626844188,771.9082325815382,744.533686035911,772.220819939357,806.4436476158147,774.4123951762243,776.7344680886672,809.5802110703318,769.5726244876455,770.6130818391619,760.4256353507349,763.2765246228729,752.0259933440376,728.5842418126435,776.5840380624948,783.3048855458957,768.3863995040002,752.5718837692315
41.618932942236746,28.121749787815993,42.328468619576284,56.601484204732635,35.841253142650466,36.1251580722964,31.810309528328535,36.47226011142831,45.10642890276506,51.75587555346802,23.467113333024322,27.107535557920784,50.04736874283405,72.6989261546232,56.148126298067965,43.882543262722585,38.1657901037214,51.026810470615786,40.04194960590851,0.0,29.82840715840175,42.77355278332431,9.156182532814922,25.76550967799131,25.936026994460747,895.0757299769805,900.3758267699719,938.525063898001,926.840450636783,937.1212209782452,930.5555941323455,948.4618438971966,918.2278780156706,911.4917875071665,934.672226697438,916.3156490512297,937.2801473119478,975.6936623917503,931.8389583620914,938.0540087739977,955.6362970178021,936.0320869869648,952.7822434961568,972.0208909728337,886.6691494789661,884.4888755067531,893.6742257054722,929.0349396996361,961.0429463995829,930.2429375315776,638.8723149310431,630.6641410174396,686.0665681205792,678.7047241264069,643.6661982223189,679.5016329526605,647.1657210654175,667.833618299655,636.2038650216152,691.2183027984277,655.9808559868941,647.6691633200236,659.7994832898562,660.6835995902777,660.3839387297907,654.640482919156,661.157320002105,660.7100979234299,683.2972967795836,688.4875380918365,688.358165533908,656.345384977485,662.324592417418,673.1519246404162,701.7382909098924,736.4233191954467,749.2119860114369,732.2804374628313,749.7386054326237,756.9123461876804,753.8796221491893,772.6122400425465,723.4004101420234,749.1743438038269,722.2177450979281,748.3986841833654,782.3495958091781,752.6008584917492,753.4591947077838,787.801652203315,746.8324716338471,746.9342710274757,738.0642647429456,740.1548170228627,729.9405589582101,705.270002809049,753.971977763587,759.7936803557266,745.8538594848707,729.515830212222
30.678180048422693,19.380434868181126,12.662716945245183,41.17816447078705,7.998485521679057,12.513777858604184,22.17097379258126,9.062214060694037,20.895872962641015,23.17856906343261,26.53544045974724,12.880694479495666,45.136350523069154,43.45910054231086,30.827945695837734,17.10580294094977,30.482696492014384,24.739688125032036,12.369367844550853,29.82840715840175,0.0,16.668171196723545,23.222934476189444,27.284581118252554,5.128332215455719,888.4277848393483,893.1027007042319,932.359928861306,920.1931167300686,930.3277698968656,923.0640314395624,940.5414703330403,911.090491656608,904.085885924843,928.4926828604949,909.6566688931238,930.8423311442967,968.8686097612323,924.2903107572768,930.9348544594989,948.4638741240624,927.4551913560396,945.3130707965273,964.2668904583447,878.6849112545091,877.4233713507246,886.4987038454302,921.3570855453987,952.8906930258125,922.6643677155986,624.5583438115557,615.9311494144634,669.791628813189,662.5506908004694,629.2571207506521,663.8288773865688,631.9675250827307,651.8695285200856,621.3383768221485,675.9466380435392,639.8699343004139,631.8754703429684,643.7881090160796,644.2953893309029,642.7278910943144,638.2468355506201,645.0937764329444,643.4695223039707,668.5625130747555,673.1685822706017,671.5523069090755,640.2945104035683,646.1372245799118,656.3273081467718,686.6479122994374,749.0162835568556,760.478810532154,745.1394303337499,761.365096859794,767.5257259921791,767.1210158951422,784.8303525675769,736.0554317001955,760.7345328205529,733.4236658744213,760.8774552925628,795.0629184744827,763.3892692673414,765.4758717246592,798.567077892652,758.3976287383744,759.2913933619054,749.3104150088245,752.0403166245854,740.954625949661,717.3134602937805,765.4304451286322,772.0104398111752,757.2445548492631,741.3446315096797
22.219994974133332,19.757333162161206,14.906032887194758,27.424878196327963,8.680628399694212,6.796627547667443,19.423172425360413,19.88474830001975,4.821481515292605,10.21745042067353,43.20319042408046,16.491236906101996,36.92392104242806,38.85809056882657,14.239072514334959,24.195336200771525,45.660114000096414,29.821088591269056,4.711459773044272,42.77355278332431,16.668171196723545,0.0,34.342940233490786,28.954335577186875,21.72491002125145,898.3999860130028,902.7834761696535,942.5369905795809,930.1546890031262,940.2187943085042,932.6316520330207,949.8992517006018,920.8284196869528,913.7004207795437,938.664477444516,919.6164332880512,940.8962157147322,978.7329682683281,933.8305332588926,940.674625762536,958.1731185752791,936.4991858468063,954.8839334816591,973.6966169044082,888.0338200799245,887.2067469550445,896.2275029728671,930.8370309902142,962.1328606900028,932.1909738267648,630.6632115675842,621.7912296777574,674.6470464767381,667.4889642398163,635.3013321849073,669.0714713456442,637.5299793055874,656.9369267659087,627.1134418538815,681.4306382669209,644.8530191176146,637.0664091323653,648.8316315808668,649.0968168035488,646.6898564412528,643.049487273342,650.1030394353486,647.7112337639347,674.3806008113818,678.6252567424685,676.0612743843186,645.3155943932474,651.0664945570305,660.835083458913,692.2362943102404,765.0735792113983,776.3032916941997,761.2396995755998,777.2553152391112,783.2236782304275,783.2776160114736,800.8209935223249,752.1243912333383,776.6128692111366,749.2409478667853,776.9146147617373,811.1342793113422,779.1221991477917,781.4344162456725,814.2902455745686,774.2771971462006,775.3085941277377,765.1327217080236,767.9778290137066,756.7345348444118,733.2833306967493,781.2895935428535,788.00243095023,773.0924474612377,757.2736962875136
