0.0,145.22929423028882,130.2827764262846,105.99968670429429,53.14771637630017,60.95895442246357,144.5775930095698,122.2016082899637,76.07292643293229,134.87620461429245,105.68113917901213,99.6284327405233,71.88332490686442,115.41976087024479,63.031060159751206,131.0402330859518,89.55416460071498,129.52648598841182,50.346797246650375,75.14389115231471,141.01290129018318,73.53179260485655,109.82549218664477,136.835179872147,57.908132979339605,141.74199021741873,115.59028321571616,94.70518247152214,60.63398303181798,87.10824311970936,134.46687484760716,86.51873854149554,121.7022313734286,93.40278376450371,78.97215808121348,73.80280671791225,93.30871155655336,113.93466940577265,141.5084517598868,148.91445606140834,102.35787481446148,146.64645251022125,100.96976181853587,81.95252116031598,95.90518527480872,83.26387308364315,50.18425789559787,63.82841505697475,139.29341209653768,135.98372586541177,415.60078928649443,403.01399707754115,414.3763542446303,382.96875688963195,382.757693796146,386.21926092271184,420.8945583108609,360.3520339911767,426.7622729223592,355.4353006067672,357.8451082591398,419.0151395461057,441.92621986577626,408.79638687323506,431.1412302115631,391.0344577809731,380.0918963774604,353.20993029624697,417.6268766225374,403.412422564605,447.10948053142056,351.93947791752424,362.4502728866904,388.9814187664801,427.43308797366876,382.9965263900958,396.6012606452822,422.1102471737673,447.3690083547232,358.2023867796274,401.2239803244693,389.8272637522022,357.50045221085156,376.78625653274975,428.3750038325834,432.5086361531288,362.12992765202273,352.2406025866417,402.19999436300606,389.8651490790963,364.57494238445855,374.0357435277073,428.78576915662495,413.97448043449117,361.77734575027534,365.73646543623414,412.82352378628536,367.76300335525207,398.06885907152406,437.0381854586722
145.22929423028882,0.0,121.15988633426429,295.8824325254399,655.0888389340192,613.0094731695569,320.56090074089144,388.03110789170375,582.6229896862707,497.4068792322469,561.6136798567479,614.826182482178,709.1942998501047,705.2419559836309,787.0681007725622,835.9988840065638,828.9367299770562,940.0178937265797,905.1413177357092,930.5321423789636,1136.4752696831185,993.8241134141307,1120.7114504765252,1269.9507893202153,1051.8792350015187,1386.342599351712,1309.3059497580794,1256.897163681214,1156.0480079873234,1288.1003646803033,1558.6686670551956,1342.7652113117797,1558.3464074045341,1432.231400061506,1378.7907025338766,1371.9392440068775,1504.7800384228754,1652.714107440945,1851.3438864458344,1923.4383170778722,1640.7290715004933,1950.9918569508898,1663.1295691417854,1548.9694677990155,1653.6737201778822,1576.952741618566,1357.2782987778,1455.757774260389,1985.397461465799,1966.2639193215923,3925.431286030204,3837.326783291476,3913.8294318784247,3688.1161031723227,3677.7566974517267,3690.0920783988436,3917.020694070108,3477.7517096685024,3918.717005412663,3400.612338944046,3391.6205799848653,3784.7482171392,3910.321927873345,3647.38326486573,3762.990938879472,3449.1197783231873,3333.0197118378032,3108.07277119978,3495.590773918676,3350.5291216014384,3593.0782589849614,2904.729446465354,2920.125639420121,3038.977653522857,3235.4057735865435,2882.2910384331067,2910.711192669059,3016.3359061974015,3120.040298369318,2473.6007314833487,2688.1225083665677,2549.452363362255,2276.4728598206043,2336.0889397046885,2609.756951830812,2574.6788593989527,2051.677667286128,1926.5368979573361,2194.7875194389226,2056.853896123541,1835.1913463427074,1846.712348371003,2170.17659489407,2027.5403671973213,1632.9704063604736,1625.5595044221618,1922.7699493599052,1587.8065739213478,1782.7070615732744,2045.7253387425205
130.2827764262846,121.15988633426429,0.0,177.8160075707193,544.9773552688497,499.548629031682,263.0152909722414,284.7819268080747,462.13772735243356,410.12224792699,447.0711630574364,497.97044690889595,588.0769114600088,596.3155939165697,666.2922333311287,733.4227040021904,709.7245332028258,833.3737470386901,785.4960775343022,809.4973027112827,1028.657154673339,872.6908478897427,1003.1844399789229,1156.4117209780213,931.4682991417843,1271.0503838364639,1190.0330026842364,1135.947015197905,1035.9565302553979,1166.9574375147274,1438.5100946857133,1221.8244259050307,1437.2488399100891,1311.4565831106233,1258.9875209719262,1252.89618218039,1385.0025997752432,1532.5639259846125,1730.9178152139157,1803.3354557421121,1522.8441195542455,1832.2714899846471,1546.965173638878,1434.764350102212,1539.730121931963,1464.6918498073762,1247.8813783384742,1346.5762762331558,1875.4193272352613,1858.0059330061,3818.0397184299495,3732.7304226411316,3812.26458296691,3589.678124988126,3582.7266547157897,3598.7198146349706,3829.9278258677978,3393.8086082009845,3840.254390765989,3325.012046270576,3320.590065812919,3720.3998975680333,3851.8258599159544,3593.0690951461684,3715.0183730838485,3404.946940772108,3293.887481030093,3072.9164820503634,3470.4429899460224,3330.6571974213716,3582.264687335876,2893.1958696730653,2915.818360044718,3043.497914430714,3249.710834842291,2899.4600461762457,2935.878447899519,3050.564757845192,3163.1352467499755,2514.8912754631615,2740.809139007153,2607.7141727761104,2337.7841398254536,2406.1787976287724,2690.8054370035047,2662.03172697222,2139.050846723291,2018.7908464792295,2296.5016267136334,2162.62169736991,1943.9037084260335,1959.9253905257672,2288.0501107143004,2147.169802576449,1753.3642127526314,1746.7048764284714,2043.2327739548377,1707.027437310669,1898.8433380501397,2157.715721023444
105.99968670429429,295.8824325254399,177.8160075707193,0.0,371.462995707115,323.2634265527688,316.33082668424333,231.4073906746396,288.6882382947619,375.79485711790295,326.455854527307,364.07006315804443,419.01291656859786,487.6726579364367,493.6139024016812,637.8003034113038,558.8653415884344,724.0301996111225,609.4223581910676,644.7450262543081,912.7472562983648,705.8235965832899,856.9845144107296,1022.7295869379861,757.0037599419151,1131.0738169880285,1035.4547450534824,971.2025663276656,860.6402612138863,997.0339630562828,1278.803021415342,1049.4859081361067,1270.1210838361135,1138.1490875178854,1083.0957737943295,1076.0600760856519,1209.059149856161,1357.2866640571694,1556.279418779748,1627.9365376202695,1345.292494004477,1655.1797054439996,1369.1525188434966,1257.3256891807832,1362.3611222194334,1288.0462362867017,1073.1002239626766,1171.857909149195,1699.8981820297095,1683.607695237144,3643.7695228151106,3560.434636514288,3642.334804470368,3422.4865103508105,3418.6694921354756,3438.211675311263,3673.667494977328,3241.154338008872,3693.315001572722,3181.735610817241,3182.6431608167995,3590.018091098969,3728.4670329797286,3475.2259750811627,3605.082298334044,3300.3755830806354,3196.126458178737,2980.8940393318244,3391.1395842712764,3258.867322644588,3522.56895831931,2834.1175696084156,2866.906249838797,3006.880335462021,3226.7923202944594,2881.7354048648517,2929.9140996418982,3057.9089072185106,3183.7474580358153,2534.811799482243,2777.564675746825,2653.7051835883044,2389.646111025313,2471.865413141829,2773.7588685066485,2755.8705952790024,2234.5050872256984,2123.132997602661,2417.1393559442267,2291.376766085089,2079.0549732406553,2104.6022862885184,2443.9148359708197,2308.7315220092787,1918.2750116431353,1916.8995166723416,2218.127431491168,1883.6734087309787,2076.6443758906776,2334.90481858575
53.14771637630017,655.0888389340192,544.9773552688497,371.462995707115,0.0,60.24112666363463,644.7247114760484,495.13195972168137,196.09230520186213,601.9740514615054,417.92015405112863,395.26574357399033,253.83311040664347,534.2703118175311,262.1360254593049,675.9987392717344,440.23600780449846,709.04238832327,311.872765122416,433.6672122210727,851.7800978411212,471.67168210090756,701.2862980266062,895.2792650572255,461.7017055139403,974.0671255916317,829.7946250943013,723.3399556012662,550.9355197521605,719.3136798431888,1039.1819305405725,754.5395085774564,996.991992066596,833.981447990461,760.6141565272533,744.1883477254461,883.6533613315777,1034.986304758459,1236.0743874837954,1301.8183304734682,1000.4568243460086,1314.5162397461067,1014.8362367476705,896.1187859004751,1000.2722404230245,922.0675191427742,702.9514687912377,801.6219245162328,1330.7488183459225,1313.0402085222017,3273.124972066662,3189.0006340490354,3271.1750584496704,3052.6508309600886,3051.173400356311,3074.087661912984,3314.1441007851795,2886.521205506688,3345.9420256734993,2840.4961510960343,2849.645698981027,3268.232162602483,3418.0291841509643,3175.0269993081833,3318.4057351528063,3024.694051568238,2933.6225892413277,2730.6139610442374,3162.5827234999974,3045.755039140365,3331.400057735341,2649.8343705194598,2702.757242984168,2866.194308931021,3111.8975731454516,2781.113817604394,2853.01994938503,3007.2113945902656,3159.4605891606197,2517.2951385522188,2791.9235112676333,2689.2624424083324,2441.7085366477536,2551.8884407136075,2886.8466529605885,2892.874290511093,2381.890776198482,2291.4494819413544,2617.203574572515,2511.126009871034,2315.7786937111778,2362.9846462308983,2727.0113904613236,2607.5799837224495,2228.5617574842895,2242.360952513287,2558.8460674543126,2233.2412096474154,2435.79110301945,2700.774182932263
60.95895442246357,613.0094731695569,499.548629031682,323.2634265527688,60.24112666363463,0.0,586.8140023882688,435.49477064326226,139.3047831346041,541.8020717517496,359.89658927949097,340.4481323666185,218.02281295454557,481.9914383458831,244.91989814980315,626.9756405921885,406.486860973165,666.4421855213042,319.70799919829096,419.1744767068945,817.1820266921868,464.13882186994493,680.6242049995258,871.763755373694,472.1610542011813,956.6144385108139,820.9621027768409,723.4112766284178,567.5233418125617,727.4114116604214,1039.6223136890708,768.006535052573,1005.64080331621,850.7895822683377,783.194518411825,770.1835038988695,907.7781011911285,1058.493716654529,1259.3551214586942,1327.199186488464,1032.3680172401275,1345.1901862743862,1051.074146078012,935.973680234882,1040.7371413282688,965.1449609907297,750.1408857823203,848.901873043652,1376.6409683786014,1360.714157901338,3320.8101189053027,3238.690927794996,3322.6712762742386,3105.8266666775885,3105.8312144001065,3130.0619558489157,3371.2864183849524,2944.5888941452645,3404.8622302203344,2899.9678454452314,2909.557128191802,3328.420825541783,3478.261151949015,3235.121250388688,3378.1390522214456,3083.9613441200454,2992.214707762544,2788.43128758248,3219.019998024221,3100.955744349075,3384.827008249257,2702.319631152835,2753.3157369498267,2914.4262114040957,3157.4510268771255,2824.784910259758,2893.9013338119494,3044.935428407192,3193.853066761964,2550.1320989410688,2820.6538089918618,2714.8224718975516,2464.4969972839594,2570.5713798039837,2900.6871676611536,2902.771865799841,2389.3847053575273,2295.1890999153607,2615.6793066859345,2505.7636727748386,2306.8578589792564,2349.723679673752,2708.7271182066434,2585.5304254620487,2203.3958173503793,2213.238037925679,2525.4182930843376,2196.7199780147776,2395.5910035683205,2657.1979507893034
144.5775930095698,320.56090074089144,263.0152909722414,316.33082668424333,644.7247114760484,586.8140023882688,0.0,167.39017606286976,488.49059365233717,197.85379913168043,349.46519031234476,411.6798817459303,576.1029927299787,447.6679499511006,662.1951064750737,551.1057199382602,628.8367047268415,663.6698851278413,795.0882481712467,760.6029246496996,859.5127398765965,827.5521083710453,891.5435139164153,1012.9555159633647,920.7100230607967,1136.6399970533369,1092.082268167708,1071.1512597347264,1027.2282589371705,1122.158207691885,1348.9119978912063,1187.6319890108264,1373.552432205074,1280.6439304823036,1248.594480405171,1252.9063292488117,1372.3163554309483,1511.284475956679,1701.699809425643,1779.2657398667268,1530.014244823959,1826.5558431742752,1568.6380189612119,1472.3605061718933,1577.219340392205,1513.6957278757577,1316.5498815509816,1414.1379317570193,1931.103577110394,1922.3382192379217,3875.702800668734,3802.8502339039574,3894.1996887772284,3683.5844168887243,3688.0192953500186,3715.207220659787,3957.925792430394,3531.235413353802,3989.8722459810824,3482.369259572347,3487.638546645322,3899.5083274969516,4041.0474364852503,3789.5965474673203,3920.921272873866,3616.6598843584666,3512.327147717934,3296.514304454132,3704.212418837325,3569.540015401751,3828.335940089976,3139.356181979364,3166.8720165218447,3299.3403678254913,3509.4502299534447,3160.174808569764,3198.274443375967,3313.577706412294,3425.3641886413006,2777.333517880499,3000.4131965132096,2864.9120820214166,2593.3234761670556,2655.8672190125226,2930.0256359837645,2893.235665899353,2370.413187586192,2242.89864872551,2501.8829768064716,2357.8945033228715,2130.907425858037,2130.213844437805,2431.273433416126,2275.2101076332706,1873.72329985872,1845.4635704518073,2110.53720688498,1760.1438094821417,1922.5335819443424,2152.8326224893763
122.2016082899637,388.03110789170375,284.7819268080747,231.4073906746396,495.13195972168137,435.49477064326226,167.39017606286976,0.0,325.7285821129775,144.45265804929377,190.38020219530173,251.41420194271606,408.71285034449875,318.22369745745476,494.80493376425636,449.21807764974614,471.6769771204616,551.9868580528647,627.7371954119737,597.5952945987518,748.499971721651,664.3822101828011,748.2196558609492,886.1325490510364,754.0063768428416,1005.4967149753802,944.6650694023122,913.4855454245366,860.629095980333,960.4089327411656,1199.6777131367028,1024.3127478811969,1216.8043850745798,1117.0742562199782,1082.5508611919054,1086.113038399087,1206.696670781411,1346.8748798004158,1538.721457376351,1615.6301631540096,1363.0900784262853,1660.8064513858048,1401.2761962115906,1305.1941697257648,1409.9967674583,1347.062768743067,1152.1920590739414,1249.3881751486877,1764.567511212318,1756.4997281828332,3708.746425380322,3636.7090566808797,3729.1908839906414,3520.223063813411,3526.561094243863,3556.0024830591765,3801.339391427473,3377.553878274607,3839.7348470732463,3335.452908647561,3344.6229733157334,3761.59508964561,3908.273182216816,3661.3223486345437,3798.586180676425,3498.870879292544,3400.0051395992436,3189.013062847318,3606.2849205544303,3477.7880868920006,3746.1448432186917,3058.3370223834636,3094.0625184751484,3236.4985210777168,3457.9018717566887,3113.1010292026754,3161.092539213314,3287.7733362354065,3411.130246150326,2762.129853112232,3000.095801824596,2872.6464779777634,2605.865731958291,2681.0481879122353,2971.9766677927664,2945.6254602054146,2422.770345082884,2303.4445460934544,2580.173789419021,2444.2738126574286,2223.209242403321,2233.5348715755376,2550.0633943033995,2401.099630618476,2002.340733676394,1982.6423582920381,2258.6086846755543,1911.511750505705,2080.9652822690887,2316.257904881576
76.07292643293229,582.6229896862707,462.13772735243356,288.6882382947619,196.09230520186213,139.3047831346041,488.49059365233717,325.7285821129775,0.0,414.0747415939246,222.0230069750998,201.52070450902576,134.29966453004977,344.70692457458165,204.92620056760134,492.8308498346069,305.169751032657,541.5705336221581,324.83880952667226,362.0859562457952,705.0343630668314,420.1838112956233,598.5926459300034,780.5802544336344,469.33062621379656,876.9058681584129,761.7619037024314,686.3494783236952,574.0178197382206,708.7093209560238,997.7354151779457,760.8316467549455,982.932442615479,849.7619120782709,797.3827423578782,792.9479373502845,923.3939436202139,1070.506667796959,1268.787036218358,1341.297863206268,1065.7443992497665,1372.5730403897678,1095.480436940784,991.297216771722,1096.5750795890442,1028.9386656911827,828.1295095677569,925.8726714544265,1445.5610589221583,1435.081803797651,3391.30959229604,3315.8159180708712,3405.903784459444,3195.245365743022,3200.881112811742,3230.452256702635,3476.7296448391994,3054.7533501928,3519.618851446833,3018.5707792627354,3031.9049788948605,3454.5252282982296,3607.544484470538,3366.900547051198,3512.320865635225,3219.814756677421,3129.505859848426,2926.7053723163485,3358.14205790212,3240.260317688868,3523.8058783800443,2840.945887018017,2890.8713691616495,3050.2308753326934,3290.761129841046,2956.203538579077,3022.1213496121363,3169.146818639973,3313.4760849833856,2667.889092460229,2932.1170975546866,2821.3799225334315,2566.7831555898483,2665.7712275131553,2986.862359629237,2981.5727159534326,2464.31484787947,2362.932832678177,2672.0657356299844,2554.194545208754,2347.931686528376,2380.8901451054794,2727.329602081249,2595.1683718335153,2206.0863641996852,2205.587304186993,2505.330901869888,2168.63269695572,2356.160748764143,2606.822186528095
134.87620461429245,497.4068792322469,410.12224792699,375.79485711790295,601.9740514615054,541.8020717517496,197.85379913168043,144.45265804929377,414.0747415939246,0.0,211.1341055126598,267.3431790451143,460.00802944674365,259.7049666467831,542.6988809229897,353.26046097888747,464.2818149662919,466.2405979851487,675.0985030133352,606.8305204986312,661.7497246982572,672.9828077679164,705.2971246411263,817.554958401756,782.1213615757931,942.3723399324074,908.0307169273665,900.4752527565464,886.2890507653588,959.8555350978037,1165.480090886293,1029.3659040720788,1199.520300662942,1122.5524073381941,1101.6092810481205,1111.5724806138212,1222.1006938928747,1354.9522771880322,1539.811249389594,1619.1869570075833,1388.3350755748088,1675.0820614176596,1434.6568160223324,1349.2625968617863,1452.5112047535633,1397.0752853379133,1216.5940285586175,1311.4032971953475,1813.6617816315986,1810.5147464775923,3750.743045685897,3685.7557697418206,3784.5411731677536,3582.5590031203005,3595.047008061452,3630.4342584883316,3881.403652497344,3463.4854968287727,3931.1081446967305,3431.8359434541458,3445.9429389658385,3868.2574741172734,4019.804506394729,3776.8423460726335,3918.5116222171737,3622.004124382276,3526.4605338685847,3318.1539086045564,3739.5713211529865,3613.4690826254373,3884.741265708349,3197.464631469693,3235.0962239022697,3379.2238571566163,3601.8263856054637,3257.3328560712816,3305.5437743744724,3431.8561979868177,3554.186232358207,2905.200949407786,3140.954922819268,3011.808592994086,2743.7925006193104,2815.462953946585,3100.60017773924,3069.83155063443,2546.7571952599887,2423.494108037323,2690.607537551695,2549.516368044376,2324.300459669287,2326.3136249043414,2629.1199394047303,2472.8053612136046,2071.0846876626547,2041.0032967611405,2300.6448432419884,1948.0361336534108,2102.1043086581435,2321.814820846013
105.68113917901213,561.6136798567479,447.0711630574364,326.455854527307,417.92015405112863,359.89658927949097,349.46519031234476,190.38020219530173,222.0230069750998,211.1341055126598,0.0,62.229646871279,248.92123857875362,162.01592097993532,331.7460255893887,315.07481407499466,281.39283789338407,397.5964263988854,464.5548496181674,411.3849213471674,587.842312959115,478.34550094973247,561.3165572657489,709.3407531243525,577.4107249098219,824.7361329769842,755.5055267124328,723.5466271285354,683.0340743742911,772.7180558537685,1009.8213393889255,838.3276492782802,1026.7150564143872,931.4060910986971,902.1824256871283,908.9993296632208,1024.9200513947692,1162.4377467124896,1352.2655752894368,1429.976041827211,1186.3217899506683,1479.1160090600129,1229.2986554953773,1140.4964621507966,1244.242399148113,1187.1018656875865,1005.4960772863104,1100.2724340610885,1604.0964918848954,1600.1191793710132,3543.4535787379127,3476.6364571079225,3574.277132228304,3371.560064457667,3383.93057138194,3419.6939928856427,3671.472765550071,3255.0391668361212,3724.418055200307,3227.5279821257727,3244.3961919541352,3670.197931159231,3825.7451511304307,3586.8710155836166,3733.6124151035874,3441.708468839733,3351.5005813838698,3148.303954005718,3578.3312221630495,3458.7497423295035,3739.3305628706867,3054.9822497229206,3101.2252637060774,3255.6779261575657,3490.047838131113,3151.5181340496365,3210.6607530651536,3349.515583587638,3484.8411733656317,2836.8567524592972,3089.1114062376605,2969.921066661826,2708.6353784417115,2795.163426887218,3099.903098859883,3082.246138005337,2560.727487798222,2448.1370228861197,2737.093929284678,2606.936382234997,2390.094322933406,2406.9187907327723,2731.1145586244784,2585.3786101493406,2187.9526646875042,2170.9946777111904,2448.8818325345546,2101.882104429257,2270.146912660369,2502.2952578208483
99.6284327405233,614.826182482178,497.97044690889595,364.07006315804443,395.26574357399033,340.4481323666185,411.6798817459303,251.41420194271606,201.52070450902576,267.3431790451143,62.229646871279,0.0,197.8200912618917,145.89429234351567,277.038376967777,298.9239299227106,220.52065902938207,366.59211752563573,408.3175799490808,349.182706241741,549.9834975018898,416.14156454200827,505.9282408459095,661.0027726801098,516.7750882238616,773.4248221088491,697.4394796176573,662.0758535157368,622.0337777536321,710.5378389674519,950.6853730713763,776.1031033027795,965.3937094717099,869.1878620565932,840.5337189249555,847.9237494375711,963.0363466159811,1100.2719048410852,1290.0384914559386,1367.7507399592773,1125.1904666426838,1417.185133173335,1169.095636448441,1082.0259276820552,1185.4311921000754,1129.7732975368272,952.1058561750204,1045.9924038547,1546.3193789215832,1543.3508425022928,3484.171702590592,3418.4810784525453,3517.2822630673636,3316.0882909793067,3329.956804074782,3367.3340925945085,3620.7463065196116,3206.4112937604546,3677.625974987768,3182.978664164613,3202.040129168575,3630.221330436127,3788.304761553471,3551.923234306006,3701.442608675141,3412.0524337314664,3324.5516700972908,3123.901176093783,3557.642790865146,3440.9427315072944,3725.248192465453,3042.466561998561,3092.0636968776757,3250.305379834552,3488.772810970485,3152.5584546932296,3215.3721691474534,3358.2281518241716,3497.5459893348457,2850.3831663970227,3107.3573944311206,2991.1359238460705,2731.9887299617985,2822.47008759374,3132.0246692709825,3117.6091893159073,2596.901382971528,2486.9211724533625,2780.456943484108,2652.677917451245,2437.6811456550795,2457.2903640698096,2785.002773490275,2640.9985080001725,2244.4009802433648,2229.223042836162,2509.098563365349,2162.70269810443,2331.9514135690147,2564.512456446496
71.88332490686442,709.1942998501047,588.0769114600088,419.01291656859786,253.83311040664347,218.02281295454557,576.1029927299787,408.71285034449875,134.29966453004977,460.00802944674365,248.92123857875362,197.8200912618917,0.0,307.42907945596556,86.09322209963187,433.77351056684495,188.46983748846407,456.47778472416667,219.3926149387959,227.83187076213753,599.5672200267413,286.99086065274577,470.31683097163057,657.4485428966253,349.67024790454667,748.4271787308703,628.0441289161137,552.8914446475917,456.2255924453654,578.9590282723574,863.5234510864829,634.4013135750887,851.1122719542194,724.947017566473,679.8397944710173,680.0467038380921,805.317428094251,949.7379047188174,1146.0377035085169,1220.28164077485,956.1654073805269,1257.8676092665335,992.6644531436775,897.4033203899351,1001.9490253669999,941.3729766246136,756.5865783143987,851.5463064832385,1358.8646678382165,1353.2390029975359,3301.302945491639,3231.6308647022265,3327.3517014878644,3123.218075380243,3135.0413859295486,3170.9294085836686,3423.4280357869125,3008.606791352133,3479.9220390923233,2985.968447546648,3006.2011114558995,3436.073008787681,3596.4489171013947,3362.8197029533035,3515.750390355326,3229.9640901221337,3146.639085054129,2950.330836455583,3390.366161932184,3279.25016453783,3570.8562755831485,2892.146417015124,2949.1297651793125,3115.989666631368,3364.170622135636,3034.413825682856,3106.852406253096,3260.5209565032956,3411.1238730104988,2767.829635956848,3038.6232969444945,2932.179240731051,2680.82312098745,2784.4635239744175,3110.371555310125,3108.179095804381,2592.187181769683,2492.934647357868,2804.5730112892034,2687.7551243103776,2482.0414648298147,2515.1672465638735,2860.8012902906103,2727.4712681735946,2337.2718580536953,2334.3555568443453,2630.025377553116,2290.5966397206753,2472.8494101675096,2717.3733245359954
115.41976087024479,705.2419559836309,596.3155939165697,487.6726579364367,534.2703118175311,481.9914383458831,447.6679499511006,318.22369745745476,344.70692457458165,259.7049666467831,162.01592097993532,145.89429234351567,307.42907945596556,0.0,368.6727913090305,154.53364452198193,226.02637051836672,238.13668101592884,485.7195837226425,374.65948764699823,432.35306805556115,436.9193476707222,445.79869464768905,569.0936376954234,561.5285037572356,690.5629046758327,648.3337868157065,645.589782834879,659.6105295367639,710.7018416663975,905.7805358714978,782.9545481915053,941.9333088385279,875.5286199821812,864.7327049074215,880.1703281932986,981.0208523442396,1107.9342955838003,1288.1642730773572,1368.5220342360785,1153.6523564841395,1430.468060418058,1206.917244868783,1133.5974212851022,1233.9216586329553,1187.7293648390107,1029.5578484457353,1119.0658302207053,1599.2726277158604,1601.9090842590178,3523.324644364001,3465.354338629773,3570.816245998363,3377.4790499184933,3397.941721672843,3441.6293522506403,3700.625473222122,3293.291499318426,3769.4260008524743,3280.966082083322,3305.1716126119495,3738.1748867265947,3901.0993248606023,3669.1958171325036,3823.040003521907,3537.3350921120573,3453.320765250425,3255.6476590151374,3692.9547902336335,3578.7362767485715,3865.659570658551,3183.9383750497445,3235.2358868894703,3394.8900808789494,3634.3070633526104,3298.3742313607668,3361.2218382416795,3503.5627609941807,3641.7786689308577,2994.2847127555965,3249.019074105765,3130.911996533458,2870.1677777897157,2957.172677148248,3261.424273672418,3242.7016821938832,2720.8723439542264,2606.8327208861274,2891.8462974789554,2758.9372854236017,2539.5887461089424,2551.579273475917,2867.348762186012,2716.4324855618897,2316.484130234262,2292.0347696945287,2557.659697744205,2206.1425903299,2361.8028774822938,2580.2593407472405
63.031060159751206,787.0681007725622,666.2922333311287,493.6139024016812,262.1360254593049,244.91989814980315,662.1951064750737,494.80493376425636,204.92620056760134,542.6988809229897,331.7460255893887,277.038376967777,86.09322209963187,368.6727913090305,0.0,477.7727489722163,197.28333704311717,480.7485039257011,133.60916654626874,174.2545788448558,600.3097631764753,222.47394100097654,439.1769738300854,633.3117163182716,266.34754329721574,713.031614257249,576.7293549496202,487.06326561879166,372.36259796887845,504.34631971305635,801.7112411380225,555.9371137229049,779.8337226086471,645.1713905758057,596.1746706923694,595.0547369199932,721.9460720624642,867.6067661157098,1065.0299186873817,1138.3617102959008,870.723666130359,1173.601904183635,906.619756744466,811.5805003106161,916.0369778508407,856.2069668100485,675.0805217292711,769.0497613044049,1273.5806352665743,1268.6443161625207,3215.4778503981197,3146.3539002368975,3242.830196138901,3039.861844460139,3052.993552735437,3090.4139973670053,3344.5479888863665,2932.0085137787173,3405.2899874358905,2914.044592139152,2936.90144474025,3369.5024535697366,3532.9520436498324,3302.5996640955896,3459.0122258483693,3176.7376266782067,3097.103201691112,2904.4731742057897,3349.0408477210963,3242.0096968674716,3538.39402559774,2862.89383988473,2924.5045770642073,3096.4151443177516,3349.9732422201323,3024.1428374035813,3101.692738117122,3260.8018075684463,3416.8754698696494,2776.226313258834,3053.181180164109,2951.3176498702046,2703.767611353313,2812.8855860359477,3145.0816966039647,3147.6914857738225,2634.1567800346565,2539.0360338363075,2856.6706604792957,2743.6895340209035,2541.2389175390285,2578.5081120454274,2929.033889951748,2798.7095116372166,2410.475788998867,2410.5133352702505,2709.447857205062,2371.542248522425,2555.9458868852053,2802.061148018304
131.0402330859518,835.9988840065638,733.4227040021904,637.8003034113038,675.9987392717344,626.9756405921885,551.1057199382602,449.21807764974614,492.8308498346069,353.26046097888747,315.07481407499466,298.9239299227106,433.77351056684495,154.53364452198193,477.7727489722163,0.0,294.3620588362042,116.16547241083688,575.1035664034162,428.9812905276583,308.6882678326592,479.26541428969676,398.701587637482,472.5686113912877,616.5380566353963,600.0560082945606,599.1501202948253,632.9974872088322,702.3006673267159,712.6353848218723,851.9036132553489,788.9302840863367,910.5254587064994,877.8418611013286,886.0365657868286,909.3342641663518,992.7351835480159,1106.077708159342,1273.260795373383,1355.3643482570824,1172.8770526180983,1429.8269265742488,1235.1063017319993,1177.3040220757857,1272.9059422523735,1237.2713022021626,1101.7238316478151,1185.338667013693,1639.0651872119154,1647.665218155961,3540.7760320941925,3491.3063187336006,3603.8746731514107,3419.5396460797515,3447.2891862895335,3497.968257600839,3762.8917447060726,3364.137975924532,3845.2924702617925,3364.6681833587595,3394.8914434196668,3833.180558359374,4001.868381774409,3775.709735633504,3934.9160596914517,3654.176921736753,3574.834898654521,3381.336547785027,3823.4762666955094,3713.016528921047,4004.03887554633,3324.3112917086733,3378.711054292721,3541.3685477610115,3783.50079327808,3448.9382545353506,3513.4698365710965,3657.126943851095,3796.109862344409,3148.7072784465586,3403.458479556835,3284.931474794832,3023.6794918100863,3109.216540345463,3410.6323801552376,3389.3347996266666,2866.987142809473,2750.4106665621653,3029.391173446382,2892.8510896618823,2670.4800530953526,2676.6108312340775,2982.3189751906807,2825.849245497325,2423.880286255752,2391.5662620105736,2643.8307370564094,2288.711317325965,2431.197823428683,2635.3366658884925
89.55416460071498,828.9367299770562,709.7245332028258,558.8653415884344,440.23600780449846,406.486860973165,628.8367047268415,471.6769771204616,305.169751032657,464.2818149662919,281.39283789338407,220.52065902938207,188.46983748846407,226.02637051836672,197.28333704311717,294.3620588362042,0.0,283.86653870267577,280.8531707013023,148.63685003139827,411.6040436644586,211.6603229773914,298.6283016082287,475.51602880675307,336.4287680725988,575.2659819743263,480.3757264587482,442.4421462488858,433.5842857822131,496.0535178392497,731.3231977510125,565.0846043238869,745.3926027852042,658.2718765372188,640.8224881513839,654.7612951529619,759.2409764976915,890.6797253477329,1076.3491405473208,1155.3013248828497,929.3078472505125,1211.2601355206996,981.2002413088544,907.9816344404654,1007.9952021524705,963.0232645762497,812.6705131722119,899.4602329090942,1373.525008176621,1376.8740400887473,3298.006182628142,3239.382289351771,3344.8746358637327,3152.341873095167,3174.135876799455,3219.6998743318277,3480.8067890321217,3077.2110332888396,3556.148916901242,3072.632989787772,3101.4094344171504,3539.0017431462684,3707.5333387271958,3481.9885908609367,3642.516650245502,3363.863550851048,3287.2669911786197,3097.083410212086,3543.77744176318,3438.138537380187,3735.4299823352785,3060.170258912817,3121.5758265740387,3292.6164469277505,3544.5409474707635,3217.0216822088937,3291.85720863563,3447.395751753375,3599.1602471704655,2956.145821285705,3227.0022115733846,3119.99563322015,2867.7982194447327,2969.4847690044476,3291.992366016968,3286.4256949269384,2768.689409800019,2665.6537185406332,2970.1518056615737,2848.136963775514,2637.531440763814,2663.084056148953,2997.47903856535,2856.475659079113,2461.23668552333,2448.3285462708022,2729.596088048803,2383.152341738648,2550.9890395180637,2780.26572031637
129.52648598841182,940.0178937265797,833.3737470386901,724.0301996111225,709.04238832327,666.4421855213042,663.6698851278413,551.9868580528647,541.5705336221581,466.2405979851487,397.5964263988854,366.59211752563573,456.47778472416667,238.13668101592884,480.7485039257011,116.16547241083688,283.86653870267577,0.0,555.4173304363576,390.62736128870233,197.00728828484074,428.4285364195931,297.69649679022666,356.42299447666426,568.053949839229,484.0287859721569,492.380367036698,541.7636545719249,642.3625676010795,627.4057524908496,741.5780509321515,704.5375994269444,807.306729780607,790.2346317567353,808.85609673995,836.5428533048193,908.841799698676,1014.265471015253,1174.6504302349458,1257.154914528268,1091.534289018356,1336.8844349105118,1158.4313033266617,1110.6820034050804,1202.506678937825,1173.9902104674159,1056.0453311642714,1134.3289197262516,1567.1370533027466,1579.4552443472378,3453.0116399281537,3407.984635680917,3524.3752451125615,3345.4609371468823,3377.7083048709387,3432.9063821917803,3701.6423736381153,3309.4614659761446,3793.9527081733636,3320.0394431500627,3355.2881353519283,3797.7933614707426,3971.664892119191,3751.3047145703554,3915.906345931093,3640.841303449003,3566.9882026887894,3378.8209006261654,3826.938610011739,3721.941397863956,4019.141252398271,3343.307355098587,3403.3150619697076,3572.0374180015197,3820.582811050989,3490.1122909985006,3560.343466213615,3710.054306549562,3855.001941092721,3209.1644504487244,3470.6369986851464,3356.3554877206057,3098.107652380302,3189.02663514,3496.926586730808,3479.837657536542,2958.2575886618783,2844.8435346511405,3129.5635421432244,2995.6821650306874,2775.1861715725536,2784.356640831551,3093.8814690159847,2938.8793382264766,2537.301951866381,2506.383841215657,2759.871677811408,2404.845405788607,2547.057021658248,2749.769157125169
50.346797246650375,905.1413177357092,785.4960775343022,609.4223581910676,311.872765122416,319.70799919829096,795.0882481712467,627.7371954119737,324.83880952667226,675.0985030133352,464.5548496181674,408.3175799490808,219.3926149387959,485.7195837226425,133.60916654626874,575.1035664034162,280.8531707013023,555.4173304363576,0.0,175.7166898516662,639.0573241289342,181.37257969132153,436.71033713355143,632.6459558659681,152.53878734004513,690.7891151566205,529.6463363716358,413.02997029272285,251.87743305619296,408.37574856348385,728.027447105097,448.7211664056369,686.536941501521,533.2607530557609,473.67349820766594,468.1103651574691,599.6449679057005,748.1010654349789,947.6827678316909,1018.6184205393683,741.5435572994447,1047.741364348397,774.6292184830794,678.02301873195,782.5588124766902,722.7600810511512,546.1882321778248,638.5567037061617,1140.052566134119,1135.564798558403,3081.926509088853,3012.811269522205,3109.725102509117,2907.7707860316987,2922.258151402796,2961.424764850182,3217.5061935968506,2807.9550166130593,3283.7092877409896,2796.290421933443,2822.78913684431,3259.0323922594807,3426.7777499703648,3201.2666578257604,3362.6534833941514,3085.744369540703,3011.661363319018,2824.741792228159,3275.6573699096275,3174.895466246632,3478.2128246429625,2808.4182041124945,2877.017539377023,3056.4212931621114,3317.9036059836553,2998.577624196586,3083.904040641617,3251.206075976489,3415.5647350919935,2780.0177161015085,3066.092278722375,2971.5425846460766,2730.377921901753,2847.8765929987767,3189.4757272767592,3199.6815346395797,2690.775202626734,2602.351189005958,2929.0759433995354,2822.3954349300693,2625.458392354317,2669.3995790624363,3027.6684352804905,2902.4792296724386,2517.8598196627618,2522.943776084462,2827.4963794514533,2492.5215610242412,2680.995903691893,2930.4514070248347
75.14389115231471,930.5321423789636,809.4973027112827,644.7450262543081,433.6672122210727,419.1744767068945,760.6029246496996,597.5952945987518,362.0859562457952,606.8305204986312,411.3849213471674,349.182706241741,227.83187076213753,374.65948764699823,174.2545788448558,428.9812905276583,148.63685003139827,390.62736128870233,175.7166898516662,0.0,463.34468866545114,66.96101441968332,271.20714455849713,467.74139461395805,189.33630673215657,540.4625381025696,403.47286536305364,326.69457851716885,284.95434816224235,363.2192082319475,635.6971562954226,427.03403224590454,627.9689484212665,520.0500264322588,494.9139307113759,506.98816007370544,615.4583556811286,751.1416419370764,941.268375450375,1018.6631919809448,782.5307067201841,1069.0703949519766,832.9582496162187,759.6460895800004,859.4076229179306,815.4676932469325,672.8166855979798,756.6901484044915,1225.0529580459083,1228.9409707152413,3150.0126713175614,3090.8242048624857,3196.266373553314,3004.238477885586,3026.9397868275314,3073.8105699309426,3336.3709925664903,2935.505839538172,3416.3144948790027,2936.4951568579622,2968.543584434669,3409.171030923799,3581.5775481466962,3360.678654841079,3525.8046004966077,3252.389519289071,3181.129122951022,2996.5121321194833,3449.1709282176826,3349.670949176126,3653.7339343567655,2984.133901925242,3052.4356024672074,3230.970526376437,3490.9554877735704,3169.8784903883916,3252.6854160156277,3416.777571439452,3577.299881099602,2938.928956681051,3219.7415540345555,3120.372786806679,2874.5847745051938,2985.5469090872257,3319.0104252134192,3321.9459091776,2808.3214725891576,2712.64384157507,3028.5118497636854,2913.6709740367705,2709.127406265744,2742.975578051196,3088.030046152893,2953.3744176811574,2561.8698415638373,2555.8864950860325,2845.965580737596,2503.0826178321113,2677.8288729698374,2913.2798915091616
141.01290129018318,1136.4752696831185,1028.657154673339,912.7472562983648,851.7800978411212,817.1820266921868,859.5127398765965,748.499971721651,705.0343630668314,661.7497246982572,587.842312959115,549.9834975018898,599.5672200267413,432.35306805556115,600.3097631764753,308.6882678326592,411.6040436644586,197.00728828484074,639.0573241289342,463.34468866545114,0.0,474.52834559262175,244.68410410024623,187.15595781360472,603.3760886543432,312.7702753004671,382.2201886331338,481.7896915236513,649.8319097369479,577.4724433269819,603.2851415437427,652.0998863612296,694.9144154472616,725.2833324288785,769.2822810534292,806.0042240689421,849.1946658389016,931.0391855455786,1069.2020091566799,1151.7445763614946,1033.3101536362844,1245.1204154440456,1109.775153337259,1085.317915092941,1167.037929113967,1154.2591273610888,1073.6444501772803,1139.9592158545724,1522.9301900698106,1543.1107094512877,3363.9667908914034,3329.359548073756,3454.1164167094203,3287.4167498542038,3329.1046386966054,3393.4860927354107,3669.301471901788,3290.953928799143,3780.7076731848856,3320.49755302223,3364.8416805401357,3813.868715164793,3996.5222915412196,3786.594357945237,3959.967487245935,3694.8278725285486,3630.00041767377,3450.6871921211564,3907.1356254697234,3810.609009367854,4116.478851915654,3447.4741265621146,3515.304705729194,3692.11719093105,3948.942130605692,3624.295441223785,3701.706745872785,3858.7336491231586,4010.6707246638725,3367.3078098461033,3636.0372127612427,3526.3976313165213,3271.4570406486278,3367.576831672647,3681.1960223080164,3667.590864183542,3146.791701735873,3035.709415171888,3323.879083703969,3191.272744748872,2971.4834446999294,2981.3095033662444,3290.3858376741446,3134.5001017631066,2732.568143726375,2699.676514247361,2948.3494248937304,2592.1153055438544,2727.9873454800954,2922.36194779251
