0.0,30.853286726535625,12.39369588721172,34.666808931212124,45.459494249257084,36.347809460632064,35.8897975130955,7.700358524391242,12.974415959486997,11.761893019044273,33.25217289496493,39.050655025648275,32.90000358547839,7.731175723702841,23.105129234140175,26.068766337796983,22.94563809987009,11.327526925889256,34.414339261528085,22.29758124079875,9.339809961491353,25.867957374355207,29.782128210327315,48.450951521181615,30.765659554386165,124.850093811994,140.3372961331071,126.81605304981053,150.97868680555925,182.24367984909222,113.11934775822931,143.76276989753308,157.88110878489803,145.13968947439344,127.28032950134765,149.0572507775156,133.18017936096976,184.95601022062417,139.6110866538421,115.53534298312022,140.93433272389436,135.1932490090132,178.1833575587668,124.34752602674304,172.34217401914893,152.54675641861587,122.14654382259188,155.77432300997552,141.8929547194938,119.30810540981494,742.8210913424232,731.5353393371153,760.5571800709298,768.7147631148054,702.766890835299,707.2248486336944,731.8795704825568,743.3972934626146,721.5775031935301,759.6423166095377,756.8555986891624,782.9018704097232,758.1967619513928,772.9349965395845,771.5575044087195,762.1935790083119,757.1049920980125,754.774646695198,700.6457954046474,728.3936060385267,768.7400183952045,738.0318362476958,739.1476070782701,738.8080550205628,773.6742685403477,485.71133641386587,455.8305677376756,483.37298784415685,495.25317756389944,452.07879920912177,455.09328686437766,427.35199899173546,438.91657316803844,450.9692072254362,486.2023716362846,461.89270788522725,442.4675602749567,466.08467498409544,437.48555608735575,469.31434388631527,460.6142192063583,486.0667501869187,514.6128878048152,426.7483801298321,484.02687928152625,467.5938848054721,452.88017781781093,453.63543688485146,459.85197477538645,453.3736091930706
30.853286726535625,0.0,18.85635996828772,7.172347722122585,27.636649128168656,65.27012647451744,50.366181675032465,23.223165213543293,36.949177290656316,20.171255805547624,51.25479470334555,51.12358072152126,29.580152740394993,23.311599328209212,53.91213028137316,53.424872862390345,12.506247097002715,19.802986767919517,26.637461278226546,53.12763786683475,21.522037224032072,16.35420980442045,47.78904362554542,28.3426754356542,8.743413867408162,131.33473327552653,143.43621081525347,137.11321415513106,161.42257845990252,184.42494394615798,114.52864805452627,154.31291244371698,155.57696367579132,159.29771120127398,138.47455344875746,160.22973047594832,142.85168809693727,186.6128359272159,151.82200579606416,128.4771585196433,147.60602687413302,139.89251276827488,186.45016653512093,139.71100009542184,176.6697938539714,162.76344329779766,125.60681857916073,160.4064582081941,149.95320608575275,128.9964853526197,729.8574351360583,717.6621550605223,747.6547745157521,755.960561403329,689.8858405867363,694.146759108724,718.6043204807761,730.6946393894792,708.0268932794995,747.6722268552917,745.8330137435628,770.0233260171643,745.4582503202165,760.6313518555312,757.7049177622993,749.6087409766814,745.8695956416774,742.2717511364339,686.6791009987065,716.6866727329573,756.165330470955,725.3354182158168,727.3868812804817,725.5981605932851,761.7679742384959,494.66777124786694,466.97295168594354,496.4004956928532,505.08726196680976,464.0367199221916,463.289051397764,438.01926321958496,448.97155264829786,462.31034931368254,496.95549189860657,474.30604783125665,451.7798974063083,474.8246061990111,449.6975563557661,482.05845663046745,473.5253461057214,498.9438799012841,525.7084909367883,437.67255142198576,492.3584946279197,478.6581537475881,464.44214449216946,467.3814688473577,471.12406519187203,467.1328765127565
12.39369588721172,18.85635996828772,0.0,22.274298054209716,38.25266996287933,48.36682557885015,41.60779673457645,4.757821607884555,18.93376694786883,6.4785704960027966,40.48059344217799,39.28337167428961,25.460380663853783,4.662750661995734,35.18145490174316,35.10860554290155,14.114265449267553,4.532188227317286,29.994378907675202,34.616363924111766,3.9463884381807293,14.93298293285839,36.825106875884984,40.58656364526075,20.59980019764132,128.9340903402133,143.1807783055939,132.40530951219196,156.74293698841285,184.90790885137378,115.09908285671108,149.53687951229827,158.66783160137012,152.2994407402747,133.2206306463865,155.09371083815535,138.56176898003898,187.422535998069,146.00544447072744,122.08312486540896,145.18677291287506,138.63878537692455,183.20716574602312,131.87473763543545,175.81462893169225,158.2299352847598,125.01574111833095,159.29914636275225,146.69263315553852,124.61294358266699,735.3902242254728,723.7831475280592,753.1508079291577,761.3620773316086,695.358181355946,699.7474609987568,724.3370801560923,736.0587824598227,713.9365576754722,752.5668041987454,750.1191933182917,775.5073586364022,750.8479725121073,765.74280839009,763.818755142684,754.8998604988742,750.2920886988478,747.5087958030631,692.8556572298651,721.406718925338,761.4509303553848,730.6946329571795,732.1433918669361,731.2897193334808,766.6237760106584,486.70043884226584,457.73711333015274,486.1087196618016,496.61804495577786,454.3355719421276,455.7476919062401,429.03995818438744,440.3489899748439,452.958978537056,487.9555058582753,464.3516499942657,443.58622689332236,466.97340040415065,439.84543103915485,471.92055531200833,463.2895164750531,488.7379059617643,516.5242065182315,428.5462726255811,484.75221254199136,469.4723268894291,454.966106626831,456.67373164133073,461.81623077916834,456.41761472238244
34.666808931212124,7.172347722122585,22.274298054209716,0.0,33.54765952219372,70.23743289233063,57.21522480908586,26.989893032797617,38.50005032144632,25.225196741579346,57.84361887858225,48.7629103153342,25.646027198521328,26.935833700805954,57.26847655986164,54.90269710275321,19.334782310760634,24.41029661076088,33.7278961935226,56.85655718281983,25.638157636146655,14.15845612084465,54.3188600489289,33.689316711511346,15.723649910645198,138.44373719982258,150.3849531219565,144.28466001607134,168.592233295805,191.26719164359014,121.43068246898031,161.48386932101002,162.0921202717573,166.4357601397367,145.64635899606552,167.4020502079418,150.01815359960096,193.41586447756848,158.98955408899627,135.6277237136202,154.7080326964721,146.9262934195274,193.57851513416662,146.80147801804694,183.64927745715337,169.93124787975498,132.60147027169506,167.41585310236573,157.09153906164033,136.16588742954903,722.694268085232,710.490932614605,740.4922554015038,748.8000681465663,682.7242265921808,686.982482944969,711.4375919756748,723.5352030066036,700.8577345699449,740.5262742687346,738.7117159374773,762.8609245963466,738.2981019742834,753.4784096138901,750.5336628846072,742.4509686001805,738.7421006930505,735.1154463716488,679.5075743745227,709.5473613806734,749.0076496510875,718.1761409302444,720.2460682310134,718.4320711657018,754.6232104013858,489.6429913232831,462.35498810860895,492.1413796611543,500.2130635213048,459.5772279624587,458.14702219697784,433.3255463316006,444.16009544735357,457.73227493706236,492.2521463547381,469.9320720452421,446.83453283753977,469.7701551765819,445.2948453655707,477.7476116350051,469.2521011308804,494.6530834416474,521.058903144997,433.02707872101473,487.22804290519525,474.0204296837254,459.90550083631376,463.28410336713625,466.52893661273487,463.0384185355358
45.459494249257084,27.636649128168656,38.25266996287933,33.54765952219372,0.0,69.49247075328188,42.217016988182614,40.195477900958,56.508082618694125,34.37028173292446,46.028686447907916,76.56592086695525,56.8932576833294,40.64136546043257,66.23809373194969,71.48750986449942,24.145601475265284,35.6678484828899,13.507955432604463,64.17222270311541,38.126573133286186,43.29203395974183,43.788098746186094,3.9303229387651855,19.693904288738096,108.4878474647035,118.6782258072446,116.43632840045404,140.3080790971128,158.8784155648038,89.56274429636312,133.4027181068128,128.8309713179818,140.82398588826143,118.36491234776913,139.61150865877744,121.62683600336196,160.8630787115115,132.08812043833916,109.93122430865705,124.52362128653375,115.93421048712959,163.68070348521252,122.69971334810737,152.0542718459677,141.4809057727051,101.33007223880243,136.10795847416716,127.60244244230853,108.14911043900284,752.4943139596451,739.7794029872266,770.3150320297776,778.698613014062,712.5957540921729,716.7429699676413,741.0713867540411,753.4765552371447,730.3415900652213,770.8391142962115,769.4832283877475,792.683826987202,768.2112564950437,783.6132661777193,779.808234042108,772.4440728098506,769.4142559388076,765.1562951205278,708.7627047109399,740.008890908723,779.0023955614812,748.124149838476,750.674869368042,748.0980765916486,784.9604699679584,522.1245311252386,494.1235508696758,523.1762269534505,532.4440091413636,491.0349566371562,490.8107953923788,465.24004049488764,476.28619363630025,489.42471089328444,524.1781366138774,501.213228416106,479.18951771204235,502.2996407363406,476.6393889586985,508.8952173293288,500.3212399258975,525.7553325815818,552.8814257961717,464.85152650564095,519.8733347147787,505.8252449894976,491.516814932895,493.96939060996385,498.2531951528008,493.71724436257415
36.347809460632064,65.27012647451744,48.36682557885015,70.23743289233063,69.49247075328188,0.0,33.172566418124816,43.627350360362776,40.62326970164502,45.15779578176772,27.486386091514383,63.386507706773834,67.2619635714039,43.81216066101351,20.911108633728134,35.99551197486714,54.3185098986592,45.83070552707561,55.992976528738254,18.4346420854631,44.70215399328771,62.171759093388914,27.741090663765377,73.31315003137033,62.273555336713365,109.43933162065355,127.90694191927427,106.74826539273829,129.50986802666853,168.96448952235397,104.77452179099694,122.48962819145184,150.83530363111527,119.77170407042146,106.13003553715927,126.848428693336,113.46524461171903,172.18564392820633,116.64226168014653,93.0753840379343,124.28304093749449,121.196236172001,158.1680099581674,98.5343517166528,156.96395253067644,131.26922894516184,110.55279306870972,140.738530518722,123.57524128885936,100.4741635778419,772.3643445337109,761.7469388989956,790.0392837750577,798.0799918019796,732.288528400423,736.8861754190264,761.6607214575417,772.7472775899706,751.5673011198264,788.4268394231264,784.9123679068481,812.347070690435,787.5597116162533,801.9596057773986,801.720854296236,791.4386194485636,785.327355444587,783.9653101619583,730.9519919053963,757.0088619761237,797.9716134870793,767.3822752909763,767.7928165034389,768.535263518304,802.3970599770487,494.84601761036254,462.452550239189,487.44882394273543,503.28790036948715,457.69439845689266,465.2799539707608,434.72877657379587,446.97435922972113,457.3694367819906,493.15282818713837,466.87289251901575,451.4017735026928,475.57318877047067,442.8612633793909,473.82898329484607,464.9582203919642,490.3250650430249,521.0085462756603,433.8110397179128,493.9088530044912,474.2506919731227,458.9923228554738,456.92216426407845,466.29009004697826,456.64424991049003
35.8897975130955,50.366181675032465,41.60779673457645,57.21522480908586,42.217016988182614,33.172566418124816,0.0,38.535100861239826,47.92556641226246,35.371881829540015,5.712357473339934,74.5989549074833,66.87536539148257,39.06364434022563,41.68813264012889,54.60794436110439,37.8975698922513,37.17363649941789,29.691843891514978,38.4215042321166,37.964884627894364,56.06600390964361,7.08879527086201,46.126748206943766,43.63318105705182,89.00511683492932,104.9370146224966,91.14329040183615,115.40622355370218,146.84115029586025,78.54266214196385,108.19050495550186,124.14545704457505,110.72189165023941,91.78662417020752,113.63741493625864,97.43273182417755,149.6615847160568,104.43994389948558,80.48411494089676,105.05647054625152,99.51681953703348,142.3597751915715,90.43132194087768,136.6040887024582,116.93565398966405,86.80280499647893,120.03747507372888,106.01968806747546,83.52455099674542,776.9907418687495,765.337561868686,794.752969814272,802.9672383882564,736.9605708862531,741.3443130322171,765.9265942788159,777.6646461849865,755.512128640548,794.1694560842672,791.6791245120933,817.1101657694828,792.4533512863029,807.3502103997031,805.3751490315328,796.5070439151054,791.8653228434662,789.1164467294733,734.4024660063803,763.0020535759564,803.0581998681695,772.3005674491272,773.7404414187046,772.881993160291,808.2248196401666,518.9736187676186,488.0611871959032,514.4596795390847,528.0959979350305,483.8627273350898,488.71792872852467,459.8791372477972,471.730185285002,483.10021328072617,518.5941614244806,493.3928613213191,475.62547297424913,499.465832210948,469.14881073418024,500.6012798499093,491.8133804372911,517.2431968044946,546.7845131317308,459.1437033012119,517.5615550734711,499.8479935693958,484.8864152752042,484.3119450618149,492.0060954476845,484.04186160554883
7.700358524391242,23.223165213543293,4.757821607884555,26.989893032797617,40.195477900958,43.627350360362776,38.535100861239826,0.0,16.31312414013764,5.947934261009504,36.92768110608486,39.344093460438856,28.385202979232346,0.5808843915686093,30.689139624456647,31.803359697184167,16.51968478293925,4.543390665988226,30.592337764552124,29.988563133351946,2.08955475917857,19.189780710247256,33.29511250068533,42.84960997834204,23.869663925533924,126.67464107719694,141.38068611891097,129.62136577618483,153.91531069620564,183.20041331377539,113.5854514489457,146.7015001668176,157.64121226128782,148.99483206735877,130.31658904905532,152.17134757755693,135.85462636609128,185.78879107501348,142.95533052220034,118.9634311821037,142.88143878845887,136.616794782705,180.65128786707612,128.43645315301393,173.80842336780748,155.43120596847993,123.18882997732814,157.2642180013239,144.19492056433347,121.92049169860206,738.6959957156703,727.1994541246613,756.4484580663304,764.6412972952617,698.6554200757562,703.0685605011396,727.6811954138393,739.3325858718711,717.3144014466955,755.7495425890714,753.1833258052955,778.8013281139912,754.1256371530432,768.9664169564661,767.2312012012688,758.1585121621478,753.3830362642848,750.7576292837491,696.2843527197773,724.5578714619082,764.7081041320063,733.967871504567,735.3008328015238,734.6256383515525,769.7980787234362,486.899670833385,457.5799082075701,485.63110009147107,496.6733447625289,454.0421091350643,456.0728326853798,428.96476589046347,440.37359347490576,452.7690922083225,487.86014387597083,463.980333641504,443.73202246409244,467.2096214118145,439.51057347974916,471.4924244225288,462.8337272559261,488.2857039013189,516.3695944236944,428.4284931819169,485.05254806523914,469.32698957872094,454.7390791047303,456.0754215262617,461.63699618976676,455.81704574977965
12.974415959486997,36.949177290656316,18.93376694786883,38.50005032144632,56.508082618694125,40.62326970164502,47.92556641226246,16.31312414013764,0.0,22.191693325744883,44.6091082339976,26.693347378719114,27.068873940992322,15.869755695729156,21.71723841023674,16.495570035604878,32.679006891694726,20.84277898983072,46.54018518443552,22.842332077423013,18.382833968754337,25.941968028889434,41.375368821470516,59.12556970016405,39.532381852607,136.8788530007996,152.77113097186248,138.11412560920584,162.10740336549355,194.68547275541943,125.81177517639438,154.90394421429164,170.74104613729702,155.32437825409974,138.3711092757704,160.02358107387934,144.57419410027313,197.45260961999207,150.37107304388115,126.2814612328203,152.85745210328054,147.44065784305562,189.67338560439237,134.3140795515582,184.52639957395542,163.7198383915237,134.60155903182508,167.960717947796,153.56419415125063,130.78634877924057,733.5033888053499,722.5209626624682,751.2144922685853,759.3224110617008,693.4356644967177,697.9556230085814,722.6663886504898,733.9960158990189,712.458427738533,750.0082715972445,746.9403112969735,773.545203954257,748.80245697048,763.3998977355902,762.5238123043475,752.7494773000207,747.2517489513956,745.3069233965123,691.6736283465746,718.68896784923,759.2908508490624,728.6302239642825,729.4559514855283,729.5713376950372,764.0168923097494,472.75146023991425,442.8610680378007,470.4602007803749,482.2804604012633,439.1251426750567,442.15607163750303,414.3780525184814,425.94313084620444,438.0024238167969,473.22954305374276,448.9535572762094,429.5025145471912,453.130716511282,424.53834370326416,456.3881949660807,447.69451120619624,473.1473734802414,501.64409036394864,413.7759746845168,471.0833725561165,454.62369677997515,439.91739935819476,440.75795884017526,446.8843841322819,440.4968879931705
11.761893019044273,20.171255805547624,6.4785704960027966,25.225196741579346,34.37028173292446,45.15779578176772,35.371881829540015,5.947934261009504,22.191693325744883,0.0,34.57390108842194,44.958360919763685,31.91501588328934,6.4605064260888865,34.604507119624984,37.29633809402726,11.189956102386665,1.9697325411163213,24.670284185408633,33.43565338398776,4.023449401238904,20.74182487875965,30.920620962362364,37.12926385103297,19.0366008684099,122.45652208642244,136.73001857600985,125.99887373588466,150.3450098967093,178.47360356871636,108.69817268389637,143.14185502598656,152.4193397076288,146.0937583295054,126.8481033823392,148.72379498127668,132.13660120806975,181.00193366807017,139.68209245775338,115.79389308973164,138.71053240003027,132.16550938749685,176.75232509475217,125.7549078501032,169.3433050652479,151.82428348059472,118.56027761558303,152.825584547803,140.23188350556546,118.18627892341343,741.6329654150625,729.9659040454596,759.3974889582313,767.617796972449,701.6055517801211,705.982691699943,730.5600458885635,742.3173266993284,720.141298365306,758.8666483372632,756.4654599522978,781.7557077382819,757.1045287205995,772.0246168738023,770.003394416146,761.1655202168031,756.6285759859628,753.7791344360709,699.0314447405896,727.7199386362327,767.7172426218561,736.953492903917,738.4539654475682,737.5169564991432,772.9271045552939,492.52246454155795,463.3311500719716,491.4713756275936,502.35204688646854,459.83420379809024,461.6421932797748,434.6887979620576,446.0628557061436,458.5305076902313,493.5916413910307,469.7938158211087,449.37559614885515,472.81700402769457,445.31401145775925,477.3205484237165,468.6685672164781,494.1199051569308,522.120622765594,434.16667058507363,490.63303631724494,475.0745854366884,460.5118209699851,461.94217458412004,467.3952093006464,461.6842619094122
33.25217289496493,51.25479470334555,40.48059344217799,57.84361887858225,46.028686447907916,27.486386091514383,5.712357473339934,36.92768110608486,44.6091082339976,34.57390108842194,0.0,71.27954894835099,65.27211606778651,37.416075893415716,36.579516226332885,50.01893921281726,38.764428856737446,36.228240751150764,32.98674733827917,33.26863682888467,36.65881987481256,55.27780355784512,3.657072094983966,49.958809517587866,45.22172649553108,92.40148792885724,108.88441404233197,93.62856942409574,117.7464181272213,150.73513916793075,83.02172957932329,110.53195724627204,128.8238048777924,112.1166243038913,94.03779303895612,115.80573300037103,100.03845388784485,153.6323647443533,106.37389166699356,82.309195471921,108.30091945668973,103.20085383309446,145.10588292956433,91.5098225091555,140.15839329214992,119.3248023295508,90.83057362432655,123.60993701789444,108.95561459242968,86.21233884981014,775.6069755228957,764.1270669511086,793.3566905324295,801.5427218347207,735.5638066259785,739.9841793067038,764.6021657243645,776.2319907180723,754.2404922638402,792.6002062062117,789.938169287554,815.7081813013226,791.0265065850529,805.8415845806685,804.1588739288584,795.051286886508,790.1626220446069,787.64589553881,733.2114415730745,761.3869534623792,801.6001637435373,770.8670798123031,772.1343356155846,771.5448279771188,806.6429346651589,514.4273365906944,483.2925105096799,509.4910192015463,523.4497509962324,479.0122120948802,484.2704144713154,455.17366279723336,467.08436995931305,478.3131213814444,513.8535274488431,488.49263545753365,471.0588770956917,494.9519575277356,464.2793262669208,495.66550696870956,486.86484088134813,512.2880785113028,541.9977421161474,454.4114711681588,513.0860439783022,495.0823859509085,480.0757854896556,479.2864842837916,487.2222356979148,479.0152651124444
39.050655025648275,51.12358072152126,39.28337167428961,48.7629103153342,76.56592086695525,63.386507706773834,74.5989549074833,39.344093460438856,26.693347378719114,44.958360919763685,71.27954894835099,0.0,24.18043027282659,38.76997832793596,42.49837855026288,28.210694290098722,52.792480484404265,43.105517491648946,69.27775034897434,45.028875974739925,40.982787778627,34.96181026439138,68.06742406917073,78.3018630340782,57.23830552409805,163.57090855265432,179.3521708240814,164.66310510588772,188.56911059108492,221.26426009022325,152.1534612279167,181.37610548478733,196.72152057329143,181.2204170878648,164.83265521635155,186.40591168808817,171.15474816220282,223.9946447329095,176.6490969172586,152.58341060930954,179.54929323859142,174.09953805802627,216.271681593904,160.09686318728097,211.2027108999272,190.20113524087373,161.16826784688587,194.63570533912352,180.221277894568,157.40042245326632,708.983022844365,698.373710039196,726.6609441781956,734.7085361298364,668.9074331069874,673.5009568902134,698.2742453548361,709.3762266643557,688.1836691818321,725.1160447809849,721.7373906690274,748.9710603272681,724.1881606580636,738.6187404572272,738.3438140755134,728.0759056414056,722.115986213414,720.6070361528616,667.5867736236365,693.7221636110396,734.6102125124941,704.0110595150937,704.5019492773775,705.1492070961291,739.0960514748807,447.57062073856883,418.4557058414418,446.8962732765183,457.3983237269084,415.0600786931065,416.72874134509743,389.7717169847104,401.1144120431174,413.67575610476587,448.6833204764263,425.09520578302255,404.41791696393364,427.8729009807438,400.57900500167733,432.68515621374434,424.0669904284176,449.51278388297186,477.24326772164903,389.2695202079357,445.7090380563615,430.1921385342351,415.6833061873048,417.5399127777677,422.5333904389411,417.28553206549583
32.90000358547839,29.580152740394993,25.460380663853783,25.646027198521328,56.8932576833294,67.2619635714039,66.87536539148257,28.385202979232346,27.068873940992322,31.91501588328934,65.27211606778651,24.18043027282659,0.0,27.87825591721178,48.755151898924986,39.89438728728895,35.32212101152944,29.989416513481267,52.67673316637814,49.880526106998104,28.9300420900174,13.665874367991329,61.653442206218486,57.88249519139442,37.2322434316354,154.32788543279557,168.26441041282203,157.8396543603881,182.16601730428073,209.8704492576261,139.92588996846746,174.9568322465006,182.7307229655858,177.3717393155839,158.61186257021666,180.47831751017426,164.0130064611616,212.3028225155354,171.31458167652292,147.33838808723468,170.59397306562323,163.90109224355402,208.66588134197028,156.77268442626558,201.0487681652756,183.6620366586587,150.1394111465689,184.56023862350105,172.1468889597207,150.0655921073719,710.3349535657848,698.8934614889048,728.0845926517316,736.2718243272363,670.2917005708608,674.713378896367,699.335516997244,710.9617304995886,688.9855524255532,727.3647271752774,724.8095601881851,750.4361855614706,725.7557719460747,740.5853137573395,738.922301015505,729.7838605592084,725.0040154116723,722.3808881216846,667.9870372342994,696.1728651484713,736.3331010889499,705.5968861196851,706.9156844241486,706.2763135751203,741.4129836456877,465.23130642081236,437.3988918023579,466.8509870675226,475.57684321534595,434.4577676211094,433.9323668642694,408.4572778466263,419.4401512132529,432.7326625811651,467.39446529580033,444.7349135533354,422.3029861830183,445.40715348480734,420.1228462383133,452.49762383278744,443.97225897352564,469.3872683242521,496.1379262198339,408.1023403644981,462.9912358543922,449.0864040620081,434.8623899873153,437.88178601019274,441.54768332227417,437.6343003068711
7.731175723702841,23.311599328209212,4.662750661995734,26.935833700805954,40.64136546043257,43.81216066101351,39.06364434022563,0.5808843915686093,15.869755695729156,6.4605064260888865,37.416075893415716,38.76997832793596,27.87825591721178,0.0,30.616169531747836,31.464480963299902,16.8937430729516,4.973604440795369,31.121620118577937,29.978440838517933,2.5157098201835195,18.85381061278847,33.78737637214799,43.26844772308925,24.160049927516518,127.23705611531811,141.95528777517978,130.15985330320328,154.45071659137557,183.77641093553464,114.16453324305853,147.2365893574827,158.22195410707087,149.49589551076897,130.84786550442254,152.70094534091487,136.3971999623929,186.36594654253722,143.47652093657223,119.48026659085247,143.44192051901672,137.18634681953742,181.2007255836572,128.92589539866555,174.37800310099308,155.96827767004686,123.76310330489393,157.83317717940855,144.74756263606238,122.46419717914537,738.1994785556941,726.7130927069031,755.951211071879,764.1424429397105,698.1581985274983,702.5734379712057,727.1881117049239,738.8332906764598,716.8244232288417,755.2426795516126,752.667380293688,778.3037386243785,753.6266590288036,768.4628660730132,766.7444293866297,757.6579053293945,752.8690735846257,750.2561997768358,695.7992182480803,724.0485393014002,764.2073657136607,733.4685333530072,734.7919827474495,734.1318073761364,769.2905291170968,486.3279960013142,457.0175127862164,485.07985779005736,496.10506218826606,453.48411060314623,455.49859909844633,428.39989980528196,439.80602568625307,452.20770225956807,487.29594748798246,463.42507950717965,443.1614913424096,466.6371419436969,438.95397752537036,470.9392711668645,462.2816036059318,487.73348976280914,515.8072030772275,427.86486263141603,484.4788081229046,468.7642509567361,454.17887672197077,455.5289816443138,461.07528750634685,455.27069980195694
23.105129234140175,53.91213028137316,35.18145490174316,57.26847655986164,66.23809373194969,20.911108633728134,41.68813264012889,30.689139624456647,21.71723841023674,34.604507119624984,36.579516226332885,42.49837855026288,48.755151898924986,30.616169531747836,0.0,15.346928152529115,45.59222710349043,34.39969261593394,53.678419862860395,3.3558558337654145,32.437291511028924,46.477523712851635,34.647868135431054,69.6211533238857,53.60441292060552,126.77700691360748,144.30788486792045,125.60176651707707,148.89308211906925,185.91459904490364,119.31506787799646,141.78661858741415,165.2592163879157,140.04689949102922,125.29836152910052,146.41659438108798,132.25805269454196,188.9652893980706,136.35976012396526,112.51896801709377,142.16636933521332,138.12565997967928,177.25782153006205,118.82120329421657,174.59643347647233,150.6080639570333,126.47596567618105,158.17064245739155,141.9985721979332,118.89212140925238,751.4605719929108,740.8719639164924,769.1338501502007,777.1721615479366,711.3846360461112,715.9862833211872,740.7646711354098,751.8393572748588,730.6804523066323,767.516505344719,764.018417663761,791.4406536644052,766.6519119990193,781.0485385186139,780.8421773187696,770.5290840220777,764.4278791860064,763.0552264596957,710.0837964944996,736.100283998888,777.0618949362394,746.474400076457,746.8838875857584,747.6371470300303,781.4873632302845,478.32577268312593,446.8680560045965,472.9202152949687,487.18355490581536,442.50852765611455,448.3610782781147,418.82868186020016,430.8235886896051,441.86889761769294,477.46012181386504,451.95323595234964,434.92672638422766,458.91173690610134,427.76126034769874,459.10712134480076,450.3011463124916,475.7216928924199,505.55131964190144,418.03190025426335,477.1166085280954,458.66079890382287,443.60767693040503,442.7069744523857,450.7810332010412,442.43574932784094
26.068766337796983,53.424872862390345,35.10860554290155,54.90269710275321,71.48750986449942,35.99551197486714,54.60794436110439,31.803359697184167,16.495570035604878,37.29633809402726,50.01893921281726,28.210694290098722,39.89438728728895,31.464480963299902,15.346928152529115,0.0,48.306033224313055,36.29487283892084,60.36394689954133,18.437254863498723,33.882494204016105,41.87603186347478,47.53749323510716,74.38848266361725,55.57917048923309,141.50411469817564,158.6665184823067,140.76026649200298,164.15023310486083,200.40892036381715,133.03222059799245,157.0300584403349,178.74714323215764,155.39217500624233,140.52503697861584,161.70662618194478,147.39653778458478,203.3905635504741,151.67362186017863,127.80196990683481,157.04089865068534,152.6903698654602,192.44189430633517,134.1651059088788,189.35018531028717,165.85610658222666,140.70546919476482,172.87556536790865,157.03222311526025,133.95087387068378,736.6834269311241,726.2401773281784,754.3429543204192,762.3579677317041,696.6073108646018,701.2367203965332,726.0373850945613,737.0245456640137,715.9993971946628,752.5998678654171,748.9919278801317,776.6405925940184,751.8382146583206,766.1717492589086,766.1948686160348,755.6928967052008,749.4246447978609,748.2096805889689,695.4781104362906,721.1586680241259,762.2226640966807,731.6601788267596,731.94618472826,732.8978437764514,766.5595254289517,464.4168382541519,433.4744558343626,460.11470372273794,473.492193436356,429.34031287256636,434.2548048647969,405.27261246203443,417.12626161579846,428.52409285178885,463.995309685085,438.9322039753453,421.0548318347248,444.93478478427636,414.6487857203346,446.1963055456488,437.43186388674246,462.87172863182104,492.20699830470255,404.5427722167348,463.0673278094525,445.2595473911614,430.3269598908116,430.0992851613898,437.42778629159363,429.8321423989884
22.94563809987009,12.506247097002715,14.114265449267553,19.334782310760634,24.145601475265284,54.3185098986592,37.8975698922513,16.51968478293925,32.679006891694726,11.189956102386665,38.764428856737446,52.792480484404265,35.32212101152944,16.8937430729516,45.59222710349043,48.306033224313055,0.0,12.011237629975422,17.357744595657657,44.2204948233178,14.432793041513781,21.931286503302555,35.32125217887501,26.504891270260686,8.113788158883763,120.68063492561257,133.6591967810668,125.7175535775126,150.07437042418277,175.04089221808542,105.03864950190994,142.92635111858675,147.42704792124832,147.3537567940906,126.92779476626814,148.74890446376077,131.59097896663567,177.38057192734655,140.14757553300998,116.62546952187084,136.97979630218913,129.69478830366748,175.59057706659772,127.57884552043905,166.69775601094616,151.460461110454,115.64446924114473,150.30678293457356,139.03605355960278,117.67987611173703,741.1942304715642,729.1646981029975,758.9819152634558,767.2603934998481,701.2022824830339,705.5009694373405,729.9981739775999,741.9818584051195,719.4701949919303,758.8179966855043,756.784661383337,781.3482517507118,756.7539657655319,771.8445204157869,769.2078109465041,760.8753889696243,756.8656198125934,753.5217486538277,698.1948731366583,727.7757937300997,767.4307232244383,736.6208319294657,738.488215171406,736.980648091953,772.902567919847,499.5820998578658,471.01266786467875,499.6713837397845,509.6651529974449,467.74156199234346,468.4785203593591,442.2356356751748,453.4368227602995,466.26719970910096,501.16534084245836,477.8263606968483,456.53678964220495,479.81300671294343,453.2902312938035,485.44332596920106,476.8359938440488,502.2795143011989,529.7915812417249,441.7856600895349,497.51010648315815,482.734814791359,468.30992749689875,470.3323416119068,475.1131091714194,470.0779173428273
11.327526925889256,19.802986767919517,4.532188227317286,24.41029661076088,35.6678484828899,45.83070552707561,37.17363649941789,4.543390665988226,20.84277898983072,1.9697325411163213,36.228240751150764,43.105517491648946,29.989416513481267,4.973604440795369,34.39969261593394,36.29487283892084,12.011237629975422,0.0,26.370848630542238,33.414882179063504,2.460453251056113,19.049686042322698,32.57150490886818,38.306407818316956,19.542081729523602,124.40541385043512,138.69863868083237,127.8920568994328,152.2335302542556,180.4432454758942,110.66698662254004,145.02872132228336,154.3689015355758,147.8894573856293,128.72270389216465,150.59721568182187,134.04093784758498,182.9716109439834,141.53198225315265,117.6270373203977,140.65663366964415,134.1278507575333,178.6768353526205,127.51294269236486,171.30673033577057,153.7171656863293,120.52830551406915,154.78769592028559,142.16109866208848,120.09147473709226,739.8177265516679,728.1765542369765,757.5805250146481,765.7968343203834,699.7882437245371,704.170723835743,728.7534442785878,740.4950916736824,718.3425582424528,757.0256988318339,754.6024653414694,779.9380206615183,755.2831877356041,770.1919368250147,768.2132781919127,759.3401183073817,754.7703349111396,751.9516281318791,697.2450172244774,725.8727481799132,765.89155208388,735.1311138277337,736.608019048629,735.7085024297319,771.0845484420308,490.65467058654673,461.514817405421,489.7100670830709,500.5038408789778,458.0402168334864,459.75862753923,432.85968186641816,444.21898518356403,456.71939200963527,491.76569493673134,468.01329559671245,447.5148540307645,470.94444003010597,443.52706956248534,475.55016852884654,466.9031813140498,492.35394097706296,520.3039710516622,432.3440966510683,488.7524780207487,473.25639572053,458.70675180314004,460.2036117191565,465.5823977149274,459.94613677591764
34.414339261528085,26.637461278226546,29.994378907675202,33.7278961935226,13.507955432604463,55.992976528738254,29.691843891514978,30.592337764552124,46.54018518443552,24.670284185408633,32.98674733827917,69.27775034897434,52.67673316637814,31.121620118577937,53.678419862860395,60.36394689954133,17.357744595657657,26.370848630542238,0.0,51.407158820613404,28.686948745110097,39.21782774607375,30.521414813953726,17.37028520312165,18.02499335537666,104.71635204488113,116.91988280777129,110.86684067730285,135.10748004622707,158.09170582560864,88.11399101189026,128.03753728482394,130.1037454538606,133.81729532459812,112.38636199984813,134.0387436529471,116.4854021722961,160.36178561811602,125.87768057485317,102.88297226523471,120.98028028167587,113.27133970424772,159.86395367382823,114.78800222334864,150.10203601095117,136.41120996051578,99.0280041124854,133.80560817887795,123.39650838413571,102.69127543343166,756.3100015074084,744.0005145247696,774.1125472085981,782.4334877109613,716.351096126662,720.5898481127168,745.0217287095832,757.174898874599,734.4106196065446,774.2168963136356,772.4362912757781,796.4818859706999,771.9336365404012,787.1474695273813,784.0417286187517,776.0993102915589,772.4622803002048,768.770798411787,713.0078132029132,743.252246994611,782.6564096620522,751.8167517621418,753.9481457285738,752.0227568954176,788.3167124275216,516.5936619929878,487.73024968847733,516.0559380408157,526.5704684130927,484.32470620125133,485.56939982905027,459.0246499963294,470.3118181245888,482.9532717193531,517.9425925069779,494.3281835933601,473.50592608435613,496.84800367142407,469.8286480789809,501.88313709718784,493.2437089503791,518.6935003394437,546.517013103366,458.5364417954068,514.5883021499584,499.4646688102308,484.96008728599713,486.569759956993,491.8102839466642,486.31251186978153
22.29758124079875,53.12763786683475,34.616363924111766,56.85655718281983,64.17222270311541,18.4346420854631,38.4215042321166,29.988563133351946,22.842332077423013,33.43565338398776,33.26863682888467,45.028875974739925,49.880526106998104,29.978440838517933,3.3558558337654145,18.437254863498723,44.2204948233178,33.414882179063504,51.407158820613404,0.0,31.607274241707,46.68448381202616,31.401432134148177,67.6325475759657,52.29746376257887,123.45459529007123,140.95862901858854,122.37541794998879,145.71959870857285,182.57349484041967,115.96386900660102,138.6038963591835,161.9137415416806,137.04283863592707,122.10514211159368,143.26955098342435,129.02403637961004,185.6201495013147,133.23890366110436,109.36538059438409,138.86568652332312,134.78818532654702,174.04394290619695,115.82721896403281,171.27918084176707,147.42844475474942,123.12223007472095,154.8470545022574,138.73176742711587,115.63113001701925,754.0049198210858,743.3434392976682,771.685195882901,779.7357713110171,713.9295992815956,718.5168149297397,743.2834917897915,754.4035879430863,733.1762199455062,770.1368900439295,766.7051213709876,793.9965890333382,769.2153751615508,783.646245565523,783.3206643569569,773.1045983551828,767.099950327491,765.6359091408848,712.5431655372406,738.7354861159239,779.6389883365918,749.0383796410254,749.5166859245742,750.1619989573217,784.1140718158534,481.6814028547946,450.21782931809344,476.24638131549364,490.53871393629913,445.85113190332294,451.71384138084494,422.18212069567755,434.1788650452914,445.2173423770408,480.81155305523686,455.28984560182846,438.28250658182367,462.2667588963132,431.1018340570822,462.4386489901951,453.63073737410116,479.05010049276433,508.8994975345907,421.3840538379063,480.4705951949304,462.0107286580994,446.9541634973027,446.0225763628749,454.1296811376425,445.7511169233379
9.339809961491353,21.522037224032072,3.9463884381807293,25.638157636146655,38.126573133286186,44.70215399328771,37.964884627894364,2.08955475917857,18.382833968754337,4.023449401238904,36.65881987481256,40.982787778627,28.9300420900174,2.5157098201835195,32.437291511028924,33.882494204016105,14.432793041513781,2.460453251056113,28.686948745110097,31.607274241707,0.0,18.86896265013547,33.007587316052096,40.765005324202654,21.835474633848236,125.72330926352785,140.23598792470233,128.92337129472398,153.24223602212962,182.02274616873297,112.32571106475622,146.03191301101546,156.21566926030582,148.58962434016416,129.68187440778524,151.54836120691525,135.1179864432654,184.5826660125284,142.40163906208258,118.44686178977702,141.95276808015174,135.56302425952032,179.84325692490032,128.11290897791574,172.7514865371749,154.74319837544056,122.05253071733962,156.21808067454933,143.3560944378166,121.17484617240399,739.0892872844695,727.5253155570501,756.8466466924992,765.0504685629425,699.0536986170807,703.452562455314,728.0513696938882,739.7449014286303,717.6639861999884,756.2150052891218,753.7156829791925,779.2017654849355,754.5357041645917,769.4082745858306,767.5595542610425,758.5798221224481,753.9004825299326,751.1846930702396,696.6024167070558,725.0413040613267,765.1303007841457,734.3805070536912,735.7807161731218,735.000791342019,770.2684194338808,488.55318574826254,459.3240020153383,487.4489819015698,498.36477930584596,455.8183910863938,457.6916637075422,430.6884863196235,442.0723413683124,454.52099386374016,489.5894380830342,465.77449242719314,445.3993248212804,468.852969705999,441.2962238719424,473.2993372990289,464.646651639624,490.0980580262483,518.1135770074967,430.1626929666174,486.67854095744053,471.068324475897,456.4998309784774,457.91873540598914,463.38643359026446,457.66082747350293
