0.0,90.96819065280118,181.89891688619954,272.8665994934887,363.6919825755998,454.47754110587834,545.3641233204474,636.282762881089,727.4186270504582,818.1225881885528,90.76505188691182,128.44213471854655,203.07259343885744,287.329569339581,374.6764345258957,463.4825219990809,552.9872489016362,642.8095291169645,732.8756552139919,823.2637474431081,181.7372319339003,202.88657158919082,256.99211764641126,327.66726550910533,406.5845518867372,489.4774537035185,575.0138438422306,661.5745278983351,749.6295420036482,838.2361472332834,272.5232963315904,287.51656185746936,327.8379580582841,385.57347092813114,454.53727203346983,529.9303659774471,609.8419888275561,692.2201879617462,776.6225490568471,862.3059132725815,363.42201669205735,374.7832901143508,406.6975096449714,454.39232002110106,514.2729920050049,582.0517395960486,655.4412149615177,733.0020378743368,812.973090215293,895.1763190169758,454.2961939363428,463.524264649017,489.37688571042577,530.1320743844317,582.0924745160498,642.8027002437746,709.936340987369,781.9788568850504,857.6415755902989,935.9654248606447,545.1751196043335,552.8958616151942,574.8181068573424,609.9405472006,655.4160726162445,709.8336644932878,771.4280042601748,838.0690847926646,908.8441370457911,983.2239323299959,636.3677413041224,642.6027341390605,661.740972976781,692.1697419743183,732.8740479416233,782.0084222624176,838.1589476080595,899.9595029925764,966.3120894296501,1036.5024499279325,727.2196636806505,732.8481685543113,749.4613407827808,776.6801615810043,812.8626143540205,857.3132182993982,908.9900438870418,966.3610988028508,1028.534533972813,1094.6499837087033,818.0761816417269,823.0603205380904,838.0490134824188,862.2299551824921,895.3739106255629,935.801139639887,983.5297457711773,1036.2897492789812,1094.6595445549865,1157.0112537751306
90.96819065280118,0.0,90.9307291982152,181.89845884565884,272.7238146730147,363.5093711106904,454.3959751965704,545.3146059442232,636.4504616765341,727.1544371775326,128.46500395217817,90.82470056014667,128.3441945156924,203.0856754013973,287.27815843515896,374.7198698362757,463.5115750760166,552.9172907317432,642.7196528841066,732.927212814405,203.29919262291793,181.48417769577702,203.13976846383585,257.0143236280597,327.77281281213027,406.4492323293661,489.58225597876356,574.6768922549253,661.7649824450383,749.7109190746398,287.36223546055993,272.8134015099461,287.55598009557025,327.65424577493246,385.68598742003707,454.391292352222,530.0519477217277,609.68845161645,692.2113484069507,776.5661148265308,374.73501003538485,363.6718457013541,375.0335384450687,406.42809328182204,454.5523146214569,514.1997364415671,581.9812288646631,655.6188452828792,732.7673915188317,812.9180310318611,463.37835459968386,454.5877793139763,463.3887982456459,489.6308399483805,530.1028735399447,582.1152722816445,642.745044490284,709.982188818259,782.0242457975743,857.6246592564195,552.7869290710869,545.4433137471232,552.8943781692766,575.1370404700363,609.749115688467,655.3793186172263,710.0743131709826,771.3214737958,837.8936836732342,908.9753699497543,642.9093633414795,636.2253162126979,642.8017217377372,661.7097308349668,692.3287674747678,732.9548798050932,782.074819399321,838.1561024447386,899.8946471910339,966.3551544827579,732.9668800537203,727.2651017632622,732.8039294991568,749.6529935576348,776.5055741146017,812.8390667043599,857.5763916246611,909.1053602855745,966.4036223413142,1028.487384738155,823.1820846635603,818.1140828794346,823.2026427273852,837.9872512389577,862.511356015393,895.2268665641201,936.1946906343425,983.1244368094846,1036.504070740917,1094.626642048569
181.89891688619954,90.9307291982152,0.0,90.96797575223582,181.79318009376203,272.5787172441731,363.4653606824704,454.38396770268184,545.5198036207508,636.2238028715461,203.2510201097667,128.64848657526935,90.89749641748793,128.42308784854703,203.08877707421317,287.38605809518316,374.79957534258654,463.4883440789577,552.8721987267785,642.8106284208926,257.2574939093778,203.13926218230307,181.79363463539568,203.26349643963903,257.1673067631845,327.7141682112784,406.6082586476612,489.3083145498874,574.9126793055453,661.8936227684061,327.78016625996037,287.6630679323572,272.8873137756254,287.44188016367707,327.84932996018307,385.6234656580008,454.53103684203626,529.975111174874,609.7374270078654,692.209796417469,406.6174132365338,374.99249465531983,363.96667580291745,374.8016790093716,406.62860799195715,454.54729188127266,514.2009879059657,582.2272158651155,655.4281231464065,732.7706283132043,489.5105403682818,463.7011833129521,454.47647132774716,463.7065637738055,489.6737154254352,530.2091724584844,582.0998927223712,642.8629830934825,710.0675464510995,782.0721228844432,574.894274952794,553.0844193519223,545.4857787706482,553.2908762381782,574.99354113504,609.7433231243384,655.6854284761696,710.0240369310401,771.2075441911738,838.0793917712003,662.0268433915442,642.815971457246,636.4582963328794,642.8215648979971,661.9212049438495,692.4746672013221,733.0696236519127,782.1192121448578,838.1496121083907,899.9928532073983,749.8112805761596,733.0442937000339,727.2613179099543,733.0294053338993,749.5251455664014,776.561204727368,813.1648256712676,857.7432975208342,909.1906743904593,966.4159936152595,838.2119796054071,823.2801978206502,818.2928128434413,823.174148793517,838.3167559496604,862.4169852104824,895.6682604705364,935.8466983963207,983.3854115079754,1036.528702031721
272.8665994934887,181.89845884565884,90.96797575223582,0.0,90.82541551502916,181.6109635301658,272.49752401960967,363.4161642200207,454.5520330594707,545.2559888135166,287.4392595151615,203.3411999691494,128.61440011265367,90.68426749308337,128.20723804889553,203.06499709442036,287.3474484633587,374.67411995531154,463.3523163039623,552.8749014242442,327.84214278012774,256.97521802420005,203.14246791665417,181.66928374317234,203.1164102612972,256.9175973924765,327.68501229937584,406.1928877404673,489.398078114235,574.9150413653231,385.61182588085745,327.8107844086019,287.44874355194753,272.5105240841997,287.3734115114721,327.56604796323256,385.48060640552086,454.2838693823424,529.8516068423854,609.5792922184902,454.5201700890823,406.5884203646336,374.9921037401284,363.4391399334295,374.68421895627347,406.36290709790694,454.3149819599806,514.230546825126,581.8156781559164,655.2469561540472,529.9119852119517,489.55665913390607,463.2926956871474,454.50400508509676,463.47556756708667,489.5268145967152,529.9093148656455,581.9867663856238,642.698161914178,709.9139008454912,609.6426448054085,574.9088326580676,552.8421052940492,545.6089821441603,552.8514699233975,574.6727093676324,609.7796979308722,655.3737980274288,709.6710537273783,771.1600310287863,692.3891568066672,661.6733286856812,642.7495205820776,636.1881306403576,642.7358735992949,661.7868556293591,692.2981622267902,732.8329917840986,781.857641688308,838.002047203174,776.7336792592289,749.6054672066316,732.7515142758764,727.1768141316446,732.604861171236,749.3166232196844,776.6067492209133,813.0492196555307,857.5471780895946,908.9523991702341,862.3440486339804,838.0516482161299,823.1631195843242,817.9583822526812,823.2037617381034,837.9311654281396,862.5598514773559,895.0444902776375,935.8239388689904,983.1493671108071
363.6919825755998,272.7238146730147,181.79318009376203,90.82541551502916,0.0,90.78555861622931,181.67218060302693,272.59079477316556,363.7266470962102,454.4306290753784,374.7382331498397,287.520016263922,203.39546683549327,128.56678538468697,90.71734339670768,128.47775347773563,203.26048827380401,287.4339513615775,374.73628630851056,463.536233559597,406.6042071703839,327.68905277245364,257.06802954504735,203.26459223919287,181.73755211185923,203.20829887246586,257.15265950101985,327.5535972340676,406.5107294965598,489.6243221724855,454.4787349953674,385.7377330076231,327.77398018251347,287.3614491309093,272.7328472577608,287.43843588858044,327.63584116228026,385.55554847609613,454.4344601948005,529.9531017236388,514.2835705174869,454.624098718588,406.7758305189088,374.73401016514373,363.5677731578878,374.73464538539815,406.4542975118277,454.6505866698381,514.0897121144969,581.9154095841249,581.9720092053188,530.1294485259176,489.3687259887365,463.5734975836574,454.5779300214853,463.6586998041793,489.51144058159406,530.117253059272,582.0925292815822,642.8455505067351,655.4188048956083,609.8466104268274,574.9041969571708,553.2398658290102,545.4580551258688,552.8009830407989,575.0161879186631,609.7751646687858,655.3327294303392,709.9158638193954,733.0248513091004,692.2687669109237,661.8352809391341,642.7504615178512,636.3820634037825,642.9085836856614,661.9042629063775,692.3572946529634,732.8809717659241,782.0103476068815,813.1809724015312,776.7486664356828,749.5612588362944,732.9172228407546,727.0385842330048,732.7227508572718,749.669408466416,776.7918735091706,813.1442891736303,857.6199123671388,895.3074517870463,862.4366006585858,838.1789184682907,823.0880690263954,818.2650746854836,823.1183632593116,838.363342706924,862.253786125808,895.3174704528238,935.8989388446355
454.47754110587834,363.5093711106904,272.5787172441731,181.6109635301658,90.78555861622931,0.0,90.88668906353583,181.8052518107294,272.941091366237,363.6450864294946,463.34350175442466,374.7614546499879,287.5122166596921,203.243581444787,128.4607966700266,90.91146647618604,128.66839084833896,203.3655592484549,287.52065735798675,374.9362968041905,489.5030428096942,406.4123283537993,327.65120885378985,257.0811565634122,203.14899506528425,181.81449083392917,203.37328857578152,257.06116311664584,327.85532855915625,406.745062998671,529.9375715364773,454.4919934685228,385.6004643429068,327.629985959544,287.47234010815794,272.7761483193159,287.3449556545409,327.7368763671865,385.70065356447645,454.5407107918765,582.0685247846725,514.2726853015904,454.6929633974509,406.4505437528043,374.7278100592123,363.5583556857693,374.79153776714014,406.75433010770456,454.4690025971039,514.1836598539771,642.6367779887971,582.0840628291368,529.8525894801453,489.5451833660843,463.5810848643274,454.7134566702457,463.56049662079386,489.69024850997283,530.1568659290843,582.2319805302551,709.8437008977559,655.5207414212778,609.7576216578223,575.2180533283727,553.0169704875354,545.307199051854,553.0768317219614,574.9625758097093,609.706060299362,655.5402560181024,782.0686763380475,732.8376704257282,692.3313623715492,661.759777953533,642.8585513458806,636.4907975703243,642.9498370183303,661.8965485398065,692.3647109120542,732.9948188931334,857.661581895361,813.1100051022916,776.624676689684,749.6285326723594,732.7082179907843,727.1162767936227,733.0114842997232,749.7898851928886,776.8204725305279,813.1829665427074,935.8815892264485,895.3385852382805,862.4763638013892,838.0181910574521,823.3108245326968,818.1173378201872,823.4687901062488,838.0154911178621,862.4609938094543,895.3529308372554
545.3641233204474,454.3959751965704,363.4653606824704,272.49752401960967,181.67218060302693,90.88668906353583,0.0,90.918653541795,182.05454114599553,272.7584648732469,552.7309428934817,463.43504098241107,374.8146201002997,287.397427523413,203.1431898829485,128.44167368333686,90.83990815213294,128.58483405128572,203.29250292185736,287.5572101204553,574.8364330324588,489.3679991979085,406.35871135409695,327.63899578940163,256.85493905479876,203.1379314395111,181.7171024977503,203.1708860526209,257.13369051670037,327.9072929265465,609.6112051295374,529.9273371859592,454.3257853717156,385.4350621883766,327.61722563157207,287.41959294349004,272.3745122770771,287.3157408192833,327.69103649882106,385.62670241910945,655.439292845175,582.0068708942322,514.2651528556685,454.3171704567932,406.2849990980078,374.5825968649317,363.45943509021805,374.8906843741533,406.3614908233139,454.378146245322,709.7358253863513,642.6821509984471,581.7399163923769,529.9110229262292,489.441018853988,463.5834865158291,454.4197049403978,463.5649091163418,489.49584631373574,530.1175867234786,771.107176942632,709.8644173564529,655.3480180231263,609.9557086570862,574.875169153468,552.687092293099,545.3970643188795,552.8412615554435,574.7164054296883,609.7081920120258,838.0530043297318,781.8204482159739,732.787981272309,692.1446729106242,661.7205518670264,642.8166332214291,636.3465635342527,642.7459200244917,661.7188088689774,692.2808371646349,908.9942569206738,857.4998419954431,812.8837989945808,776.5501688072892,749.2871389160664,732.658752787588,727.2305771081594,732.9410537008656,749.6109302650627,776.6742530186873,983.1133872692278,935.8342959272542,895.2591873638861,862.182475745213,838.0864258530636,823.01578332023,818.2768242143632,822.9632344343855,838.0192546059016,862.311008838946
636.282762881089,545.3146059442232,454.38396770268184,363.4161642200207,272.59079477316556,181.8052518107294,90.918653541795,0.0,91.13588942043759,181.8398351887931,642.5965281218778,552.8893302755239,463.5639946370115,374.78477082938866,287.4079057388323,203.21179615209968,128.48274628027937,90.90843426986113,128.59047654292246,203.33007554973452,661.7312091100918,574.8153851615791,489.4030671164674,406.4652199404971,327.5418073322845,257.04466951252255,203.1603471683032,181.83290716603977,203.2912410168808,257.25470576157954,692.1548753349098,609.703042798595,529.8915780396962,454.3369270732269,385.56847089507835,327.78759808656093,287.1135194201882,272.5967858385618,287.42274515621335,327.7450896980265,732.8650378095402,655.4963230557241,582.1285692398193,514.0839014976145,454.2954620330975,406.3422570595772,374.69385124086176,363.71673842079235,374.65214669025397,406.41769445686464,781.7892703234759,709.9152753424834,642.5059080096175,581.9502537316949,530.0009198139096,489.64534947661537,463.4629552637114,454.61439602523285,463.4933755857279,489.62179366451085,837.9105623140247,771.2725946644603,709.8631683885812,655.712165249369,609.8127254518241,574.7143749820035,552.9436615399268,545.3474654380087,552.7833840630966,574.858571106213,899.9039006446201,837.9870187938985,781.930187740016,732.7876382444165,692.2792071731587,661.8682349751176,642.843072862983,636.3093141049127,642.7447262634806,661.78878732842,966.3247455297203,909.0016629200416,857.4545651711799,812.9733544163835,776.4041971714498,749.4506000969787,732.9485892941741,727.3275296914078,732.9135062756645,749.6349724187542,1036.3437195960516,983.2565488260943,935.9271915370515,895.1446985259016,862.4224759321988,837.9878420959222,823.3328503071535,817.9761477807012,823.1195171111337,838.0393884111121
727.4186270504582,636.4504616765341,545.5198036207508,454.5520330594707,363.7266470962102,272.941091366237,182.05454114599553,91.13588942043759,0.0,90.7040707686962,732.940731647506,642.9733815786426,553.237104761023,463.7505697924038,375.0127738955036,287.66026556443455,203.42037555363584,128.72937492913374,90.99631799434543,128.43161965332095,749.7981321221047,661.9385985124462,575.0496497246095,489.71414907957455,406.56187904433574,327.93174838510834,257.1923920365565,203.54223204546355,181.8756639767462,203.32009857490712,776.7839962733019,692.4417473226665,609.870217997459,530.1206230636022,454.6400009547485,385.9332497276455,327.5757955768692,287.4956149257264,272.7431335093487,287.45926300347867,813.2950801515025,733.1074707073933,655.7948566395427,582.1590168674684,514.2084836579684,454.51689843261926,406.5936980009652,375.00322452213777,363.5244816686291,374.7038428241636,857.633861597878,782.145397749548,709.9289987502867,642.8684522871151,582.2055757907145,530.3488969577426,489.6258655602752,463.73650858876897,454.5348548330296,463.62786230931295,909.0976415936539,838.2436560452504,771.4453993189402,710.3724938453856,655.7288561089005,609.7616839878556,575.0434929955891,552.9686941382611,545.3445599644039,552.9030910218165,966.5415216810068,900.0239419569119,838.2444259224676,782.0831305630377,733.0417685738511,692.5386301861686,661.9681332164387,642.8542339621434,636.3451226555984,642.8077955343475,1028.679970655064,966.4929254522771,909.1114352516292,857.6646509649256,812.9598504082759,776.6930886446904,749.8080125585695,733.087751761834,727.3086521396874,732.9480446261626,1094.7124418954165,1036.6543823872382,983.484699408863,935.9389164870197,895.4824966145377,862.4300010203674,838.3499705390432,823.1134436806321,818.1380695789477,823.1494283518338
818.1225881885528,727.1544371775326,636.2238028715461,545.2559888135166,454.4306290753784,363.6450864294946,272.7584648732469,181.8398351887931,90.7040707686962,0.0,823.0066681618655,732.862453521473,642.8638250526832,552.9620421059437,463.514687432552,374.78036402844197,287.3829049070185,203.20852868132633,128.5269507989778,90.65864827402928,838.0533687432757,749.545506597946,661.6895922235593,574.8814249985471,489.3290104225679,406.48033447506936,327.59748039109076,257.2396899852338,203.1883871658559,181.74736143841383,862.2626608595695,776.5824672802211,692.1299413663379,609.6374285078817,529.9382758636277,454.56038955650115,385.27581830284515,327.6225310475889,287.3714613938689,272.66064687251765,895.2967401863395,813.0472735144601,732.9166196133832,655.3787374220107,581.8078043057884,514.0035176375412,454.38114186539195,406.52713857479245,374.5847865493462,363.43767074982526,935.7287416237014,857.5037257556914,781.6986070036068,709.8170349974938,642.690251304547,582.1432512173487,529.9539069694189,489.58077519784325,463.3756415358676,454.5214113378618,983.1048890843348,908.9522468985216,837.9615659597066,771.4968025828266,709.9826002878148,655.2762166387387,609.7103853132394,574.775446507237,552.7497082425645,545.2707693049654,1036.4417195828744,966.2173335384379,899.8239452244377,837.9733664184974,781.9191249321079,732.9228726554222,692.2867872016199,661.6772656393613,642.6594319883401,636.2228968075751,1094.6123200947534,1028.399905925255,966.1732148871017,908.8905470385231,857.2706339938328,812.9055123875455,776.708567554806,749.6494323350814,732.8141224183406,727.1688469747952,1156.8657837455128,1094.5983760360284,1036.4543184083518,983.0925133718407,935.8821354097222,895.1513890672657,862.4451086021837,837.885527084943,823.0178470439367,817.9870048165945
90.76505188691182,128.46500395217817,203.2510201097667,287.4392595151615,374.7382331498397,463.34350175442466,552.7309428934817,642.5965281218778,732.940731647506,823.0066681618655,0.0,90.76371515552181,181.55364653803053,272.5098732341773,363.41637688797255,454.36797591047315,545.3385997505667,636.220104035386,727.0849492117227,818.1206088119219,90.9723667588502,128.24288404742245,203.14464546122483,287.31974655753623,374.8027057769452,463.3797242863614,552.9405651387949,642.4541632446832,732.7979872494811,823.2026680260815,181.75835664753092,203.3962129437355,257.2241477027467,327.66334341753725,406.5118076287524,489.33276132760005,574.9369985705379,661.6334773368561,749.4637288524762,837.908618002462,272.6571528894874,287.5295898608054,327.9570150564022,385.5677554376461,454.57138401319946,530.0234359478504,609.6834274898914,692.3445918944327,776.5301012405262,862.1956026012165,363.531243516098,374.91534011382845,406.4632934525215,454.6417149996953,514.2655398941176,582.0554869873854,655.4451100366605,732.8296997024827,813.0815927099264,895.2862327566121,454.4101822017239,463.5812907934041,489.5075593596345,530.234227882735,581.9881588402346,642.6597931953767,710.0596536046,781.9446481460506,857.3597062758527,935.8214285583222,545.6027971757887,552.8765049452945,574.9684175809467,609.7351692503016,655.5447301554194,710.0228301055059,771.4168311324397,838.1482190180955,909.0146719116842,983.2899983724271,636.4547289982428,642.8640084776466,661.7374152038246,692.3820380796265,732.7504779171178,781.7480409190947,838.0562517363664,899.9425587890187,966.3949946521334,1036.4704918166572,727.3112194272624,732.9012292350774,749.6701518088391,776.6091496865987,813.2107595502811,857.5245544666176,909.3285695108218,966.1696804372559,1028.507293339779,1094.6238214788407
128.44213471854655,90.82470056014667,128.64848657526935,203.3411999691494,287.520016263922,374.7614546499879,463.43504098241107,552.8893302755239,642.9733815786426,732.862453521473,90.76371515552181,0.0,90.78993247722823,181.74615871955714,272.6526635872608,363.60426486022493,454.57489180567427,545.4563959890463,636.3212407437588,727.356894107775,128.6090341061259,90.65947930902622,128.54998775929013,203.2654440088653,287.5969400352274,374.8087299250724,463.6575975958036,552.7587941443783,642.8381335523676,733.0661709473318,203.21307596792775,181.98875537057572,203.471587150793,257.1313480243885,327.8740879852513,406.48359603055997,489.66806196043103,574.9100581218667,661.7843329067236,749.5732751491564,287.45976101152667,272.8471651338296,287.7809498565927,327.758894319112,385.83086916403937,454.6079021168621,530.0720012772775,609.9883428219,692.2857986196617,776.6281628932244,374.72532968747686,363.76311316354554,374.77442619876143,406.7414422113138,454.6699386536378,514.3606427614073,582.1275596080033,655.6011684010762,733.0358335721318,813.1976071924645,463.42729426528444,454.6186419454072,463.55915088433346,489.83024801841105,530.095600510416,582.0433433367635,642.9859074989215,710.0657821277084,781.8886716273036,857.6257634847356,553.1354625984051,545.4006346049486,553.0495875965786,574.9410266901223,609.9263973663569,655.6766012936002,710.1728239870673,771.5174029742619,838.1910673048874,909.1790976669239,642.9336187608067,636.4404265884193,642.7885195428137,661.9282508881424,692.231397022079,732.7579569943892,782.069458394906,838.2556788336932,900.0924358844386,966.4524649585734,732.9719845201801,727.2893990710502,733.0090401334497,749.6009640582632,776.9028290182122,813.0976296175537,857.9728619991977,908.9925299573412,966.4740143158135,1028.5691524298395
203.07259343885744,128.3441945156924,90.89749641748793,128.61440011265367,203.39546683549327,287.5122166596921,374.8146201002997,463.5639946370115,553.237104761023,642.8638250526832,181.55364653803053,90.78993247722823,0.0,90.95622674057671,181.8627311229401,272.8143510760971,363.7849837555273,454.66648631532235,545.5313292805855,636.5669671227846,203.20889252066127,128.36092713098324,90.89649479961486,128.6701415597805,203.5119603561916,287.5896906179836,375.0654968509948,463.4577994859081,553.1184110512887,643.0830058550345,256.99783205779045,203.36644975703067,181.99027243543375,203.34299578474747,257.3418057891852,327.8419454188484,406.76939552024174,489.6364127705243,575.0442492855854,661.8756223993885,327.7511510957927,287.59282697171665,273.0694674419278,287.5265223799098,327.98355542743906,385.8555697486724,454.6500710441529,530.3712631194422,609.9005153208522,692.3691010874384,406.4274945997819,374.94141369364223,363.57932274018833,375.0519256379619,406.7696328087594,454.77628687326757,514.4008581612376,582.2827513566239,655.776941138773,733.1442614767674,489.4331989374556,463.6244199712077,454.58855117195674,463.90568890635706,489.67048346770656,530.110578200398,582.3677615271398,642.977291847523,709.9998340707413,782.1400293389664,575.1023042222857,552.9501762353242,545.5610597800115,553.0194241282435,575.1259476029334,610.0612762625699,655.8092336319295,710.2533313976155,771.5504641527626,838.3427325130348,661.9393278130067,642.9190859819279,636.3640753399292,642.9633313507436,661.7683069323286,692.2612498653937,733.082141945523,782.2571322907497,838.3831984187884,900.1431990737204,749.6858586365452,732.983907990389,727.3955497208976,732.9268585585531,749.89322746713,776.7869473293098,813.5370083267794,857.6317793201434,909.2817477024657,966.5295843529287
287.329569339581,203.0856754013973,128.42308784854703,90.68426749308337,128.56678538468697,203.243581444787,287.397427523413,374.78477082938866,463.7505697924038,552.9620421059437,272.5098732341773,181.74615871955714,90.95622674057671,0.0,90.90650697288302,181.85814830499478,272.8287843910297,363.7102820108421,454.5751213281787,545.610743037826,287.4391381972188,203.1687498103322,128.5013914710912,90.98522184165729,128.7442894945529,203.36358259099535,287.6843355542024,374.70821514731523,463.6496930290915,553.1972229783648,327.67606396622455,257.1712457533898,203.3497170380681,181.82655944991575,203.46653402994053,257.20037826480285,327.9295702137475,406.6027891046173,489.6149609673617,574.9764337455381,385.71689312482454,327.8908715919901,287.7924054547468,272.7551372974522,287.6263686799738,327.9000649167917,385.7779228719393,454.817395972056,530.1176695276561,609.8323692453766,454.43817471852316,406.66299867335994,374.7398926396285,363.8200904544717,375.02517100749986,406.8063935967576,454.6747272587437,514.4399014485135,582.2970632457256,655.7477160351756,529.9895721489588,489.64368673187613,463.5925232477733,454.9249454063707,463.6768335377573,489.563994737749,530.3359145537713,582.235871456332,642.7844783199541,710.109903576625,609.990263972588,574.9585917124243,553.0922817805198,545.5041165747446,553.1457391479773,575.194058397605,610.0871139941145,655.767073578468,710.1659863993419,771.5697959324342,692.4759439213398,661.9384157265588,642.8375696959522,636.4928525334365,642.7507528890661,661.7591344129465,692.5056383038884,733.162625627357,782.2555058511678,838.3151413911037,776.7667501879081,749.7383085505452,733.0775209433923,727.2743834499616,733.1694969772491,749.7157973282294,777.1375627758674,813.1065572341208,857.8050030480199,909.2243991364295
374.6764345258957,287.27815843515896,203.08877707421317,128.20723804889553,90.71734339670768,128.4607966700266,203.1431898829485,287.4079057388323,375.0127738955036,463.514687432552,363.41637688797255,272.6526635872608,181.8627311229401,90.90650697288302,0.0,90.95177810769641,181.92238113061157,272.80385144588655,363.6686760070393,454.70425560702165,374.78548299682524,287.4074914548793,203.21568881878017,128.62049143423297,91.02053037179623,128.71038831483455,203.5194948715693,287.3989059538103,374.95324204377323,463.78386369076026,406.4681907002365,327.7900481298177,257.1399055013527,203.27719301747496,182.01566665030396,203.44532204652364,257.2733823603514,327.8600268412036,406.6486620650466,489.61097092136464,454.599666797209,385.81200860101796,328.06516722336823,287.5291272359111,272.8506462470265,287.6182329460608,327.90764018236285,386.0233283057159,454.60952876801304,530.1170427562267,514.1760625768688,454.65349768472754,406.4730810999209,375.00072172940776,363.8607242630068,375.1517707091328,406.73879757751666,454.795716436569,514.4909278538505,582.3428878623445,582.0402303627142,530.189707373968,489.63373096138093,463.9718324437868,454.74079463937727,463.5855813101315,489.84918592581744,530.2626912289736,582.1117821212606,642.9527999243842,655.7262942482636,609.8797228836758,575.1058512688963,553.0727782077079,545.6648360584504,553.2723036169702,575.2603458129114,610.0883555508631,655.7416088140013,710.2437113361632,733.0969578541877,692.4868096629074,661.8822257736576,642.9778792700083,636.3213724914035,642.8209757703196,662.058829522521,692.6333131703421,733.2000223013797,782.2513119494733,813.1782260765899,776.8611303784946,749.8490717038328,732.977442878717,727.5478582068193,733.0411524142016,750.1012859035528,776.7690087713006,813.3218503891065,857.8079601598342
463.4825219990809,374.7198698362757,287.38605809518316,203.06499709442036,128.47775347773563,90.91146647618604,128.44167368333686,203.21179615209968,287.66026556443455,374.78036402844197,454.36797591047315,363.60426486022493,272.8143510760971,181.85814830499478,90.95177810769641,0.0,90.97063609832432,181.85213566837604,272.7169782143479,363.7526485530656,463.5034477416203,374.76516139549284,287.38938445383747,203.25342442853554,128.4132975124799,90.90302579833715,128.6749369291441,203.12793749865187,287.52662536352614,374.99104990558857,489.4374910689221,406.4912764645954,327.6616175872904,256.99339536641065,203.2628288430946,181.86470188352607,203.17498973419598,257.07780632331344,327.7585323908214,406.5143024438998,530.0863454289399,454.56400923529924,385.8235313843667,327.6787119818511,287.36821049646153,272.6468908547692,287.43748866897886,327.9617749042475,385.6119770557901,454.4514394520079,581.9336521820247,514.2405018727433,454.313890906809,406.5317803757758,374.85897119451687,363.8019954276898,374.8350094469995,406.668297679475,454.61306367427505,514.3678024478625,642.665508824022,582.0732448312838,530.0133292165679,489.82084113919615,463.5898179828395,454.39573321958017,463.6433559375236,489.5581402270818,529.9405181285705,582.0763447049275,710.0643498744308,655.4743531773238,609.8291553856885,574.8958857720478,553.0124648866084,545.5793343080616,553.0994196387481,575.0246079382779,609.8510941782786,655.6096888168603,782.0641888807186,732.9326929536824,692.2461278432248,661.7993446682664,642.5990695052897,636.2048191491805,642.896196865629,661.9531213986508,692.4306828041584,732.9891804262293,857.5520696685379,813.114515122971,776.7706763520648,749.5356970493323,733.0251552423641,727.2058735343933,733.1822623679724,749.5232020038039,776.7459672015624,813.1117067630321
552.9872489016362,463.5115750760166,374.79957534258654,287.3474484633587,203.26048827380401,128.66839084833896,90.83990815213294,128.48274628027937,203.42037555363584,287.3829049070185,545.3385997505667,454.57489180567427,363.7849837555273,272.8287843910297,181.92238113061157,90.97063609832432,0.0,90.88150429721114,181.74634948638027,272.7820686299961,552.9844755601948,463.54757990898753,374.7890878982922,287.49852315518484,203.14150741585897,128.561964407916,90.87719886717747,128.39288017202173,203.25024285433577,287.5675930252924,574.8797563781443,489.5156796771934,406.44984569518056,327.664827827668,257.08573269537624,203.3404037386551,181.53460742763266,203.1419374502692,257.032265905355,327.66266542078426,609.8747119129744,530.1202749241394,454.65477120506165,385.60118090949504,327.60440124275055,287.32575632422765,272.6195903435603,287.58419934067155,327.5983688439548,385.5152700935892,655.4093447433154,582.0809733214311,514.023177171806,454.472439896215,406.5402564810161,374.9568223160092,363.57985804899147,374.88643520048214,406.5248335111494,454.5757248314495,709.88161036083,642.7898603053064,582.0180454982881,530.3146309198175,489.5844159386781,463.3432072762438,454.5571954685533,463.46142916654316,489.3434239408998,529.9728319739094,771.4211624612354,709.9445762485612,655.5260106447774,609.7503459953789,574.9490856649102,553.0559977496014,545.506708666223,552.9551707872407,574.8885279046777,609.7997290265097,838.1660892427427,782.0127706648153,732.8158937136204,692.2648110087472,661.553561004347,642.6365840373312,636.3907501300591,642.8868929379939,661.8272749134259,692.316996990997,908.9867728028573,857.623714771406,813.1356096736263,776.5731676972715,749.6911075625795,732.8129582293676,727.4369529154877,732.7349088169198,749.582016238277,776.6340067369035
642.8095291169645,552.9172907317432,463.4883440789577,374.67411995531154,287.4339513615775,203.3655592484549,128.58483405128572,90.90843426986113,128.72937492913374,203.20852868132633,636.220104035386,545.4563959890463,454.66648631532235,363.7102820108421,272.80385144588655,181.85213566837604,90.88150429721114,0.0,90.86484531409742,181.90061097102685,642.801403403597,552.9605643018951,463.4855863223218,374.8237881224979,287.32076403244395,203.27180978495338,128.4630323658152,90.9247528827129,128.54886968725756,203.3795179459252,661.7230419038134,574.8784601811732,489.41416961686514,406.428902193639,327.7013340028725,257.2038748057261,202.92794537620526,181.68838637726793,203.1947259027327,257.04191372295423,692.3606610269023,609.8387462478698,530.1462754024129,454.4362691023451,385.47912342350804,327.59333522576725,287.3678761899144,272.80831432844,287.2888905692756,327.60380355097647,732.7646999112044,655.497908336583,581.8410646927202,514.1390994216733,454.4926840724431,406.67237469096915,374.7594128222262,363.7059975352873,374.76598227138925,406.59296496619316,781.8698371688017,709.9578617163277,642.7160304386362,582.2945852369586,530.1044056254784,489.3413797306459,463.5214925646031,454.439049624594,463.33812273886264,489.43943318708114,838.1366285281529,771.29456983942,709.9666649571562,655.4520888398937,609.8016767543708,575.021070478599,553.0068310597702,545.4008931729016,552.890641241687,574.9055092033028,899.9506051881882,838.0957700171768,781.8930004278066,732.8179139330485,692.0463648218788,661.6484380015575,642.8520460244218,636.4191234038842,642.7991716222833,661.792293556551,966.2383876797182,909.0633001229008,857.6345354127512,812.9420974833271,776.7307850276312,749.5202005207454,733.0541078249653,727.0677437188533,732.8301215058905,749.5426540441673
732.8756552139919,642.7196528841066,552.8721987267785,463.3523163039623,374.73628630851056,287.52065735798675,203.29250292185736,128.59047654292246,90.99631799434543,128.5269507989778,727.0849492117227,636.3212407437588,545.5313292805855,454.5751213281787,363.6686760070393,272.7169782143479,181.74634948638027,90.86484531409742,0.0,91.03588917534945,732.8651654405063,642.7700422608686,552.8768991175234,463.50331161244213,374.63045875953134,287.43992866677917,203.12780089854084,128.7127625650839,90.87950562684037,128.66425660214853,749.5099412757271,661.698600717931,574.7644412324288,489.3984771637116,406.4387889720747,327.83014449243836,256.74886750911674,203.15759526373068,181.7469464361274,203.23051262963298,776.709562152623,692.3008445146207,609.8389874810628,529.9469813789389,454.2841938697524,385.4765686915449,327.65174406799,287.5128331209843,272.52833232015604,287.3187738727318,812.9122774064325,732.8296915052591,655.2586143948151,581.9291105254043,514.1633066502496,454.6283470760363,406.46852566050376,374.8933648487719,363.538779250675,374.86453229929657,857.4437453951992,781.9241337268597,709.8800169153812,642.969860816652,582.1008220812386,529.8480733613403,489.4906283264269,463.4168743733829,454.34839445049005,463.42072301892307,909.0420391950987,838.0181210768579,771.2969974509975,709.8947115877852,655.4874938657226,609.8726834489958,574.9571603411231,552.8906514568226,545.3490199236426,552.9070991922213,966.3348469052055,899.8729582393165,837.9758327010449,781.873364181463,732.6108029314634,692.1661024897977,661.8502355037873,642.8681757090675,636.312570756924,642.7797139909248,1028.3388382182936,966.3235624268593,909.0627040630717,857.4365162185225,813.0813355225007,776.5731413419365,749.7298064924616,732.7211132876155,727.1419943681636,732.8026553052325
823.2637474431081,732.927212814405,642.8106284208926,552.8749014242442,463.536233559597,374.9362968041905,287.5572101204553,203.33007554973452,128.43161965332095,90.65864827402928,818.1206088119219,727.356894107775,636.5669671227846,545.610743037826,454.70425560702165,363.7526485530656,272.7820686299961,181.90061097102685,91.03588917534945,0.0,823.2982490085785,733.0354976135003,642.880716849618,553.0963098772532,463.5184819745896,374.9662072283605,287.5128313806088,203.6671254258023,128.7472667383117,91.08873842192929,838.1660796026752,749.6954769091461,661.8077347388505,574.990057461169,489.63464978226233,406.82387555166935,327.63275268141604,257.2692209070738,203.46225355227264,182.00219436079104,862.6124761922068,776.8749496449192,692.5302727215422,609.9099600897222,530.0357349146749,454.5544083946842,385.81441559632145,328.01465088491295,287.5205526756601,272.77917704979046,895.3520091096761,813.2138853312374,732.8527232096312,655.5893773267427,582.2255994591593,514.5706167898386,454.69663487863284,406.86283267548697,374.9260063828342,363.8628622229414,935.9937359379524,857.743968731523,782.1115497338538,710.3841945093974,643.0654034686941,582.1106885918558,530.2347241665833,489.6563666530058,463.59409495468896,454.6122254597186,983.496671236501,909.2008353568805,838.2762986319947,771.5012543321399,710.1895676168149,655.826762882464,610.0593564639727,575.082944105177,553.0808035600394,545.5643320106946,1036.705069673269,966.5244451025808,900.0280907008433,838.2117874351646,781.950795167572,733.0185952126338,692.6101619968389,662.0987344972013,642.9700644425639,636.5102926053964,1094.7355090983579,1028.7061285867042,966.587756264468,909.1356579003931,857.8278132497834,813.2015785456782,777.004430055564,749.6775843631093,732.9961848005726,727.3284421090281
181.7372319339003,203.29919262291793,257.2574939093778,327.84214278012774,406.6042071703839,489.5030428096942,574.8364330324588,661.7312091100918,749.7981321221047,838.0533687432757,90.9723667588502,128.6090341061259,203.20889252066127,287.4391381972188,374.78548299682524,463.5034477416203,552.9844755601948,642.801403403597,732.8651654405063,823.2982490085785,0.0,90.84856200540864,181.82907283198065,272.6866576002233,363.74326693893374,454.4960362835003,545.5330608533587,636.0988210237145,727.252843381295,818.2837034209738,90.78607061398299,128.6872907428982,203.43146578634165,287.47274949244274,374.8704169162163,463.40309339979837,553.1012676814186,642.7435389401834,732.8484395283823,823.088810001342,181.68480434414275,203.3038103305348,257.3023055549802,327.713036339493,406.67460892072717,489.59519286202476,574.8998711148312,661.9083676443779,749.5683962476907,838.0031094328108,272.55896344215546,287.539640193219,327.709242645911,385.8285968934857,454.59795726071417,530.0773298206071,609.7987770074711,692.3024250513786,776.7860978994236,862.4576688062612,363.43788770102833,374.82591769575555,406.49712085059844,454.68323841793193,514.1646532121641,581.9982683679648,655.650949118491,732.9204285775492,812.9195873140354,895.2911147842374,454.6305093789103,463.4026043908168,489.5497749132548,529.9859549580578,582.1089808913024,642.8471160981359,710.0912587676468,782.0980538050432,857.6265140135373,935.9996981000643,545.4824323125468,552.9733239804916,574.8439693039657,609.8738892626423,655.3936170788207,709.7613355556754,771.3287591960818,838.1653942696108,909.1669519492802,983.3413243693533,636.3389511128661,642.744173419933,661.809502450258,692.2122555195333,733.0287195589887,781.9350393863692,838.4049989562113,899.7863310555416,966.4194755523885,1036.5165387063691
202.88657158919082,181.48417769577702,203.13926218230307,256.97521802420005,327.68905277245364,406.4123283537993,489.3679991979085,574.8153851615791,661.9385985124462,749.545506597946,128.24288404742245,90.65947930902622,128.36092713098324,203.1687498103322,287.4074914548793,374.76516139549284,463.54757990898753,552.9605643018951,642.7700422608686,733.0354976135003,90.84856200540864,0.0,90.98128285704594,181.83888007166337,272.8954049670364,363.64819365804783,454.6852180015865,545.2509979928312,636.4049822512143,727.4358331634055,128.6371004867966,91.32937203606626,128.98132825426532,203.4547250192315,287.68410165639693,374.82563994349334,463.78572705187463,553.0106076680653,642.8475278345196,732.9069805884709,203.4782362125154,182.18769997186268,203.8110562888006,257.32490330142684,328.10989942977426,406.78394959342984,489.6766842128455,575.2070730973163,661.8864596197093,749.6560928330074,287.59720782409255,273.10366043985516,287.6904803269112,328.20273846623695,386.0226944612835,454.80055058329026,530.2703134373438,610.0072190140609,692.5847891786253,776.9221999865028,374.9398125844225,363.95918052837226,375.0937299898445,407.054098042952,454.76567116583993,514.4169244937189,582.450927933658,655.7726115420105,732.9505618134364,813.2558804205001,463.9384637326063,454.74116348956346,463.8717763853399,489.7885627470829,530.4096919743811,582.4335184664556,643.1739811780363,710.3452039461565,782.2600423308429,857.8918782523975,553.3267729778748,545.7809599556809,553.1961234775112,575.314434449668,609.9760651120092,655.6059007109087,710.2682305481345,771.6997122825069,838.4745048722752,909.3470082858254,643.1024925793324,636.6299255610893,643.1526916370859,662.0263357593602,692.7650448233228,733.1523886588076,782.5965630529865,838.259487840597,900.2644230074987,966.6276787167084
