0.0,21.6312243419453,62.07173569069505,22.47937609421001,17.16713334355899,34.63542249662616,24.86110927896604,18.02083460308533,34.77385648107743,12.50845173262066,25.217867505525106,58.51785912785658,33.96770436323303,28.34972445673714,24.15811839343292,48.665821489973524,25.290316862777704,42.26320452839188,15.121927092375314,43.289730875740275,12.799229804125963,38.2256132843181,22.024721114155124,66.97394150629916,45.90697944247692,99.62702287351716,82.16647331570672,79.3699900230178,118.07110938803064,73.69073486304302,77.02286555790532,89.56747099329276,76.21697234349932,119.93011567335692,75.4340907124459,76.23945903665326,36.00737485105833,50.14809055382581,72.208780406935,98.3303877962764,76.03076781975166,57.96672492964445,110.71752855578762,51.97461014122342,83.52121592967892,52.57543740661414,67.15036545759578,42.31093692566089,118.7130238228609,99.879899506762,743.627308770935,781.2285264572367,828.7087963290415,789.8415253302895,770.3525250073483,822.3122634144237,834.3620544818893,796.4911627392719,780.9923038192183,824.2371320873453,789.6981072156211,782.3991318169399,821.7875309373363,758.4427879815494,789.71089498857,772.4606580291334,812.1002002928064,781.281451704438,778.4689627931107,799.4763185976951,786.9388032875898,761.1346658367853,796.2402480834222,789.1334130941295,827.032621674082,285.4528583549511,294.11130520840914,270.6851754235146,303.3719571546582,305.4283208335445,294.688795507907,275.5954782900017,296.37357481713957,260.47653641725157,278.1651935114287,301.2979374157457,296.07237932746017,300.8691504023204,259.6327144614103,285.03283152077154,294.86541997321075,322.18310954261915,253.7635906330604,299.4995456120976,307.6774012858475,289.50626672577454,313.32556202709503,288.6669424280588,263.85328375134327,275.9804743837295
21.6312243419453,0.0,40.67307991190012,33.11187968994193,5.088327831075673,14.61467446090545,18.828753987757,9.69271374715139,14.252897698155852,17.6134453676676,4.210254596749105,47.10015348190033,28.94812523526857,19.974635548712843,4.480296816979993,49.019956292932605,4.024971377173714,41.54373434897708,19.913013476838113,31.63586730503696,33.93843575172403,40.46618020926006,25.68880188197221,46.889797432626686,24.339662171353307,80.63249254322342,63.1985969365852,58.473072613525694,98.88763867083391,56.10402375663002,61.287044021083176,69.27545127027729,60.35442590472303,99.38142684103792,56.45557270879017,58.533272953686826,14.461940783255791,45.503281603012795,50.884143262513184,83.1270355834916,58.398224665791176,43.13553740305324,96.15455350189191,32.97850904024316,68.52495994088088,31.044954137926464,49.37996364543068,33.48943026992202,98.37248038861598,80.05551719857095,729.8565367422663,768.5961552738463,815.1152766897852,776.4142554932363,756.8506830011256,808.643848528122,820.9668836397406,782.5474805812102,768.2925446841217,811.1384677996701,776.2398574600742,769.2714913484564,808.4554565109531,744.4665237893248,776.3447538676417,759.1822278819693,798.4375348247102,767.6470148585413,765.4563070053781,785.5855329859153,773.4676201193029,747.9350635267316,782.8520175944744,775.7120135453677,813.9135049996013,284.87655113787815,295.0399616769538,271.84718103052353,304.4838985750327,306.6420349882278,294.84007166707323,276.94022562269794,296.0806951955024,261.52446294111485,280.8081227903413,301.6561885398862,297.52938941878784,301.1200084272733,258.86696003491926,285.7427958399864,296.484596688767,324.64857058499007,255.65055247104698,300.1590528154279,309.1327518876938,289.7209791716651,311.8059638060639,292.4180451847359,265.11217330081763,277.594391030589
62.07173569069505,40.67307991190012,0.0,66.19382742140725,45.61004214315951,28.0473827757914,51.52172752865464,48.00190584919366,31.054187753665303,57.13030675204416,36.866256462542225,56.14938648337293,56.53013827800513,43.33039124869973,37.95087542996122,65.47538648427586,37.54402153476984,59.49518522575499,58.51485602692237,48.47167148118378,73.71647479794964,62.69392386132895,56.52470357999097,13.568239564443367,16.50707254175743,45.38919102788303,30.11543498243363,18.796182799357364,62.198078503328155,29.975258282065656,39.525646515249335,30.94133689023358,38.503170214809444,59.6759420910578,24.884581901032327,31.16645339371601,26.229843915283038,55.679360306160746,10.249704553489916,58.193405916243094,31.335162308498063,32.8513529814243,71.24914608587189,18.278849897535213,46.924258724204996,9.830359254763167,25.47190306875139,43.78777187367354,59.082763096298024,42.504779362917375,711.3572879313273,752.5235514185209,796.8675844834104,758.5929306358471,738.8982250540436,790.240672211487,803.1465336113631,763.5748930272754,752.0743235317351,793.9816542298672,758.3506665160218,752.1193479243567,790.7922576002125,725.4843311107943,758.6579023319294,741.7171352782267,780.0625150570766,749.3835992090658,748.5620151123968,766.7256176283739,755.5545461648836,730.6628507761435,765.1059563021461,757.9047587771497,796.7077991833476,295.3823577012989,308.05875939133443,285.59091086209025,317.7039265269155,320.01303257057094,306.4996598055747,290.92410015767365,306.93733332129034,275.23154755906893,296.94542433429615,313.592966129061,311.43189933286317,312.8743657114027,269.4436928101308,298.5043278815849,310.6793503761932,339.97456982619013,270.88438660962476,312.6432468727785,322.8931593238484,301.56073181417054,320.2545878252643,310.2568453504401,279.12508148541775,292.03064876084903
22.47937609421001,33.11187968994193,66.19382742140725,0.0,31.524841088132018,39.02220690351082,45.08339961489571,35.7569039267499,47.10418022781818,34.01984568862204,34.324184663996114,78.15280582827434,55.169824718303765,23.13996902448367,32.41748524177709,28.404925088190268,37.00477716238332,23.5919479653693,37.05075849406117,62.47729199621661,20.119005751817998,18.07952316723912,9.714522766871855,66.54040512927499,52.52884859857395,95.04625631544393,78.35984655279628,80.38272325728995,113.27474103726229,68.08908041270361,68.52560145991062,88.30615099357595,67.9463958640236,118.41890820120045,72.07379280669991,70.63635670077379,43.773060517033215,33.332505399490444,75.3204053195256,87.98368695158297,70.326466556722,50.212627364199854,99.14419732528881,51.03343386509038,73.64960266797111,58.26152611343391,62.39210763039053,31.08075792818901,116.6274630297682,97.04997072056227,762.5971637891627,800.9445733039836,847.806722798693,809.0510781568497,789.5105073179913,841.3578809394244,853.5953921107051,815.3396788360894,800.6675444185786,843.6650566901042,808.8867130644445,801.8061254438745,841.0624722541139,777.2658764182291,808.9614902563131,791.7685952588309,831.1493694348076,800.3487944649737,797.9494466762974,818.3632102509532,806.118499018701,780.4937006643311,815.4763875569425,808.3468868239696,846.4474938154366,307.89162720392625,316.40561069371785,292.9588934027473,325.63813676134043,327.6793438081244,317.0694162601561,297.84118525244435,318.79113086088444,282.7703246957711,300.18309693478,323.65617679250795,318.29145749748096,323.2384307367356,282.08633309079585,307.3575432284848,317.05969876715636,344.20962152671365,275.9383123663967,321.8249981280298,329.8914988287656,311.88234102116456,335.79977151663655,310.4202470264858,286.1171900240236,298.1854366647204
17.16713334355899,5.088327831075673,45.61004214315951,31.524841088132018,0.0,19.648820268194424,16.056031302695875,5.889317867866446,17.700834802442653,12.634903856205918,9.26930921085145,47.01802896939118,26.585008126953348,22.314412114377525,9.123067657573351,50.28646544405894,8.203897146474743,42.903853847447245,15.126688963564657,31.33259849725058,29.78334338638919,41.106267205644755,25.299476257224082,51.97739716773016,29.192889009780522,85.68700930076773,68.24238975313094,63.51857710520572,103.9573060403288,61.00329886490767,65.94670477147874,74.36063032514706,65.0302103023099,104.44985804827994,61.49489107411124,63.451270928470365,19.381342683547025,47.84325477444826,55.84007154431553,87.7587438716643,63.3073909405315,47.5615858907036,100.7136939191214,37.98109904542524,73.09291268254276,35.917437284771374,54.28646825712891,36.52608358492015,103.45268482693821,85.1426967891707,731.0724874278326,769.480612008637,816.2825989161051,777.5306117794074,757.988095972704,809.8331285275706,822.0758351989429,783.8178477375964,769.196383645833,812.1600611956677,777.3653505321308,770.2995250258693,809.5452826990862,745.7448429441437,777.4430895466642,760.253910230242,799.6246486063872,768.8242849436004,766.4506150352076,786.8401673618224,774.596798664367,748.98303695673,783.9571754316544,776.8266037006401,814.9411933659715,282.69072821260625,292.5431640883674,269.2914720185065,301.9534753041631,304.09166052297587,292.50478264461873,274.34982445317405,293.83971324233727,258.98655833969366,277.95988896504866,299.280531537772,294.9256456542546,298.7665845560477,256.70785574261123,283.28689673303563,293.8475417178195,321.85308405195974,252.9393336836098,297.7200713925047,306.5341257168375,287.37005994190537,309.83606062764414,289.3602565608007,262.533133681533,274.9497356970981
34.63542249662616,14.61467446090545,28.0473827757914,39.02220690351082,19.648820268194424,0.0,31.410121501621713,23.93196776817009,15.340487063890418,32.22796366063363,10.404720113606214,52.52522192105411,40.213914123530714,17.71517861913778,10.743848696288183,45.79223077079348,13.1930197989764,38.565698386709364,34.45607956931685,38.681532132773846,45.80249533657091,39.71684334109743,29.635593524492776,32.51811161351334,13.537778707266312,66.04066923019536,48.59360313200742,44.74792993523608,84.33013085019496,41.62173831746011,47.31422603701893,55.05093087814994,46.34597344660183,85.34168857837633,41.846825360019615,44.017493797780176,6.7663338643613775,39.178749207932235,37.92465894199511,69.15110147991142,43.89666348344776,30.01585464244305,82.3171634532129,18.37405200642638,54.74871294869559,19.350274742169848,34.89494988312519,25.852566865120906,84.19887240235362,65.63500550742128,729.0036493997911,768.7070536402754,814.3855767922762,775.8435213148972,756.222672614777,807.8507336137415,820.4079587517892,781.5203798594731,768.3469405628151,810.8383660762324,775.6422541069215,768.9621008598001,807.9555050392177,743.4251578276433,775.827083400963,758.7471131534247,797.6530723562602,766.898784991057,765.2467446209938,784.6043303111055,772.8598190079318,747.5724455898868,782.3127383852574,775.1466466877649,813.5949193506762,293.6280701392081,304.5507756901593,281.52587441088224,314.06836378147585,316.2734455182838,303.9528240061934,286.6977897563683,304.9576580853812,271.17172151317794,291.1826552026138,310.8621586220798,307.2992498869437,310.27143917158224,267.5846401153461,295.1625494518642,306.33642910744015,334.8611753982339,265.72344970273656,309.5228297869337,318.8799372769795,298.8777519799504,319.98421661722153,303.27880108587766,274.8551572582468,287.48285498543487
24.86110927896604,18.828753987757,51.52172752865464,45.08339961489571,16.056031302695875,31.410121501621713,0.0,10.260149335657353,20.53232513441723,12.558580862256829,22.175738403805564,33.670800731067715,10.57644481545362,38.287067022788214,23.184846286437754,66.21020598924872,18.40188617292559,58.87557585269467,11.062236077126947,18.502315078649474,36.72264999757003,56.771176086155684,40.47256830653444,60.88594261928909,35.625429351284666,95.19601068829733,78.1537323381463,70.29569521412327,112.95179103946256,72.50243665448119,78.69029339025515,82.1512213131503,77.71170138903332,111.15636249583518,71.58210221670386,74.78219919122667,27.800945201166275,63.863384914643866,61.524685072465616,100.50262199558234,74.7068054627809,61.24389591882092,113.70444597614586,49.07717070359966,86.15579560466648,41.84745205343732,65.82496198495369,52.23911221977131,110.60445690334758,93.50320457315597,718.7940044352315,756.5310405341461,803.8910166345091,765.0387137299007,745.5420077836943,797.4880456987054,809.5634541508056,771.6475541580379,756.2839642793411,799.4728322364291,764.8922009887075,757.6300781020617,796.9954217958312,733.5969335738627,764.914413789324,747.6733789553628,787.276287410518,756.4593425709126,753.71472470253,774.6358768543089,762.1315731347331,736.3562424279978,771.4415852619154,764.331181119768,802.2657833694807,266.6360219289731,276.51465637395074,253.27687256875063,285.9330324855278,288.07642586982735,276.4523951971048,258.3453376445285,277.7836820011714,242.96700221128316,262.0661368091263,283.232069431755,278.925818434031,282.71581517832357,240.6549575792178,267.25001795031886,277.8587735938622,305.93238927082353,236.977821354293,281.68047743956095,290.53294960460653,271.31894631903896,293.8089142264979,273.6076678278951,246.52493042185677,258.9631421061416
18.02083460308533,9.69271374715139,48.00190584919366,35.7569039267499,5.889317867866446,23.93196776817009,10.260149335657353,0.0,17.950250917019957,9.155278601160592,13.703361297975519,42.39590354477798,20.83230011949947,28.203560536978724,14.16194495578774,55.95567542925127,10.98071668074562,48.615652660934856,10.70241836892293,26.726776949861488,30.775391820572324,46.58155008430178,30.43174128874631,55.54612572474369,31.507403173327443,89.60487943988288,72.25297404568526,66.37382065762638,107.73181005272406,65.55230962084062,70.93857427027372,77.63328276202758,69.99914036022159,107.41934508135122,65.54304340199845,67.94888055696862,22.192028927874578,53.721532233114175,58.24247885536806,92.78489365018493,67.82862713583974,52.82732679382749,105.83282261282292,42.26121295270511,78.20401601174918,38.178471425524066,58.825153993771075,42.386901058143465,106.57811483697601,88.65348774118276,727.1339727284723,765.2575948029403,812.2982613690701,773.5030501882815,753.9795050584657,805.8683000236414,818.0404686533877,779.9260410499526,764.9893250361953,808.0501599720791,773.3457259743992,766.196394855024,805.4937770378782,741.8615425337302,773.3999367925026,756.1883878083532,795.6582309864799,764.8502174963375,762.3190759917511,782.9341474330894,770.5804703855241,744.897610294622,779.9197055522055,772.7975341742449,810.8363813526738,276.87319923925634,286.67567666459405,263.41797465720026,296.0821353587673,298.21824764914,286.6597543417404,268.47298983935826,288.0111127810248,253.11504723136164,272.07062046382856,293.42906552051335,289.04743200179814,292.91853769777686,250.89678628079434,277.4245523711447,287.96671272019825,315.9644899619819,247.05417082395752,291.85968292991276,300.6562327281436,281.52264998657984,304.06711561246294,283.4776027205214,256.65748666916437,269.068523864659
34.77385648107743,14.252897698155852,31.054187753665303,47.10418022781818,17.700834802442653,15.340487063890418,20.53232513441723,17.950250917019957,0.0,27.003205043009892,12.943180219664985,37.232888145863186,26.9961962899256,30.2598668652728,14.914663884023005,59.64674985448237,10.233110436325205,52.21519329723993,27.898212385623637,23.461983818072323,47.46941155570205,52.29421143535571,39.04206824307426,40.55379521809753,15.136259964682358,74.83654077527798,57.97766262043865,49.79467176045078,92.47436330966637,53.15629455927129,60.23991916782334,61.61934305359536,59.21909447738925,90.7281523332073,51.520083379810465,55.296453194267976,9.18015764949144,54.040578743173825,41.15021978205734,81.77688682694699,55.26443381273048,44.393307771511786,95.09886997664954,30.085860020932834,67.9061524474253,21.32680267950607,46.625929517059916,40.874455440586814,90.11872953376157,72.98624876520456,716.6513809550311,755.7788014583942,801.9598627687137,763.3182623638575,743.7317073677729,795.4643006164987,807.8772539019968,769.2809264324891,755.450967753503,798.1512428690628,763.1334448615521,756.2787807495964,795.3884046925672,731.1932363303572,763.2694511539042,746.1387198313662,785.2608365593745,754.4826943703026,752.5041047279364,772.3356988473537,760.3571506267936,734.9199640149725,769.768539103806,762.6180760790068,800.9189117445349,278.34194972621043,289.38409430186164,266.4012294325051,298.91582940587693,301.1309697935894,288.71368114423655,271.5910511390042,289.6852417341872,256.0421407800982,276.25740929106564,295.6371499553943,292.19114222239546,295.03758236548856,252.2976595735176,279.97895768983966,291.2492769706914,319.87141479101666,250.7086615168278,294.3260771902969,303.76408352249985,283.6462928229747,304.6524092667501,288.54000869585246,259.74765872246843,272.4096378237252
12.50845173262066,17.6134453676676,57.13030675204416,34.01984568862204,12.634903856205918,32.22796366063363,12.558580862256829,9.155278601160592,27.003205043009892,0.0,21.823246892503693,46.09368469400018,21.491196388414867,32.75728610472594,21.75360649357165,57.87466254965677,19.819710044732254,50.887456527559046,3.2687523395619573,31.060513101675596,24.17342086475263,47.814625196751315,31.145849269680493,64.34361484617924,40.62709088285934,98.222570812288,80.80200899623404,75.43382909358556,116.44329543315872,73.6369163034007,78.46028535904797,86.57323500768747,77.55635287535047,116.46558221524018,74.06266169491474,76.08613616203765,31.180610540690985,57.37534063522824,67.37524619730802,100.23720485176774,75.94185868897003,59.903432242307005,113.1189695180753,50.58926244273918,85.52476010523347,47.31298012445285,66.9209426251531,47.33657346463737,115.57898286681323,97.49823454851563,731.161628203164,768.7216153376214,816.2317745649019,777.356801276865,757.8715507773647,809.8393940199818,821.8754451247225,784.0359753622714,768.4862403099006,811.7396615329657,777.2148126036486,769.9028822288778,809.2983823868799,745.9905659246804,777.2234827814974,759.9698494078804,799.6271378496156,768.8072296636655,765.9693346344455,787.0174675368268,774.4561498397132,748.6410363588794,783.7537189501122,776.6484312547584,814.5357627090324,274.89956991260226,284.0660534928037,260.70692595368536,293.3970951076108,295.4910088453952,284.3775613139886,265.6863578751276,285.91749528990687,250.45002805006175,268.74685036607985,291.06013003360715,286.21743161887684,290.59488138393533,249.00239870158046,274.90550667665303,285.06908647183803,312.72227821909667,244.03695164727853,289.3637117266171,297.8286905677654,279.2130718555206,302.4994694106188,279.7051768233839,253.90460433809085,266.16971476741196
25.217867505525106,4.210254596749105,36.866256462542225,34.324184663996114,9.26930921085145,10.404720113606214,22.175738403805564,13.703361297975519,12.943180219664985,21.823246892503693,0.0,48.23312487531176,31.887591666994815,18.223845221770063,1.9758266465202132,47.695628227208964,4.191754293595112,40.20729861289771,24.089019827441398,33.123834872176644,37.18179314667507,39.74596336118914,26.099676884697832,42.72584084386854,20.730544648127363,76.42588645412913,58.989417973421546,54.458187733861976,94.68865416179571,51.9298316828941,57.240739826681875,65.15088542189933,56.29878474227651,95.30791389450188,52.24579261581763,54.350903004728664,10.850345171650922,43.308823019917924,47.033309428188026,79.08921852230013,54.21947487602349,39.26506569741427,92.15700172757516,28.771735739632472,64.53207056274499,27.367580334120024,45.20391165528383,30.81024137065043,94.26571245317263,75.8872212848267,729.5385870521786,768.5571831617071,814.8358985411026,776.1792861175718,756.5985020603413,808.3460098484413,820.7368419940137,782.1814354218473,768.2372825558277,810.9826117565509,775.9971488654833,769.1114917237272,808.2419767478539,744.0949511443376,776.1250545731492,758.9856547530035,798.1418402323415,767.3606473831126,765.3249107587931,785.232796122558,773.2218757424009,747.7589272529214,782.6263330248536,775.478563408388,813.7524189414526,287.31452021389543,297.7049075564029,274.5585225772516,307.1720275684459,309.3443917756067,297.38679435527587,279.6758759568711,298.55768248997975,264.22467370011145,283.72831516281803,304.23157363990424,300.27168684345827,303.6791377408382,261.2899883641594,288.37929547414564,299.2511357224732,327.52575487132566,258.47678899546645,302.78105629411795,311.86982032274346,292.279977133404,314.07863055563257,295.48491221932596,267.8415503164971,280.3691421660901
58.51785912785658,47.10015348190033,56.14938648337293,78.15280582827434,47.01802896939118,52.52522192105411,33.670800731067715,42.39590354477798,37.232888145863186,46.09368469400018,48.23312487531176,0.0,25.56162495630325,66.45612685431347,50.052545506076804,95.91287103252742,44.191782299797495,88.4219890610991,44.00503863854068,15.698450691850978,70.02953322535292,87.56591032892096,72.28647499721825,69.32043241437624,47.015313910824325,100.73707740089517,86.25999897063313,72.65631501336658,116.03131906317977,84.88969009428732,93.50026013349483,85.07470469977483,92.4481469135021,109.10188753848377,80.87866598119908,86.5244633063772,46.01260296680937,91.11929561007719,63.23832055559022,113.79096157313491,86.61752844937439,80.13641399383562,127.02777743272338,64.24606596028279,101.22592000066463,49.73171417208381,79.11441418664899,78.0628331045423,109.58567976759288,96.54504131972503,685.1234562676789,722.9523761491724,770.2245059658682,731.3791582786365,711.8786402494432,763.8193710294963,775.9061102715458,737.9774312672756,722.6955440212794,765.8381071907094,731.2310405903845,723.992079910437,763.3418898230749,699.927470520852,731.2583749678549,714.0229888175155,753.6077074383664,722.7913409073448,720.0878683380998,740.9652242894822,728.4697555343122,702.7117469274889,737.7842867735509,730.67193644565,768.6291859002787,241.80763033413888,253.46318086535382,230.69527011003615,263.05270094775193,265.3117799137961,252.4376109912234,235.9599686084143,253.22701197346325,220.32550623196565,241.38663093488177,259.42968300636096,256.53290998684,258.7853297354545,215.7709466664018,243.9856776398467,255.6836236472727,284.6842593901543,215.50760888781446,258.2589259641783,268.0614371647468,247.41315452164304,267.76978261804396,254.3768641712718,224.12705074891903,236.9253501149579
33.96770436323303,28.94812523526857,56.53013827800513,55.169824718303765,26.585008126953348,40.213914123530714,10.57644481545362,20.83230011949947,26.9961962899256,21.491196388414867,31.887591666994815,25.56162495630325,0.0,48.698387450276286,33.12948173743926,76.78617785427298,27.844990166175812,69.44666177047776,18.946330568949886,12.968378808048488,44.78443001400547,67.32843801435227,50.96853877303678,67.26980123478553,41.810398200973474,101.39210051505208,84.79211816755091,75.2314249706308,118.67351557886961,80.13530334536622,86.97764083417532,87.47100416954574,85.97121069776848,115.4557193407248,78.42034578098759,82.28992783932608,35.55841159638758,74.29321764793622,66.04479594671182,108.64121753458315,82.25492691729289,70.22872232230031,121.93650998445781,56.9293332000833,94.57658412988451,47.350688262814145,73.57239457044854,62.43524096918358,115.18950134711271,99.01621977135109,710.0021079079312,747.3538526806952,795.0272005470804,756.1203856957318,736.6514417682463,788.6513454937594,800.630211821247,762.9134582795235,747.1276892316173,790.4408532444085,755.9846038167306,748.6111254785131,788.0416811837464,724.8790901873217,755.9750872192329,738.7057974908616,778.438468035863,747.6144240390681,744.6583531104122,765.8819212326671,753.2287232228515,727.363190351267,762.5092365262965,755.4108930287218,793.2403208429562,256.12470509776125,266.12033478522204,242.91195838620965,275.5551504108684,277.70863342372263,265.98967960449033,247.99889736447065,267.28888393184485,232.5929238096709,251.88462025702543,272.7849555377494,268.5864708850915,272.2600446028002,230.13559613726585,256.8366467694177,267.5382033072547,295.7108934443548,226.7034279696579,271.2597433755452,280.19067563498965,260.8619987648632,283.25249701173516,263.597322661848,236.17244373702695,248.64733911755349
28.34972445673714,19.974635548712843,43.33039124869973,23.13996902448367,22.314412114377525,17.71517861913778,38.287067022788214,28.203560536978724,30.2598668652728,32.75728610472594,18.223845221770063,66.45612685431347,48.698387450276286,0.0,16.439289499700664,29.505290757326076,22.313084844006656,22.028975810981326,35.888309321587904,51.29425729881274,35.74163631651446,22.223034123970848,13.436059210145237,43.513106701872864,30.98132982725357,73.44688483313617,56.3120415004302,57.2745387197124,91.86960508566892,46.74172402973473,49.02209971223303,65.5608681281995,48.26940192733073,95.86558193498941,49.79990832099224,49.319268029675015,23.856661442842544,25.595182272393387,52.238295586460566,70.07645606012396,49.05876814105912,29.952181923839927,82.37686723854772,27.948369705049277,55.284126398088866,36.022646099061596,40.558147140191544,14.58285230490739,94.22601417591251,74.78880121558966,746.3661979753525,785.8050400927693,831.7210145382013,793.1373777826174,773.5306261755798,825.2015106516867,837.7001758869962,798.9249671000873,785.4625129090821,828.0601254538667,792.9430671126468,786.1850224233111,825.2318115188331,760.8317291043226,793.1070208091903,776.0043455932463,815.0014384033356,784.2372929629277,782.4411085546617,801.9986369675963,790.1631655138169,764.8094063203034,799.5985909829927,792.4390815791362,830.8219536853819,304.7846035293282,314.79656727242974,291.5637177949145,324.21863571491724,326.3631526182979,314.68705506837,296.632012022256,315.9688487111979,281.25297369857367,300.2740940370765,321.48317328704985,317.2117198910038,320.95829561953826,278.78299637851876,305.52446500577935,316.1413023127649,344.1669840858843,275.2453611734125,319.9511158689436,328.8191424040069,309.5601761049083,331.76743953576596,311.6426327781652,284.8119357602248,297.24473030188824
24.15811839343292,4.480296816979993,37.95087542996122,32.41748524177709,9.123067657573351,10.743848696288183,23.184846286437754,14.16194495578774,14.914663884023005,21.75360649357165,1.9758266465202132,50.052545506076804,33.12948173743926,16.439289499700664,0.0,45.86063069161711,5.874136935342664,38.36994920501951,24.213701364013108,34.856861707851685,35.866837209590166,37.81738529306826,24.13151188518602,43.25568884886043,22.03362921862866,76.71970783030179,59.252806216516476,55.27724778152811,95.04000627246451,51.88356084572785,56.88848459979595,65.76600862601362,55.96321222638749,96.01222052883936,52.498135852416326,54.335849116363036,12.251776053247944,41.69421625338311,48.058500922252605,78.71873148034162,54.18960905574577,38.66738258361554,91.72173084128345,28.93820892202156,64.09270346750817,28.58936247513131,45.16881960121892,29.370040301567734,94.90720913159784,76.37885416498115,731.5139786933728,770.5255204817759,816.8108443121824,778.153489040514,758.5730110888555,810.3211945622807,822.7109616324394,784.1571758239389,770.2062691961363,812.9549747019402,777.9714956881338,771.0839529640942,810.2157545085104,746.0707119561803,778.0989539263356,760.9590391850319,800.1169973211986,769.3356797009335,767.2965421805344,787.2084683513642,775.196276495974,749.7318074644544,784.6003563072982,777.4527370980952,815.7249265554522,288.8064151805886,299.1064142128119,275.93971844138457,308.56376653915447,310.7300186699263,298.8368632293449,281.04650049684983,300.0349784840271,265.61051632701566,285.01306577242656,305.6702579204184,301.63968351309086,305.1243510082615,262.78697676065445,289.7926354100031,300.60829978101174,328.83192774006073,259.8060194526014,304.2006458722786,313.2402888323616,293.72506918243283,315.63023655806444,296.6944405180154,269.2147370912978,281.72232538557495
48.665821489973524,49.019956292932605,65.47538648427586,28.404925088190268,50.28646544405894,45.79223077079348,66.21020598924872,55.95567542925127,59.64674985448237,57.87466254965677,47.695628227208964,95.91287103252742,76.78617785427298,29.505290757326076,45.86063069161711,0.0,51.722568090839694,7.4910509667150835,61.1392104250859,80.61959820181829,48.52385557561666,10.520294434751369,26.86329539313253,60.00927692107662,57.56008212982314,80.08788017208997,65.84397805148538,73.77412558546533,97.02978743011622,54.556851777655474,51.11260814358436,78.01027748621647,50.90595058669991,105.83683163097805,60.90983565499928,56.74532675355779,52.454984912702066,11.271031483919153,71.98759619419718,66.6315071362574,56.344679420167985,37.33281382330416,75.96164285908425,47.269262386220184,53.91046525518778,60.92138990651114,50.918612989332274,21.754883890889687,103.43920077984734,84.09699160251343,774.4987111872978,814.440812540935,859.9152225886469,821.4249813483648,801.7884725722531,853.3597354842715,865.9900525148878,826.9467856469095,814.0717002276501,856.4897172867541,821.2158041773091,814.6133541498741,853.555191442597,788.8497801373459,821.4237623802097,804.3673651598535,843.1657607403192,812.425881675781,810.9210080189291,830.0479369076253,818.4305160086979,793.2119354317177,827.9028705091638,820.7297183749489,859.2416825282207,332.58836148586823,341.9348625294436,318.5809123857255,351.2707457575972,353.36561564681676,342.1850318300271,323.56070033966273,343.6601245363447,308.32168115513235,326.5163413530791,348.89083929876915,344.0897618522368,348.41433000881926,306.64809784959397,332.76341798178646,342.93629875468577,370.51168488947775,301.8920247835782,347.2190514032503,355.70085692003875,337.02769612198824,359.95091333343987,337.23137329243633,311.7792444143449,324.03777997611064
25.290316862777704,4.024971377173714,37.54402153476984,37.00477716238332,8.203897146474743,13.1930197989764,18.40188617292559,10.98071668074562,10.233110436325205,19.819710044732254,4.191754293595112,44.191782299797495,27.844990166175812,22.313084844006656,5.874136935342664,51.722568090839694,0.0,44.23152470522194,21.67185912666498,28.986114189302334,37.76031528874089,43.55571080601982,29.30613358325032,44.585329767914,21.069829403345896,78.62430753891384,61.278705707160206,55.66114051649151,96.75696106891141,54.74797824309547,60.483536052006606,66.75509568356512,59.52111987796877,96.67137961333077,54.57462619949147,57.11433584210852,11.391715539267475,47.492661899288244,47.78950487208947,82.32784836306452,57.00621481174739,42.84549180902754,95.47098734279743,31.37819687523159,67.87695496787427,27.797509845845745,48.026560599824066,34.99384871334563,95.7631544228675,77.71509818760656,726.1917527835275,765.0501956253428,811.4662734182534,772.783312587039,753.2125717250104,804.9873791224904,817.33813365386,778.8640131538754,764.7392250657686,807.5410323311386,772.6057152950783,765.6721304473662,804.8335682815134,740.7807803272285,772.7201571900381,755.5672691570229,794.7818930947047,763.9950234707766,761.8692885363562,781.9072528465554,769.8322166637839,744.3287238059587,779.2249507565846,772.0816974574893,810.313832594289,283.1284917630891,293.5433210769169,270.40487572945773,303.0140325292812,305.1887542459757,293.20989108326864,275.5265534592319,294.37437092188253,260.0692506192248,279.62148888601234,300.05780171820146,296.12332917684535,299.5035252501001,257.1031741651177,284.21358640851844,295.1075035333378,323.40677113720767,254.34667663612572,298.6131858857888,307.72034061754994,288.1044388576256,309.8869133762281,291.4245317820232,263.6912459545371,276.22744850691873
42.26320452839188,41.54373434897708,59.49518522575499,23.5919479653693,42.903853847447245,38.565698386709364,58.87557585269467,48.615652660934856,52.21519329723993,50.887456527559046,40.20729861289771,88.4219890610991,69.44666177047776,22.028975810981326,38.36994920501951,7.4910509667150835,44.23152470522194,0.0,54.15620028647497,73.13327841113853,43.45170255967483,6.1600858259834785,20.247308432897317,55.108779647102054,50.66244161307229,77.785372325414,62.619297819088025,69.08564083045782,95.27655924027951,51.46925825842712,49.331284097841895,74.29388580848108,48.977633884327744,102.97172187242275,57.216401792053894,53.81242114558613,45.17408081584895,10.206268717071952,66.57356229137014,66.69603985725716,53.43441694081781,33.57103115875677,76.97217992072049,41.50409238046192,53.126208323710294,54.35994369474082,47.12484282494789,15.841973845040007,100.74097197125408,81.1966795917823,767.4782269846596,807.2722805011105,852.8778695477893,814.3599117231682,794.7318812328888,846.3327862728306,858.9247887612302,819.959015964912,806.9111749838559,849.383175730306,814.1550850560698,807.506781947892,846.4799647826455,781.8625661428366,814.3501484192333,797.2799609957915,836.1369210301235,805.3896148651262,803.7991063627796,823.0522750328953,811.3713412191089,786.1127633649996,820.8329839651674,813.6637523258424,852.1380877690269,325.37873771568644,334.8612978514684,311.5297196576121,344.21597034382927,346.32136882034973,335.03777276090443,316.52843070059544,336.473884056264,301.25858096405653,319.6283445943877,341.7625705794584,337.070446702562,341.2761432421083,299.42418646269374,325.6681876062578,335.93419438937053,363.6078339647736,294.91527020608794,340.11928551023846,348.68203162389165,329.8861750322698,352.6680944594031,330.4846791767373,304.7374758558257,317.0337509513138
15.121927092375314,19.913013476838113,58.51485602692237,37.05075849406117,15.126688963564657,34.45607956931685,11.062236077126947,10.70241836892293,27.898212385623637,3.2687523395619573,24.089019827441398,44.00503863854068,18.946330568949886,35.888309321587904,24.213701364013108,61.1392104250859,21.67185912666498,54.15620028647497,0.0,29.335749378527044,26.02529482840143,51.06466253953306,34.394926551688435,66.24804551729851,42.06317251441821,100.28433506374313,82.91239783282032,76.98865906635068,118.42875765536863,76.01549855811862,81.07337338230577,88.31748280340966,80.15632008849742,118.03833089703068,76.19213883450333,78.43981826420075,32.879224474588,60.61226369623448,68.7335554118669,102.88392931102105,78.3074708020052,62.64239977278286,115.82438848398441,52.826356665168746,88.20897998331506,48.68460892943538,69.29056324087075,50.45606425363279,117.23163377808366,99.35440825593108,728.893988918478,766.2997242016809,813.9356675444737,775.0391789139843,755.5649906936977,807.5540073290585,819.551771967938,781.7908775691413,766.0728941185048,809.3764895886574,774.9014512924883,767.5451003161587,806.9665712445507,743.7518349521439,774.8975097197466,757.6326673428662,797.341328058387,766.5186799074465,763.5965145546195,784.764607391697,772.144679054513,746.2937157636873,781.4305043803258,774.3300320952616,812.175202779566,271.6633357694926,280.804885594202,257.44364071293836,290.13401827368443,292.2270131866509,281.12702177473403,262.4214918659944,282.6750447456961,247.18794082061922,265.4784378074545,287.8062249722674,282.95163614815453,287.342635911813,245.77128744717572,271.6469700406143,281.80230618621675,309.453605800542,240.7690907005859,286.10565110064186,294.5628510884532,275.9615732059871,299.2866088115827,276.4441719473647,250.64052176213917,262.90304488405917
43.289730875740275,31.63586730503696,48.47167148118378,62.47729199621661,31.33259849725058,38.681532132773846,18.502315078649474,26.726776949861488,23.461983818072323,31.060513101675596,33.123834872176644,15.698450691850978,12.968378808048488,51.29425729881274,34.856861707851685,80.61959820181829,28.986114189302334,73.13327841113853,29.335749378527044,0.0,55.21440865260729,72.0504637275028,56.618045801456674,60.550011544074444,35.98481096097015,93.85961015183085,78.04823868553034,66.61730895950407,110.42661670597477,74.92787355256105,82.76119916402153,79.08113724455816,81.72084121360112,105.7762534629191,72.06295279954266,76.84556385961318,32.62365212856451,76.36341611781425,57.18586427935466,103.88189815727691,76.87427765938943,67.72862148194685,117.22361191093201,52.7219943573712,90.4937496771374,40.28481066654796,68.68713132265671,63.559534572163294,105.77930912571915,90.7040166304422,700.552708078427,738.5478647906459,785.6873576617594,746.8686156986104,727.355585341546,779.2691411874736,791.401459381821,753.3754495046917,738.2835856399593,781.376828265025,746.7155207827427,739.5262182938321,778.8467774727989,715.3178037550022,746.7574542940165,729.5351378985793,769.0582504515992,738.2460730496849,735.6375916058001,756.3735806049434,743.9520822411105,718.2353119981282,753.2800409650034,746.1623150843377,784.1651243738012,254.9520407074142,265.92272363996665,242.9408482920865,275.45385542301807,277.6691281148151,265.27586829690995,248.13327619066288,266.27688735036423,232.581288137036,252.87337040611746,272.19132853022643,268.7329497261981,271.59653659580835,228.90932837793304,256.51967783353297,267.7953704535202,296.4516404402448,227.28043413343792,270.86972502149484,280.3046138333843,260.2038186064355,281.39524831910956,265.2828256571155,236.28986685001755,248.95964950105343
12.799229804125963,33.93843575172403,73.71647479794964,20.119005751817998,29.78334338638919,45.80249533657091,36.72264999757003,30.775391820572324,47.46941155570205,24.17342086475263,37.18179314667507,70.02953322535292,44.78443001400547,35.74163631651446,35.866837209590166,48.52385557561666,37.76031528874089,43.45170255967483,26.02529482840143,55.21440865260729,0.0,38.16381163387326,25.05311775907834,77.44621692355783,57.885662166327535,108.97764035667242,91.67326825986213,90.38698577548512,127.4342920389001,82.43448691240474,84.58226894884714,99.9903246477761,83.86952856822899,130.43059726048972,85.03537588220914,85.01073440458438,48.03010799554034,52.78099383029466,83.71064220050287,105.18037415535184,84.7598495515989,65.58589947257643,116.99670561076955,62.04399210339963,90.50062421590479,64.45470652150793,76.13847037555274,47.89875619689719,129.0262753516623,109.85591224667802,754.767350927838,791.9272957817215,839.7723705984027,800.8467247500788,781.3883866485008,833.4046963415939,845.3498607777551,807.6888684139861,791.7176283175613,835.1123411973955,800.7150693261603,793.2907352085047,832.7526937691506,769.6569046733948,800.6928799035215,783.4113982082999,823.1916041714466,792.3658559993709,789.3166893701117,810.6541429558036,797.9610006730832,772.0567611319358,807.229835917776,800.1364718903092,837.9154000721368,290.84824529240444,298.67263434616234,275.17638368740575,307.8115299280021,309.8071181534135,299.6729076822674,279.97249431867067,301.5930090966012,265.05930453365744,281.8051095382921,306.1552634454548,300.33675736809977,305.78572358270765,265.19444199538475,289.73557819635,299.0421275281658,325.8236461729984,257.9011101971235,304.19646056809046,311.91710138946024,294.46789291473016,319.1591524664704,291.6392288708672,268.31001985390236,280.20680200296465
38.2256132843181,40.46618020926006,62.69392386132895,18.07952316723912,41.106267205644755,39.71684334109743,56.771176086155684,46.58155008430178,52.29421143535571,47.814625196751315,39.74596336118914,87.56591032892096,67.32843801435227,22.223034123970848,37.81738529306826,10.520294434751369,43.55571080601982,6.1600858259834785,51.06466253953306,72.0504637275028,38.16381163387326,0.0,16.669774563255324,59.381710536697994,52.51301123275339,83.38043611963816,67.87866769275115,73.4447952388364,101.02481212119301,56.83980701481413,55.16223981616646,79.26142499953478,54.76993924520001,108.30132821474258,62.26445103266226,59.23724996321815,46.04838594081967,16.363555307051914,70.33253899750132,72.81809251821915,58.8703329606903,38.7716639275859,83.13224494508493,45.1145786723975,59.15791312515926,56.794414312244456,52.179628983175704,20.03448489526953,106.14536678439997,86.54889243297163,768.5869496697317,808.0013427647086,853.9435465115005,815.360233455703,795.7536590406753,847.4232279856776,859.9229794269595,821.1403633502445,807.6627239091198,850.2779136952738,815.166045843885,808.4030121511323,847.4540389786794,783.0467290203612,815.3294275217503,798.2254848687033,837.2233041958352,806.4596730887243,804.6554844726279,824.2156908698098,812.3861720918479,787.0288792562161,821.8212182226737,814.6619038887223,853.0403211944126,322.69625556780824,331.8430043416087,308.46444434277555,341.1560475091152,343.2387968559786,332.19153374215375,313.42265022889586,333.7271584362497,298.21993596215526,316.2446867057182,338.86960304590207,333.93635669878904,338.4071657420106,296.7845238942946,322.6992237080479,332.7651392530771,360.25029507854373,291.6987400185613,337.1596171594714,345.54621419307176,327.02623499744783,350.20247846157565,326.8658918555739,301.6526354251382,313.869841348272
