0.0,90.91752616160004,181.6497732468183,272.8296592651204,363.49070270436835,454.3570190704578,545.389225814865,636.21091412995,727.1539674525043,818.1792027940426,90.87339319119837,128.64539890523633,203.0428281641509,287.3061505948993,374.68416778883034,463.65337348993916,553.0326483453513,642.7915408310844,732.715022600705,823.2980482365712,181.6044231426563,203.32170382145782,257.0851085170269,327.7289075211927,406.5992545266567,489.4887349786658,574.9487665860797,661.8578562337441,749.8116341491045,838.0742997600004,272.66905526113766,287.3174272804845,327.8610924813156,385.5409065169375,454.51473806396433,530.18164061375,609.8104205743115,692.2950950950344,776.5825003760384,862.3843396422673,363.6927839750727,374.7605984106493,406.5545898386395,454.50817206230715,514.1882789370655,582.0674133832026,655.4754128099642,733.0122540521455,813.1252072743657,895.345713373557,454.62777314167454,463.60638239781025,489.5526177036456,530.1144679077773,582.12773245741,642.9300496329554,709.9024858174641,782.0739365695539,857.6159848536888,935.9315999864302,545.3414668444137,553.0446832891818,574.8140227121231,609.8426682591747,655.4231373605427,709.9363235863783,771.466708905938,838.2114817866614,909.0865154609455,983.2704016605751,636.2405665211139,642.9136070421104,661.9091460746589,692.4327963134377,732.8677388673856,781.8233026546814,838.28659014316,900.0399083211007,966.3853357587383,1036.5325390985151,727.2722522322429,733.0255160179875,749.4368740655793,776.7164556395265,813.0455159230969,857.5992230854771,908.9498041880719,966.4105743263602,1028.5103515424473,1094.678242657658,818.0935226016989,823.1829648945636,838.1033237479093,862.617756320863,895.4227593236166,935.9273608798192,983.2751580671714,1036.5430477377718,1094.7879031348368,1157.0430416958154
90.91752616160004,0.0,90.73231228850986,181.9121335158458,272.5731942931016,363.43949850181195,454.4717031089263,545.2933915190034,636.2364415377203,727.261678633526,128.59170597796722,91.03766421273049,128.3388620872352,203.12436241905593,287.3298188684331,374.93124886973465,463.59479042184154,552.9331262704764,642.6007642894627,733.005437159902,203.17557863745253,181.89830671533448,203.2372685060625,257.0864135515976,327.84215851362313,406.48931535666543,489.5364426830419,574.9812340745833,661.9794098110741,749.5822468122057,287.46704217168707,272.6585606770179,287.5879835435227,327.64168638150335,385.6568624543863,454.646102141735,530.0672154105717,609.7840035761948,692.1997510236197,776.6655648691699,374.8822658162329,363.57196710456907,374.86977397437124,406.57474793997824,454.4678396351266,514.2246130895446,582.0190595588332,655.6313616248027,732.942291376187,813.1028686151407,463.6546086657035,454.64716954399796,463.55773408600936,489.6061365072536,530.128711324937,582.2259581451847,642.7012529822425,710.0730364540967,782.013191525012,857.5944232335968,552.8811842988318,545.5482857761664,552.8348913399658,574.9774013014979,609.7219911900887,655.4769066134123,710.1037972379346,771.4671693181731,838.1303317492793,909.0222109341033,642.7264559060428,636.4444017827651,642.9025856546467,661.9063417544472,692.2901491994995,732.7336688507274,782.186594614883,838.2157436697154,899.958362484734,966.3883380842369,732.951447834996,727.3869162296763,732.7156981019222,749.6647261220636,776.671400007245,813.0853906837568,857.4978623685456,909.1209807210222,966.3630606219463,1028.5082430148245,823.1522846751978,818.1591530866865,823.2014050972276,838.3223500200767,862.530592008882,895.3128798749203,935.9186245743487,983.3559488414269,1036.6262820644463,1094.6550049738871
181.6497732468183,90.73231228850986,0.0,91.18004658860823,181.84094638122392,272.70728876711945,363.7395007382361,454.5611847876136,545.5042956455883,636.5294786621276,203.10184336128162,128.43838891548117,90.66077144631458,128.4984890260313,203.22417299954424,287.7109773775404,375.0120444542335,463.6396845707546,552.9071776916943,643.0507547120279,256.8836270967162,203.16658145398083,181.6429118445131,203.20042851645277,257.25753551461924,327.7881431130773,406.6162050925528,489.68934491021395,575.2341477677136,661.884092218175,327.5773798886999,287.3124871338792,272.7066574840997,287.29459119160396,327.71079085424725,385.8274475643074,454.5950346798176,530.1105616380773,609.7957555233753,692.3843577431749,406.3911883376413,374.5800080182488,363.576928647224,374.8094752535337,406.4235160205787,454.50272298253145,514.1977735790518,582.2256486976634,655.6359982964852,732.9970814325612,489.4788850524165,463.50370228311596,454.42491190566415,463.50069177660805,489.55060496145137,530.1965207441061,581.9753453855125,642.9062782333132,710.0552642790157,782.0463994470379,574.6780092162095,552.9176880515921,545.1660372926871,552.8905026273803,574.7816687491384,609.717738041633,655.6164935655626,710.110859110846,771.3968598871409,838.1063641319065,661.5598801738995,642.7189950196309,636.2861757297308,642.7650504599462,661.694702412922,692.0888635923087,733.0609778042628,782.07692486109,838.1455908426211,899.9918441607376,749.5009487263716,732.8926617962675,726.9094887794632,732.8355653946749,749.5129430119183,776.6265101297062,812.93208652908,857.6301102574182,909.0611538593978,966.3758028743276,837.9113073570613,823.0342183111749,818.0368532829467,823.2699559882425,838.1431004113724,862.3176943921336,895.2499519307846,935.9515163056583,983.4175649670397,1036.4877277872445
272.8296592651204,181.9121335158458,91.18004658860823,0.0,90.6611608607624,181.52737881317424,272.5595748062022,363.38126268680514,454.3243128856029,545.3495464780705,287.620792955805,203.43168261127366,128.70895221320058,91.00017973437254,128.36262544345612,203.31135555131684,287.4373806230772,374.67222894038,463.2350471566685,552.9553255676134,327.8886552268429,257.28945067489514,203.30507144791213,181.8133183912062,203.39566390644188,257.02627504467813,327.64592079743335,406.4859485059661,489.62579583502065,574.793674068273,385.79989082518307,327.9298097163978,287.6337705874378,272.66845934998474,287.39651801013247,327.8421400114292,385.64056239464423,454.4149675698181,529.8821531310515,609.6843764219095,454.62936133124356,406.5357393163127,374.9711629133659,363.77783762368125,374.71380090390505,406.4830241818115,454.4018621787413,514.2645318177225,582.0468117425089,655.4520610808479,530.2572255835414,489.7500880121543,463.5995232813994,454.61689516080787,463.6018294504865,489.68538498895623,529.9115965076785,582.1103955356324,642.7520349706383,709.9023068647264,609.7975771596244,575.1111598811623,552.8506148756171,545.4848588695452,552.8857054246845,574.8700679270281,609.878053429575,655.5948370874916,709.9391143376893,771.2402608115867,692.3141151194369,661.8954743164732,642.8893851952357,636.3981689721428,642.7765553719246,661.6203807973551,692.4779646159647,732.929830664495,781.9672897597815,838.0959115596137,776.7952186130608,749.8103368345023,732.7242236159585,727.3100127276792,732.8850583936912,749.6051068411849,776.563822826717,813.0886445477247,857.5550510162038,909.0257200408897,862.4316650844443,838.1420693726682,823.2390993948999,818.3492918763612,823.3228454809428,838.0743765227165,862.3747407606656,895.3373710028832,936.0300421827801,983.2541598279898
363.49070270436835,272.5731942931016,181.84094638122392,90.6611608607624,0.0,90.86636336134877,181.89856875911667,272.72024523249183,363.66339998833513,454.68853863406395,374.69336812167677,287.33399457081816,203.21230916930065,128.55760721520383,90.69307782159726,128.68283660691614,203.38803725465837,287.491709592301,374.72083258523134,463.732977876074,406.4120584094259,327.645211672255,256.90177337865566,203.0832836052084,181.86103343859085,203.1985103751857,257.0432934877711,327.8179342696576,406.77450101689493,489.5632584135082,454.3766687822023,385.62107698212156,327.67073552474415,287.2681342955217,272.5044154722685,287.49243809102643,327.76310728275354,385.63092908648963,454.4622717164759,530.061506829373,514.0505501024331,454.26081337687066,406.4887359906012,374.82695356813906,363.3789896687476,374.675805866907,406.39254090891865,454.5721823992549,514.2754288254929,582.0870839347352,582.0015167714804,530.0365752364469,489.3931918946477,463.43622656819434,454.46763851312807,463.59123986283987,489.3397908086617,530.1008847667083,582.070989082347,642.7637418830857,655.2598105396827,609.7507122370957,574.6167498112619,552.8259886455588,545.2362246022302,552.7939651091646,574.9344386555963,609.8574837123613,655.4715001084672,709.9042588535622,732.6623884744446,692.1531475771063,661.6647140070336,642.6504169157985,636.17518342773,642.5151901553288,661.8890294905883,692.2764058262438,732.8509727843727,782.0046771612091,812.9402622208445,776.6566916163712,749.241628728612,732.8005548339557,727.083681185136,732.7623327573259,749.4079252216284,776.6333950721354,812.9981939687156,857.5689217392326,895.1130153830471,862.2176444384226,837.9710585831474,823.1930073732027,818.1444664942749,823.0208425843703,837.9856313423383,862.3567713420272,895.3742876671562,935.8769806104771
454.3570190704578,363.43949850181195,272.70728876711945,181.52737881317424,90.86636336134877,0.0,91.03221198070942,181.85389746132097,272.79703704127064,363.82219058651486,463.391435167982,374.6558675891785,287.4316501590348,203.29364354035621,128.41844586296207,90.90364029055198,128.67095699076134,203.29617794237342,287.4251707670162,375.05731017678795,489.4275978523918,406.41908943555126,327.5641385194364,256.95607254057603,203.3143072188219,181.76635115620746,203.16355087985565,257.1883391763305,328.0361599649746,406.6072361060245,529.9295954475472,454.51360773751543,385.5892046366148,327.6225112844001,287.26606610412904,272.7403611733032,287.51582070665273,327.74796765849413,385.67973691838824,454.5656659706816,581.8938433256081,513.9936280360454,454.51139010648416,406.61615165828186,374.5946198585387,363.51225339570965,374.6959899088224,406.6137419816045,454.6137530800348,514.2855683460429,642.7386631888174,582.0818506855155,529.9493851433391,489.4812715845973,463.5082035604375,454.6311054047246,463.3688057219667,489.6266074964086,530.1118554399922,582.0886963289531,709.755998460849,655.4980018415822,609.529446032639,574.8419850030199,552.8191799717226,545.3218880739079,552.9917377695491,575.0324299015164,609.7945386981432,655.4817937854982,781.7973652219582,732.7527596858807,692.1969144096665,661.6661197189609,642.6852534874679,636.1139458819557,642.9324512495028,661.7879597898391,692.30568755197,732.966246456344,857.491884975399,813.0792201876573,776.354202412383,749.5738037274368,732.7966418915913,727.1493394443513,732.7403816364433,749.6023702762799,776.654432786608,813.1079483979886,935.7710084603635,895.164897043653,862.3194797476559,838.1450116587209,823.2327254086056,818.0295730047421,823.1201619017027,838.1104936855385,862.5198518340841,895.325567938483
545.389225814865,454.4717031089263,363.7395007382361,272.5595748062022,181.89856875911667,91.03221198070942,0.0,90.82168841011088,181.76485377374604,272.7899793532375,552.9498698658693,463.49590950019353,374.9184449269914,287.61876225507143,203.27860168988877,128.46109994552393,90.83051203312885,128.38036387390252,203.11320471666158,287.5789691115455,574.9648601838791,489.53850261745083,406.46553530220086,327.7134380234886,257.207840271459,203.2588063728807,181.5907015261463,203.2055518207546,257.2647628427311,327.70693226317655,609.8034733650536,530.1878998931007,454.52973595289336,385.6517393259416,327.61554075049213,287.4709268333462,272.74301153832755,287.3722300154024,327.7013787561265,385.6046244105616,655.447678152172,581.9403869893013,514.3214968197959,454.6938478061762,406.36941867730775,374.7110017262127,363.4791659736759,374.808250322629,406.5533241832211,454.46809649776253,710.0352842892503,642.8993312426466,582.0451701797188,530.0661324834965,489.55911623743305,463.63899967908924,454.35319535782884,463.57334223743163,489.5295113372505,529.9884245559476,771.2215911031038,710.0494252639804,655.3232556546727,609.7709118246922,574.8529918295535,552.8661566327271,545.4448970271275,553.0174606429525,574.8526651279208,609.6870364069149,838.0049001436873,781.9073661616809,732.8333330414943,692.2038155985703,661.7260058520844,642.6021392569464,636.4576323650606,642.7292827591144,661.7360558823767,692.3210270838073,909.0302740741953,857.66724336579,812.8047727538677,776.6967881082387,749.5557212330293,732.8192998730772,727.0811549482535,732.843833756997,749.5332499047097,776.6700830778153,983.2201342328507,935.84470136207,895.2923189989289,862.4680926936976,838.1870880717214,823.0704706545037,818.0874636303664,823.1660965300905,838.187882198814,862.3763431625551
636.21091412995,545.2933915190034,454.5611847876136,363.38126268680514,272.72024523249183,181.85389746132097,90.82168841011088,0.0,90.94332639663615,181.96829397387313,642.7093841050529,552.8363617086354,463.55914417935514,374.8805343022309,287.4126250338359,203.05746219318848,128.3499623430309,90.56232812189906,128.46291098400133,203.42014647018956,661.7580332506602,574.8492084918486,489.38807674627884,406.4166914567252,327.75304023251454,257.0497337673774,202.9743083729797,181.66193526500146,203.3784967215227,257.08489377505794,692.2305606264681,609.8704565854326,529.9812028533461,454.44559669760326,385.4649390560213,327.675404932481,287.4539745588729,272.5854097495205,287.4398634794005,327.69559741032276,732.7379920134773,655.3168272295571,582.0920538724966,514.3472491889656,454.29755627594847,406.38524297244305,374.63161694096726,363.56259546492305,374.8143940452284,406.4719505053641,781.9612032462899,710.0240594618148,642.6970364360766,582.0130936009851,530.0241705358386,489.5919774724662,463.3236312512837,454.5441029900337,463.51056304582147,489.4577112927185,837.9034035145027,771.3437484482904,709.7307696829431,655.4256980635187,609.6934773144396,574.8108997113227,552.9197874473942,545.4653686738015,552.8455865035281,574.7998746684674,899.7563818577662,837.9345160448106,781.8527247774774,732.7136976678206,692.1962360812429,661.581194805762,642.875129645595,636.2160375336135,642.7072170717129,661.8051445212276,966.2494783542985,909.0571790688894,857.2702392053136,813.0363064125589,776.5874382064745,749.5010394667879,732.7165327735956,727.1470080832257,732.7841883416239,749.5939741837956,1036.3535333964805,983.1485615712176,935.8582664516058,895.3114666096548,862.4433512937611,837.9507269264222,823.0974605058561,818.1051220368911,823.247217880071,838.0781039301776
727.1539674525043,636.2364415377203,545.5042956455883,454.3243128856029,363.66339998833513,272.79703704127064,181.76485377374604,90.94332639663615,0.0,91.02546784859652,732.8811664589298,642.7466702121543,553.0676674907024,463.67858758714925,374.8589685649417,287.34955078855523,203.1809454549899,128.39248806844608,91.05857182434978,128.75115340542095,749.6828756132174,661.8118588396724,574.8953639631578,489.53901035099614,406.6469747775897,327.8511557386988,257.00419825841163,203.26533618462932,182.00442488336594,203.36301699720295,776.7314281390275,692.5087696853774,609.8561239932775,530.1451095158114,454.4798040492848,385.743714258018,327.9393047532454,287.53092212309707,272.91829753643714,287.54990922623983,813.0485822250519,732.8391896822633,655.6991453140181,582.3601339909283,514.1962986106805,454.56459121627677,406.5684198790878,374.92604307080717,363.81212702662583,374.8982593843998,857.7122637915602,782.1895700883437,710.0647829772543,642.9120853134692,582.2273012622283,530.3046086246558,489.55289760907004,463.74535453781596,454.7110841293066,463.6216859618824,909.02099958137,838.2648223047505,771.2849649713565,710.0821712284836,655.6262622013983,609.902918128948,575.0963553501234,553.1907066250055,545.5108315327467,553.0014425359208,966.3604931519835,899.916147274048,838.140980908626,781.9898573514631,732.9962147248128,692.3245137985092,662.0785364360697,642.8592324551997,636.4398784531527,642.9983505845514,1028.574674854905,966.5301806426965,908.9303915035224,857.7632474956473,813.1911450644712,776.7849935079522,749.6621736710047,733.0052776638122,727.3200346093487,733.070950936867,1094.7169663872894,1036.534898954103,983.4321215372524,936.1184132959464,895.5674639962724,862.4600103283504,838.2417124828274,823.349802185139,818.4169763544091,823.3638820061309
818.1792027940426,727.261678633526,636.5294786621276,545.3495464780705,454.68853863406395,363.82219058651486,272.7899793532375,181.96829397387313,91.02546784859652,0.0,823.2572301942407,732.9404122899324,643.0000184503826,553.1849174695801,463.64958910656225,374.7406511422019,287.4017687924798,203.12927212606937,128.6827205341007,90.76168394947146,838.2397845231238,749.6958425288627,661.8152401618951,574.9766405571232,489.65510509858035,406.6251906906424,327.6198915334176,256.99914532060717,203.19786638049968,181.67704943301135,862.4867265315168,776.931786448007,692.3741330586616,609.9058425370326,530.0036375812417,454.5255202960022,385.76141274789063,327.6945292416524,287.52487546269236,272.56941739904926,895.2968269123303,813.0294968470149,733.0669052723688,655.7850916723017,581.9923886328132,514.1981253927231,454.4477470455661,406.47522344170034,374.8046684154649,363.46798175630903,936.036928047182,857.7760440385015,782.0373881893349,710.0532624360835,642.868306786756,582.2015440802008,529.9562144000662,489.58383677891663,463.5197677320652,454.3948792981036,983.242909550157,909.1754091231414,837.9879170450217,771.372779423443,710.011289433584,655.5083311553032,609.8129962690912,574.9895849479246,552.8260741911341,545.2542338506485,1036.4730955759055,966.2719922135434,899.8720300302675,837.9944672483884,781.9873609337455,732.7993723194966,692.4235885785263,661.6594614127874,642.6912555057785,636.3221530464747,1094.6911898102985,1028.5992057440692,966.1377099543585,909.1192562432973,857.5937339495689,813.0304243259043,776.581480600144,749.5340042613102,732.7699650897306,727.197041235287,1157.0477354738653,1094.61898686827,1036.5300103437082,983.3541087679811,936.0509107202603,895.2183998250536,862.378576444199,838.0851482145085,823.2463807447332,818.1224221101947
90.87339319119837,128.59170597796722,203.10184336128162,287.620792955805,374.69336812167677,463.391435167982,552.9498698658693,642.7093841050529,732.8811664589298,823.2572301942407,0.0,90.95970429404744,181.6667420003813,272.57218801853156,363.55836380010527,454.69158730967615,545.5649716685477,636.4217332272771,727.106330301479,818.327142970251,90.7310390727531,128.64724826600158,203.3063926426476,287.4925197180629,374.8865762826299,463.5246638198656,553.0521961752621,642.9233411886634,733.1444263023056,823.2159941644393,181.79566653171594,203.14113791497775,257.2607415329346,327.6810559302351,406.6036266139462,489.7083448985279,574.9806450229654,661.8474363261596,749.5600522511068,838.1547584994208,272.81942427807166,287.4670647845028,327.8130998058115,385.6837133060848,454.5506411078297,530.119466999532,609.8286745525019,692.4895001331516,776.7965347251977,862.5080202623452,363.75439079783797,374.9267242216303,406.6020748235201,454.6271989006366,514.3387208298111,582.2565291336881,655.5062722354967,733.0339502110555,813.1573252256455,895.3873049973378,454.4680915805253,463.65570478045476,489.4719055550278,530.1487188452088,582.0259486349506,642.7989075070718,710.1635084813561,782.1591750336404,857.7035650227866,935.9795708619565,545.3671847808985,553.1148609451388,575.0952351827474,609.9914606713442,655.5470894809931,709.8784122691326,771.592159935476,838.3034738152376,909.1708704588826,983.4050425577268,636.3988727666581,642.9587997797438,661.6614937647805,692.38132501028,732.917149685583,782.0554584568998,838.0627999329286,900.0576922494472,966.4405961212005,1036.5761004827696,727.2201407498193,732.940824565413,749.6635003018754,776.9599494457424,813.238251245387,857.6579484854477,909.0926498862993,966.4598214033842,1028.6777218237376,1094.711267379452
128.64539890523633,91.03766421273049,128.43838891548117,203.43168261127366,287.33399457081816,374.6558675891785,463.49590950019353,552.8363617086354,642.7466702121543,732.9404122899324,90.95970429404744,0.0,90.70745102877947,181.61259299194347,272.5988476263783,363.73199879148376,454.6054129710246,545.4622490001082,636.146762517941,727.3675944737906,128.44564186255246,90.8606444660744,128.439778734464,203.1800615115636,287.4591427064293,374.72276795261996,463.5371396083983,553.0013100723551,642.9655813072332,732.8620165674168,203.16159998283615,181.62095216535607,203.26773783353764,256.89553446890983,327.68822939022493,406.59877364724207,489.4848403431045,574.8813978415192,661.6458866465669,749.5821050922898,287.4036792376322,272.5343048147516,287.39002603083816,327.65912537209925,385.5429371800134,454.443728246677,529.952382581675,609.8687430426697,692.3074958781554,776.6915885384526,374.8102682088357,363.6095080660106,374.7135992995618,406.48748454055055,454.48189067130596,514.284667023466,581.9126425052086,655.534605329565,732.8570380414601,813.0351761661574,463.3228032093193,454.51062171664563,463.28091866033225,489.4610329948052,529.8599070737221,581.9270304095475,642.8213430405314,710.0204056127405,781.962193421347,857.5174263338712,552.7542212511291,545.4067438822495,552.9338168748505,574.9261068577513,609.6708351190797,655.2531777363441,710.0820870125732,771.3945644614853,838.0760927293306,909.0324277648147,642.7154370115845,636.3492520334552,642.4827531629827,661.7132450730364,692.1698815230264,732.7964637885416,781.7947134935463,838.0862736825377,899.8649977370075,966.2901560723977,732.7405264187983,727.1214895965503,732.7893933142016,749.7169951598414,776.6979987271725,812.9704251420698,857.4812293347924,909.0188843391047,966.3886326353867,1028.397671264495
203.0428281641509,128.3388620872352,90.66077144631458,128.70895221320058,203.21230916930065,287.4316501590348,374.9184449269914,463.55914417935514,553.0676674907024,643.0000184503826,181.6667420003813,90.70745102877947,0.0,90.90564978458941,181.89164653282376,273.0249201044957,363.89826329385244,454.75499234347797,545.4396197555433,636.6604182965202,203.19979768806604,128.5810619967093,90.98227735409017,128.74757869623954,203.55648708294095,287.63625357554105,375.05714802818017,463.8078051101782,553.3551917764456,642.9835421700757,257.09126022553073,203.34235926813255,182.0459499652863,203.346296046612,257.3180498461466,328.1110258879352,406.7676012895143,489.7477191511921,575.0424383968992,662.0065261353964,327.7777012343374,287.44611708326835,272.9161697474124,287.70399067038556,327.90359926556664,385.8857818537571,454.69788968212487,530.4019436492375,610.0823806392722,692.574473958997,406.6761883714717,375.0158222560574,363.7641661157114,375.0376623899613,406.79743092502656,454.8864142962308,514.3624246214409,582.383959234041,655.7731965931317,733.1331697860667,489.49199735078025,463.7206339699012,454.5052954441776,463.71537254468194,489.63253047735986,530.2120522939449,582.3997863919055,643.1283263604719,710.2458619814113,782.1989485123804,574.9148704908099,553.1050162362309,545.6254415802247,553.1784716934851,575.0797706116068,609.8307436470421,655.9209948892795,710.3139466406689,771.6195352893748,838.3827652549114,661.8997675687203,643.0235240948928,636.2487409678761,642.979927277357,661.938702477101,692.4944856673058,732.9942202002309,782.2680072696915,838.3449943307501,900.1694064664845,749.6580121740735,732.9897456182955,727.3760935802306,733.2402538028663,749.9105081818923,776.8610845694068,813.2607352749535,857.8615248487084,909.407726656407,966.5623854897378
287.3061505948993,203.12436241905593,128.4984890260313,91.00017973437254,128.55760721520383,203.29364354035621,287.61876225507143,374.8805343022309,463.67858758714925,553.1849174695801,272.57218801853156,181.61259299194347,90.90564978458941,0.0,90.986309683665,182.1194081988909,272.99282054479704,363.84968700234833,454.53416980294736,545.7550019816046,287.3461421657807,203.12545440658022,128.34420704244533,90.81375588078396,128.7590472973618,203.36504188812788,287.64278650748815,375.04413485148467,463.89244174164236,553.1094556172256,327.6045283263718,257.06347063148854,203.22138469034323,181.66871054622194,203.24583261926998,257.3289733258569,327.8954624460257,406.6597674807786,489.5828599437702,575.0782628506264,385.4930120440704,327.5194028299431,287.45556288386814,272.77803652107684,287.3733199826795,327.789121208346,385.69929907543474,454.7411442711172,530.2379324035646,609.9786407177629,454.46622492218916,406.54283082120213,374.7234232104584,363.6172624419561,374.86202779628275,406.7252898944785,454.4779169189283,514.407791280279,582.2030447884325,655.644088958298,529.8208354979944,489.5210569075204,463.2732962726015,454.48523630809325,463.4194785055312,489.493189809896,530.2042610655533,582.2541179817781,642.8983794917023,710.0585138705939,609.6000749895588,574.8397665348836,552.9026768720724,545.3986542571967,552.8887129246917,574.7568139386851,610.0219550411198,655.6561336779146,710.0905618788605,771.4933567889738,692.2113413603444,661.8149804174278,642.4842109329647,636.3103482094737,642.7281267672759,661.7729091089847,692.2130743931141,732.9819494756663,782.0590218067186,838.2039351362686,776.5337555838177,749.4966422794505,732.8291638718298,727.3497105136997,732.9846156351323,749.5759598034986,776.6818417674757,813.1568348087637,857.7810217565832,909.119590808289
374.68416778883034,287.3298188684331,203.22417299954424,128.36262544345612,90.69307782159726,128.41844586296207,203.27860168988877,287.4126250338359,374.8589685649417,463.64958910656225,363.55836380010527,272.5988476263783,181.89164653282376,90.986309683665,0.0,91.13332472863733,182.00661677059395,272.863401577264,363.5479736865066,454.7687792553692,374.82394036432277,287.43665695047144,203.18699223847045,128.53767649948253,91.16796795648321,128.66366481347384,203.392033229999,287.65141810547834,375.1274695438437,463.62458899751226,406.52491436224255,327.88632203910333,257.1708334778911,203.2787317622985,181.81135070557568,203.50722518989454,257.27796157705563,327.868389889557,406.57168684532985,489.64697276774575,454.46877426219294,385.5752119619163,327.90121405952215,287.6952160994337,272.6859160361371,287.5421258133253,327.81078307738295,385.9019832472459,454.7053026042088,530.2137189019525,514.3202504857596,454.68050074977384,406.58731377146944,374.9259286053316,363.7745608683068,375.0835271807252,406.54046873050305,454.74017493938675,514.3894620847162,582.1971852548091,581.9886280876566,530.1917661767056,489.420855462152,463.6061872636202,454.5431477897983,463.57515934333554,489.74335781739444,530.2980012565034,582.2052508685937,642.8777195899404,655.478210344174,609.8328091945762,574.9961997441078,553.0128919164812,545.4821056434272,552.8816399537988,575.2282892772351,609.9799454955299,655.6655736159075,710.1693894101094,732.9512194968923,692.4738142403795,661.6234851892856,642.907625959139,636.390603575361,642.8688940378291,661.7891546103851,692.4555705956,733.0132721944459,782.1446513660792,813.0800769323645,776.7102441995477,749.6991864787004,733.1214187768605,727.4513889298039,732.952024556686,749.7101310730492,776.8500133374979,813.3349764501546,857.7289313964978
463.65337348993916,374.93124886973465,287.7109773775404,203.31135555131684,128.68283660691614,90.90364029055198,128.46109994552393,203.05746219318848,287.34955078855523,374.7406511422019,454.69158730967615,363.73199879148376,273.0249201044957,182.1194081988909,91.13332472863733,0.0,90.87344242108347,181.73044163072385,272.4147657098809,363.63560737483465,463.7421492327775,374.9551963186985,287.5459734060261,203.35930877841358,128.74677817245637,90.86330245725988,128.36047120130166,203.1746443007034,287.5231759227081,374.6510221200805,489.68009698322646,406.81310364754364,327.8833299387193,257.1908103117615,203.17784555922782,181.8370531510752,203.21002094167167,256.94820979343484,327.5395172239375,406.3730534135866,530.1064836688729,454.505111858264,385.8604895433103,327.9986060238012,287.33081212967596,272.60902524311643,287.2796823920377,327.7164886581116,385.59274827669435,454.39275937328694,582.2309978040948,514.4383110323032,454.573716067664,406.59937526129227,374.8563035338868,363.7278859578493,374.5953940859526,406.51764539996515,454.423463686155,514.0810332543688,642.7605750646001,582.2187586627948,529.9242480203716,489.5447394878149,463.4481357678006,454.41870228430867,463.51894179250496,489.5452974082643,529.9277859754181,581.8845435613889,709.9779582201053,655.5166136089609,609.8064100782319,574.8774320830355,552.8889027489566,545.2107793230955,553.050986150173,574.8534314888851,609.6964443522043,655.451019383209,782.0509927212015,733.0343992282621,692.0818423227141,661.8267877449774,642.7324346666703,636.2461175189093,642.6008433540776,661.7137477394041,692.1792356860916,732.802441660333,857.593690356997,813.0552187295181,776.7102718314768,749.7261031976896,732.9875498710372,727.1263363312759,732.8087358869592,749.5691027007881,776.7229194181436,812.9772257951525
553.0326483453513,463.59479042184154,375.0120444542335,287.4373806230772,203.38803725465837,128.67095699076134,90.83051203312885,128.3499623430309,203.1809454549899,287.4017687924798,545.5649716685477,454.6054129710246,363.89826329385244,272.99282054479704,182.00661677059395,90.87344242108347,0.0,90.8570721752382,181.54135881087507,272.76218150857574,553.1635662895067,463.6590955952731,374.89252797338025,287.5748718015523,203.4660340604089,128.6998178903918,90.76024121125066,128.51746044175616,203.38653547001442,287.35629583057363,575.0849577391784,489.8402966841923,406.67521966438346,327.91109159260674,257.1150126150013,203.37796659278726,181.91262655194484,203.1989345139534,257.00908506937645,327.66009983296493,609.8676943187329,530.0786867950724,454.7598368177945,385.99732675032885,327.7253999025089,287.47469919179895,272.6487505511822,287.5086441187375,327.7791813019114,385.6147529740322,655.7116387647068,582.3260242769425,514.347102740978,454.659844457857,406.68013118382936,375.0223469536144,363.52278175366075,374.90328474023926,406.54637088040323,454.45282047979424,710.0079207542012,642.9938117969,582.0144400755929,530.1498607052504,489.57888302947083,463.53712960259605,454.6144546165962,463.6417817287896,489.49118089954965,529.9550241384322,771.4064604038322,710.026521804076,655.5790970832096,609.8106196478219,574.9719656970198,552.856074721575,545.6271947806141,552.947055282027,574.9107632412757,609.8352059692622,838.2212433859054,782.1962596927648,732.7538205847015,692.4346304151037,661.8388937326586,642.805462736867,636.2507376539456,642.7993575325048,661.7541084828136,692.31393270867,909.1215468511167,857.6441058304978,813.1854970620936,776.8659477982048,749.8082124355287,732.8781244615986,727.257043542339,732.94599845942,749.7523538913997,776.6965635028664
642.7915408310844,552.9331262704764,463.6396845707546,374.67222894038,287.491709592301,203.29617794237342,128.38036387390252,90.56232812189906,128.39248806844608,203.12927212606937,636.4217332272771,545.4622490001082,454.75499234347797,363.84968700234833,272.863401577264,181.73044163072385,90.8570721752382,0.0,90.68503850889806,181.90553139292112,642.9987623453202,553.0782675424815,463.6125318478475,374.93612327746484,287.6764037788443,203.4962339618709,128.61172878706094,91.09964076266463,128.88470628084934,203.31147512749666,661.9764373731701,575.2800482036927,489.7163423199263,406.7767555490561,327.8736551998881,257.3512788648824,203.62298067031537,182.02319178649964,203.47844394079542,257.22458108729495,692.4218039509082,609.9004420527417,530.3907924181677,454.9698083145859,385.8038141995213,327.9732936731361,287.65750159361863,273.0003374094256,287.75769806656945,327.9261495551685,733.1683359123397,655.878563789712,582.3125445655944,514.5196040138363,454.84675784356267,406.9569689268602,374.97637217106336,363.9818870560856,375.09558124248923,406.7135299280683,782.1279417166403,710.3163190494314,642.8924775680631,582.3363418120979,530.3260402188075,489.7907131499013,463.85323640881,454.90315189058924,463.7314105149825,489.6785607225611,838.2956101448995,771.5236689554896,710.1989524626513,655.6946320986876,610.0687809687762,575.0933900205274,553.3925771113655,545.653785913275,553.1832196465978,575.2231151201819,900.1821879702895,838.4674311580047,782.0403181468281,733.231110789978,692.5825555856591,662.0466560240941,642.9730411841124,636.5847796981526,643.0016778625869,662.0627241923821,966.5757242080526,909.2759115621487,857.9045060120658,813.4451108256104,777.1085843657626,749.8364809700589,733.1758179022668,727.5429115104243,733.2902603445484,749.8946907211291
732.715022600705,642.6007642894627,552.9071776916943,463.2350471566685,374.72083258523134,287.4251707670162,203.11320471666158,128.46291098400133,91.05857182434978,128.6827205341007,727.106330301479,636.146762517941,545.4396197555433,454.53416980294736,363.5479736865066,272.4147657098809,181.54135881087507,90.68503850889806,0.0,91.22086317207747,732.8502901886268,642.6562695589055,552.7710773361106,463.37161060963206,374.708457829533,287.36503294159036,202.97028799965605,128.3166310414225,90.94646377332171,128.62204420512944,749.5147956727544,661.8546144893226,574.7968466916182,489.46130065876383,406.3113000537187,327.60131523821667,257.078880477146,203.1345544930497,181.8597826600522,203.27080390658014,776.4868131971011,692.0834973157707,609.802617929127,530.1596682084933,454.29616024630934,385.51555593715324,327.59525568700604,287.3859615092299,272.75367809215123,287.4519296575563,813.014923611559,732.9122980678048,655.4120219820654,581.9953374140624,514.1857528466562,454.5568784355195,406.36572075659507,374.8487651264403,363.65260753157486,374.7874478801809,857.3923366543992,781.9675138038259,709.7379305035432,642.6902148213775,581.9910903253116,529.9662218062243,489.50745701653517,463.5876328879765,454.4523728031934,463.448082125315,908.9008507156345,837.9025425092376,771.1894918915335,709.7783709487412,655.4309777194553,609.64011369292,575.0258670979064,552.8420503421045,545.3814119114189,553.0238554709189,966.2482080475058,899.9166416314519,837.7967021134133,781.9708057920727,732.8234200057592,692.2165080954497,661.6615632239357,642.7308711428768,636.2615633110001,642.830973285887,1028.365142501525,966.2001926068941,909.0058955981445,857.5887522170058,813.1467823747896,776.5662946930881,749.5852325606737,732.9025111876267,727.358492361338,732.9445080834125
823.2980482365712,733.005437159902,643.0507547120279,552.9553255676134,463.732977876074,375.05731017678795,287.5789691115455,203.42014647018956,128.75115340542095,90.76168394947146,818.327142970251,727.3675944737906,636.6604182965202,545.7550019816046,454.7687792553692,363.63560737483465,272.76218150857574,181.90553139292112,91.22086317207747,0.0,823.4579652929608,733.0842470120734,642.9397138731741,553.1259280825226,463.74206909381513,375.0341439663372,287.5050113849622,203.32233150194696,128.61781990795993,90.91551763273503,838.3257500727645,750.0110853973209,661.9847510923006,575.1895319386856,489.6371606662967,406.6768985780925,328.00907917934,257.236053326018,203.52092560187324,181.80781875048075,862.5196597691133,776.7931569803073,692.6282604157996,610.2241385622593,530.1509056034595,454.6593817514221,385.7850610533525,327.8632356442925,287.62715121890864,272.7063480616739,895.5680282042291,813.4114316956678,733.101804967888,655.7481115536261,582.3141758744365,514.5229699659947,454.6044431940426,406.7545620060197,374.968187631602,363.6332528817776,936.0432270937285,857.8797454612908,782.0536391501004,710.176921218203,643.0004466953691,582.2404491184719,530.2341181410126,489.7607934334775,463.5568506497366,454.49260390922694,983.4564017146772,909.1421738819836,838.2203635124374,771.4059250351996,710.1621126719806,655.6117940880097,610.0867384653232,574.9543250422041,553.0050590454204,545.5605259012215,1036.6939967371213,966.6261490534965,899.8975224102752,838.3481595767257,782.1706980372297,733.0247705275823,692.375576426325,661.8718737783332,642.819960392254,636.4354129191846,1094.83283593668,1028.6220028006853,966.56413262832,909.2795654203093,857.896056531144,813.1580058536608,776.8411599778409,749.7658734183678,733.1194130872858,727.3608003987919
181.6044231426563,203.17557863745253,256.8836270967162,327.8886552268429,406.4120584094259,489.4275978523918,574.9648601838791,661.7580332506602,749.6828756132174,838.2397845231238,90.7310390727531,128.44564186255246,203.19979768806604,287.3461421657807,374.82394036432277,463.7421492327775,553.1635662895067,642.9987623453202,732.8502901886268,823.4579652929608,0.0,91.03281575237413,181.96454981495674,272.8460715084633,363.75095266327867,454.61985966829764,545.6610593636512,636.5800055506334,727.5875060498453,818.2973560008626,91.06472125067776,128.58313539626928,203.55856832260872,287.54328597751413,375.0373506813094,463.8211848567723,553.1196038170083,642.9825241820115,732.9567424822748,823.368622124237,182.08856473296953,203.4879140056643,257.34198287887847,327.9105015531811,406.75853863258686,489.76607456287473,575.1212181263408,662.1309104745956,749.8696148731107,838.3662440992332,273.0234359012297,287.77308597181656,328.02940323096794,385.97337598696464,454.8091947409587,530.4075947231262,609.976798203872,692.6071729110531,776.9309548550702,862.6450725367017,363.7371515633587,375.13308272871745,406.6875254939839,454.8166082185605,514.3833434436792,582.2740288283776,655.8854918876472,733.2394924871959,813.3729803438396,895.5491831295831,454.63622098313147,463.88590681192795,489.90990595595923,530.4647036821553,582.302380533266,642.8877463627738,710.4172569513884,782.401527327174,857.9112494546607,936.221498207152,545.6679126287363,553.3059259462074,575.0029673645045,610.0803409577425,655.7478080300428,710.2595335757188,771.5197527673405,838.4525908488177,909.3603133849911,983.5775996055373,636.4891718732956,643.0256532579817,662.0359966071806,692.7862302385805,733.259862733885,782.268323376551,838.3488166794102,900.2433153312743,966.7346946976315,1036.7391827365132
203.32170382145782,181.89830671533448,203.16658145398083,257.28945067489514,327.645211672255,406.41908943555126,489.53850261745083,574.8492084918486,661.8118588396724,749.6958425288627,128.64724826600158,90.8606444660744,128.5810619967093,203.12545440658022,287.43665695047144,374.9551963186985,463.6590955952731,553.0782675424815,642.6562695589055,733.0842470120734,91.03281575237413,0.0,90.93216393976726,181.81364455704454,272.71837559685474,363.5874167067064,454.62873616399884,545.5476304156591,636.5550832978365,727.2649837032535,128.51046768845447,90.76041014056662,128.61349917073366,203.1232865366984,287.48966561157283,374.92576868053817,463.5209689970651,552.9716435000898,642.6911156763504,732.9282895542841,203.22460690717446,181.6736795832034,203.23288714995175,257.03646648019304,327.7197607623629,406.5349567154355,489.50701835450786,575.0621082811894,661.8526515184351,749.6947191049096,287.5017770139761,272.7488636236286,287.42279053914774,327.7680876874635,385.6914838137313,454.62297695653336,529.9775192870516,609.8761114248683,692.3297070996313,776.7207936828906,374.6437646562627,363.64998026216307,374.6214127736961,406.5209773448976,454.37986475934053,514.1516788084822,582.1682203234147,655.6141412489342,732.9431237436585,813.0769049149688,463.3668686161655,454.5461258322655,463.5615864042841,489.59816348492456,529.9835192036926,581.8683302140428,642.9449244463219,710.1121023028934,782.0412689271109,857.6414703370459,552.912620894744,545.4886128001502,552.6928899696189,574.9000949349914,609.7238217465398,655.4857963706747,709.8565687371939,771.4104738737358,838.1283712571891,909.0718906204397,642.677020767257,636.2608546193034,642.7331032466238,661.9497789338731,692.3699108879281,732.8553865058537,781.9396722859649,838.1359165628544,900.0304907808586,966.319681558116
