0.0,931.6718346648082,648.2138656229872,772.9426382885752,870.2067840747133,491.70878646042405,1071.960925623128,620.5143622751087,501.3198873739808,740.2682033661124,551.6709293100096,336.1966735688029,113.1809175184686,790.5066859896194,546.4940210359155,989.9052713315169,376.95997388360735,254.48699086844394,407.9828274822722,265.3204428467065,177.3118669337768,684.8765153897652,644.8650897308946,582.8049653170596,768.3617077878384,381.4498838211652,687.3649820942998,552.2733997148239,492.17935337546544,821.0406116778829,1071.977344554136,1010.4698202634484,650.651502042925,943.7665900443903,1038.8201964419613,281.78766830075955,188.36512265453834,231.73239592324174,477.87597898899025,785.5410693016472,352.8658829131183,840.9087900398804,865.9212978160131,507.62094894486097,303.21757016537344,315.5442704277445,830.4423638636431,993.7135595873317,217.54330226171254,635.4115118819753,703.8742871647872,1132.0421412619814,608.7576956765894,537.1935700840221,1004.3210232139888,129.96870613646175,729.1132789477776,703.7526594802739,682.8935098923888,818.5354335109486,729.2067450907442,528.7361489141022,498.3948783095298,118.12144144101296,595.528344030918,353.12204155662045,818.3685964278604,791.205174925456,757.194465058857,430.0209893265042,619.5019170448511,551.2188407375205,166.41583951649304,697.0810440228554,153.0470224212367,801.9547724203412,710.7362590195579,116.81055424113929,859.0892265589926,600.1480369337822,960.6208801762381,695.7270211766903,967.0764605082187,855.7784704556632,1026.2434513843154,743.5456794317895,634.8057592371795,717.0092457139209,636.6398863085811,447.9335812328888,772.6004951433468,671.9985634736771,649.6101483269614,373.26293156959173,945.7172617773085,610.8229976493832,521.4257285179434,844.5064848234653,757.1493090511874,351.9843452820618
931.6718346648082,0.0,366.7478340699954,562.2868470494919,191.99319264614172,571.4176320158226,400.7029850865948,912.8065281377945,601.6053099230592,603.7118138307096,698.9401235421502,841.6184002830263,966.7335052878291,594.8142384280246,681.589008145332,337.7075520333578,786.7079535092358,751.839870539002,831.3131624419567,731.1405132047405,880.6154341641121,445.20297293833016,338.4971418377076,687.1568661308312,198.96844660467406,920.8960778782711,714.1264081859647,639.1214240129347,569.7551269159328,313.1519521895029,350.28501774469294,400.04097780165824,374.553465517548,106.36308717757504,237.60940211677882,756.2346281537332,1066.5564044729842,840.0239317389675,533.2951483347118,282.67902760555654,709.5639931004665,94.02420518372641,102.0762827415156,499.088654694897,807.70053639176,620.4796036554245,435.78680295293117,99.08246995936874,911.5901218151106,307.0440464579796,251.29186561392885,341.0925528897724,886.7753541453687,940.216810224713,314.7932761407113,805.4390649934633,885.7986890758694,852.5260337805169,887.4742731252686,195.55023659179201,533.8639069230945,415.2037116727218,496.5246278097241,1010.8411894023959,374.0544876838784,607.36516438875,474.0189673790933,550.8430087973416,274.5590134782767,505.7855083790737,515.9399182008024,878.9305102869658,994.7390643594376,454.31783499209496,1049.2508028332722,160.57804666901933,318.5555176979263,1043.0099874248026,143.1945989965129,717.4625817810008,164.07511672822278,367.4828191056587,441.24999519244363,566.9081286131345,222.95110938754857,336.06232465000886,497.9791016255019,547.0859209089834,519.8307107632393,883.2592016848286,651.237012367464,346.5561050655484,514.5949894540931,700.7863103656176,498.016924818667,945.4598628188346,444.61931579080084,697.2303726331658,306.5557740878032,762.6345579284304
648.2138656229872,366.7478340699954,0.0,657.7743533550357,434.7172585320564,208.58999903029073,698.0591815719512,864.9505744500874,529.89901102115,292.3542810166713,654.351887788991,684.2138769334098,653.2249795682573,309.3572776528446,316.71988124430845,614.3752416309014,426.76462338959834,549.9461040076588,705.7981690141796,404.29445906231234,657.5135972920492,117.37671370058916,44.15880051103773,660.0427819262109,167.7891369969047,773.3806417067866,735.9264692709868,274.2429081556486,487.63466169141435,488.57127619961585,663.9125045557558,667.635330055034,12.460020112506987,436.3378174132751,572.9795367468772,417.64711761956744,746.5390390111243,638.200832528508,183.43719363910188,433.43070660019515,556.9837173289759,278.3170877634479,361.4524758490478,410.48721245318154,458.35635507859536,385.924076920822,591.5704160559693,460.1068786042804,574.2659857958321,258.75755978380505,127.16918327489049,682.8349700849404,839.3634001750829,852.0669139196787,606.6842294816313,539.5949578001727,890.308889953429,853.6100701317266,871.7083431730664,388.12465912991496,609.2224709442249,283.85724338508027,396.85286465106117,701.4615723661875,72.35858994065457,416.4472095905138,239.96534936898874,658.8505980626487,113.95012149329824,303.613057816137,158.70288456445317,808.4414617720812,755.7088080048331,134.70305875114673,789.1030000628026,331.4545165861444,395.462165906641,746.0014173413223,243.190405463646,695.435862117245,483.2051242435905,58.6314063576337,673.622910114839,706.2303193824681,557.2705757664068,98.47831979126163,144.8681363716873,613.1165084487623,537.8935087724185,768.3960243267989,728.2133745533351,385.55805728663785,168.23142402862064,347.0200167704756,702.710154031105,886.4652433999022,338.76639230041366,799.0141104220891,108.93632567493003,407.43584308681284
772.9426382885752,562.2868470494919,657.7743533550357,0.0,374.42734828052954,747.2290315987924,386.0403145713623,407.26769966656656,271.9557826912326,946.3936208479224,255.55357114650982,497.92538630813095,864.7556938064729,967.0438327815991,894.4705162365314,338.8933993420186,878.7796658412644,518.7177014423798,444.33675817083537,736.9376216609514,627.4387098163495,774.8969832716401,614.5052318545282,225.14270282825314,586.9336896014833,536.443002863985,180.46026263949489,860.651307616236,288.1034587528883,250.87813450183899,419.29716210497565,318.0171336198246,670.1512119979477,482.0659502402489,466.3385641865235,782.1342861717561,958.4629229560205,566.7164790142498,686.3078809184909,281.6398418886244,422.4258744335483,537.9316361844208,461.5751786181128,311.65934903684115,850.1403757098758,521.1890078864675,140.51433472414737,537.3673309958234,887.2306345583364,399.61447488243766,563.7219859500038,502.021751271557,385.34191184174904,473.26149457265626,369.7984870991541,656.6463526828891,340.86118605214403,313.16873919952695,356.796982423577,368.5787767565029,52.30169933219531,401.58884993703646,327.64001393232496,888.2314008607366,597.3051872197129,452.2260503752968,886.3464037748391,22.180305823400875,665.6690514720045,462.4435939278449,793.2215273757322,404.66151792044974,734.4701708055695,792.433155643543,814.1261689904497,418.97261953399055,275.3596963366916,884.5503075439264,629.2713159786935,233.9360417789632,447.5164848128118,706.4866995488267,248.28273315266796,83.02161544986095,463.9875992253004,716.193871785431,787.4518529112707,58.081976628639055,148.41396099806718,464.1902894599537,89.4531151742496,274.3229396394014,813.9481215891076,792.5018581081791,196.73357590302126,445.7624706554718,356.3525890209181,143.60270222429338,698.6067833185381,839.9754309235747
870.2067840747133,191.99319264614172,434.7172585320564,374.42734828052954,0.0,609.5858510687966,263.35294884828164,745.6104343981975,461.46023946187904,714.6339984535912,540.2233662776106,717.5605802847749,926.0297310766466,717.7813504250594,742.940821870802,180.56686829678267,806.8019978218975,655.3699318102709,694.41447855682,715.3212060947925,785.9923936211438,540.7226836847323,393.974114960723,523.4408120395638,292.4002155229842,788.4230355518843,535.5501072900414,701.4506900366912,438.0152538173745,123.5500622031338,232.75450575001162,237.4473554767529,445.95177499990695,109.54186841779556,169.11162695927388,749.6376952601024,1027.6125235715292,736.9424034710574,557.9457733605229,108.1716948402406,593.1384236365434,198.56198298351123,100.20462606143656,382.3326628200701,810.3986768890312,555.7703532210426,244.1471744739524,167.68116416537575,895.4559601301637,245.7190196996972,308.4561614723662,270.2058337457738,720.2751083973005,784.6253552159111,172.21900487125023,740.2710945075121,706.2411405769728,674.5014615982977,712.5039944535656,54.216082450266384,351.011518134801,343.8457898417857,385.6175442128364,964.9162221648827,408.4569675135146,521.4366208599512,609.2138991514828,361.5184790916963,383.5240054590924,444.4412079615872,593.335858089734,719.7834634815009,902.9376302175266,554.4885664328359,967.4915732492447,103.26285674872288,171.60300646079196,986.2340819005159,293.1393982334724,550.4688471914465,94.8701924533206,460.0164029375414,261.25047182122,374.9859306473457,156.09456815405483,446.3038586971079,579.382351779019,365.66629271658303,354.80775179651147,739.5323880501547,463.8525251365305,209.49185326733777,601.6893853468254,715.3577020758017,311.2610935532216,780.5129090258387,350.05019998986677,506.3229455231057,419.946312491517,775.75531112051
491.70878646042405,571.4176320158226,208.58999903029073,747.2290315987924,609.5858510687966,0.0,868.8987074027225,855.787033203252,548.7022603696695,266.2696798337193,669.1257717736668,621.4333406453801,472.2301246200885,311.4862806263641,147.3133697256045,782.1026730917349,218.25499999078053,471.98976906832627,662.5767291219232,227.7713514012556,548.7617070799483,198.30821785718126,232.94986856830616,684.3726295971229,373.4550204855961,708.445073502496,778.7872847866921,115.00715820901414,509.0178542327189,634.5688326341503,842.3386408167088,828.736458094414,203.81761122237074,631.0692694998743,762.5320330469935,226.42011031082387,557.8893830164583,548.0433475245142,60.92473584441407,580.5831696328858,515.7309257086164,479.9097932153207,552.0165676392387,448.58873111493006,255.29414838027395,316.5801744388247,715.8653085883811,661.1951812145559,377.4746598218882,384.965365253508,321.851971577117,871.6548629594729,832.5641925026488,819.1998457019944,780.1427009745756,408.393886596444,909.7332910005963,873.9566064341916,880.93619013838,557.7249784053156,695.1879011445066,346.0619293411174,432.1439218396075,521.8062399150073,203.43095947308436,377.2548613924327,326.7488477600775,754.1088716500219,319.5073937007773,298.9834378892615,127.79822247981514,790.285569517664,626.6743861951479,208.14607270769054,642.4186490387655,509.3826107039132,523.8327322922289,573.9262270556692,451.7804042265699,718.2270067887431,672.3775156009394,233.28005607976172,820.7696727509677,811.0715940517434,747.0601844273583,281.7423048771763,143.51212117902313,693.9889613289317,606.5497169520321,725.7404538365901,800.884596010716,500.55655624626934,158.13201140833277,143.39581284669725,836.4376964474296,868.9112982059422,391.7662124504016,877.6725575904755,304.2326666873371,201.11398706775773
1071.960925623128,400.7029850865948,698.0591815719512,386.0403145713623,263.35294884828164,868.8987074027225,0.0,792.394791928291,598.6352124509258,975.429557729827,629.5747491522403,855.0426792833663,1142.782266648699,975.8022481785201,1004.9701546516407,87.56880045271969,1058.5151858298746,832.8535101694038,812.6808510075049,953.2374380066501,958.1103298858808,802.8928453041051,657.2581223774839,602.5622642258799,551.0213936881702,907.8829371518572,565.288177307652,963.7707182948383,591.8994624654655,253.89097414232862,59.23875436091491,68.5893551765001,709.2576946081899,295.13222576802707,173.77958749688275,991.2986401052165,1243.34193485124,901.6915963944231,815.0204116842768,299.1238089898166,751.0483728482823,446.79998457821756,347.0356269478964,564.3653895547355,1055.1206410133896,769.3812929270663,262.42607424245347,315.7817184116425,1128.9453639762985,490.92340442123214,571.6093949057865,133.45367341844565,771.0481807800248,858.698744101502,91.81277034498981,943.7565292147452,713.3303871972212,690.6980343413935,736.9128387510273,312.1834891360181,398.6843069596337,571.1747077603484,573.7531492207678,1176.7500237787176,670.0433486043273,719.609661507181,862.4029210063771,364.4200601063665,641.54401693344,668.5306140651439,856.6886249089702,790.0790981797915,1073.151456621962,816.1611490074499,1146.4859527197482,366.60963583427394,370.5871002939444,1188.6285980326247,533.8884042556251,617.0889295687778,237.3244792373012,721.9560464333415,139.11088139675755,330.83468990972136,184.8550133961639,705.12566222054,842.6699239167921,415.9677300740889,461.38152346374454,841.8868479884774,459.1120716720913,406.6790929826113,864.7968748220817,966.5314244605148,203.69907109081294,831.1484977313347,559.2008961575954,459.9295880185733,677.6310448262911,1025.3774438357018
620.5143622751087,912.8065281377945,864.9505744500874,407.26769966656656,745.6104343981975,855.787033203252,792.394791928291,0.0,337.48421186965743,1110.2787733266819,218.44713300697498,286.5865027851854,733.0749615134076,1146.2933849595972,985.6996249536227,745.0752896078534,891.379102838762,418.28736372800967,218.06584094075816,731.2603558180597,443.22356608873497,967.4778207595047,830.6031191001574,225.85191132667094,866.8230992343891,248.1219164647511,227.12731772363418,965.7153810839094,379.04486065009405,629.6061154302334,826.4954880438548,724.8359543563597,875.3599882143047,854.6117540437131,865.7381730007546,775.4757754479972,799.6480596730786,393.04890721722956,802.4076881993441,638.705509473782,344.309573916231,860.4312740863853,811.8910537328865,458.5096639397131,834.6909403599736,542.642783660694,542.955580849355,913.2212601159833,811.1794702932266,653.5351741051071,820.0111780657307,908.9605120437924,26.405997524326786,99.99639470557551,775.0650651492308,558.1734096928038,127.07631517094967,122.05307277255936,78.22714211114138,721.2403987615597,406.2933004484761,584.5658291072734,470.3691565091083,733.68034208659,792.8529060126741,478.5325838492993,1103.8140028580885,428.4137395830666,920.4678150120023,571.4450681727848,950.4604028584498,71.16712531222275,501.99639798356736,985.4357773228659,582.2780124576628,753.3689771824563,594.295245195817,701.2675898640051,936.1426890298338,195.67099727926552,832.0597666497055,923.0022059759247,653.6130604817564,465.93116047123215,861.3394890870713,951.4201966043105,953.4759301552915,389.3645407630134,393.40493226070924,172.86072320896992,336.20501372238255,568.8054421998448,979.011198506421,829.9159106685665,594.9678784699382,39.129270170318684,530.9423385652873,363.484202167239,944.577894112141,852.7840376612742
501.3198873739808,601.6053099230592,529.89901102115,271.9557826912326,461.46023946187904,548.7022603696695,598.6352124509258,337.48421186965743,0.0,788.4795320949991,124.87382603239242,260.28035976062444,593.1352121916068,820.5866540567179,689.8910912722897,525.9110512400341,637.5561128345637,247.72420643576177,233.13061172146183,485.12051956420066,363.6236610552444,636.286624116695,494.18060659500134,135.87540049799156,532.1017092226477,327.002512956811,233.1720227149982,663.1047485520597,42.31484432312309,369.1784686978741,611.976938377406,532.2253157735221,540.7103966104179,563.3248374374662,612.3114280206926,531.4773545581871,686.5078685174017,304.9765917951147,490.4564236869353,355.31909879366134,155.09791267677787,537.3809783966724,505.6828379633789,121.0296992188254,598.613837195758,267.80209997658943,341.0344529657128,621.9051686419417,621.869333170969,319.86107735631845,483.1725935189687,684.7215804455299,311.40823802928026,342.98104375357104,547.8825470926115,385.09235226890013,364.8095728414856,328.3493647543949,342.41804196121745,423.8181418754957,228.10753331408688,247.48104142008444,133.33324315493257,616.2908562882558,458.37222132907993,194.78013144743718,769.669428318452,289.90612143041665,583.0668523088898,250.54330120086198,627.9775086614425,287.9334405607298,476.29093235277884,654.4066766893752,552.4517346495585,441.5353211685825,291.884747556258,613.8980826363986,605.8040336590469,170.36387399778658,555.5782708412187,587.4220776854489,478.49051270801965,354.5909267638587,603.5774361259731,614.395905315417,628.4857441904327,215.68964849945465,139.79526423923602,281.8266825929493,284.4248529301708,257.69229513317066,654.7643011484128,558.7611742352385,448.55232759154444,362.7164492983597,193.50812126943012,361.71465303482336,607.1292280976076,597.7971810903665
740.2682033661124,603.7118138307096,292.3542810166713,946.3936208479224,714.6339984535912,266.2696798337193,975.429557729827,1110.2787733266819,788.4795320949991,0.0,912.5760439416313,886.4783484681785,698.92681596177,51.927658814876835,205.18591772505604,895.1265362047948,391.33950868999597,737.7299339871324,924.7840703816141,476.58291695624763,813.5297472465743,176.4005711256261,336.5130021299385,923.5904693188756,424.62223645985625,974.0283046878596,1009.3593712970726,188.93581153003305,746.7684974467253,779.2349358079279,935.5378968577267,951.3346294964202,279.93136713045413,694.2703726987252,833.810429066378,459.59358900099363,768.5986574790883,814.2852460940104,310.77693272597315,724.3546166573636,776.0714825558268,532.9580770496681,629.4729240524156,676.3218490328238,458.17119247346216,579.2209761597351,883.9201790812486,702.7800100793737,583.3961259702464,549.7814037529756,409.4493520162701,941.7449453820755,1086.0942885157951,1080.158724064043,883.6390719087651,670.3682187132578,1153.2777947231198,1116.8281094979552,1128.7259646211294,672.4650254463061,896.674217199761,555.883764822616,660.8588101257511,747.827349924711,349.1038345254796,634.3965689414622,153.81698759352827,948.6610651204901,335.09538437487095,540.4158556440287,160.54516007009497,1047.1715566854157,885.7164400867224,160.97144884394126,893.2042327517371,612.7287487705183,687.7514303790476,806.6792980557882,460.800260156745,958.5688528944529,747.618092256111,255.3264962693203,962.5968949827541,997.6854783813664,818.2517484167722,271.30586771717316,161.13778274690821,899.2606345615058,819.3686617827905,988.2463950622534,1012.8744192585239,676.6173053818272,134.46475091488645,367.35554288570177,994.2203221138964,1126.1269594911134,609.1899899121232,1085.81459269734,299.91098001617746,400.30644759171213
551.6709293100096,698.9401235421502,654.351887788991,255.55357114650982,540.2233662776106,669.1257717736668,629.5747491522403,218.44713300697498,124.87382603239242,912.5760439416313,0.0,246.19075790326366,654.5850995203901,945.1996065328648,807.779731796103,568.3883824363973,741.792418605129,303.07943553088694,188.8867545585851,584.5830577821239,389.2978753763897,761.1586547618282,618.0497772232613,32.4650163640916,648.5969903663885,281.186933212041,136.38689765363623,782.7607049531421,167.15748828565353,431.587093879289,653.6854265709799,561.0489225690528,665.261970322662,647.4915871667899,674.7723611736426,630.9242574768798,740.0357346629804,328.1000739195891,611.9254309920801,432.0919267184789,204.73163390301445,643.1946223373524,599.19520497669,244.20572653336706,696.1729730261877,373.2740485079479,367.7807631073796,706.4785827927557,702.6596318680703,435.2800618115108,602.8112809918354,732.5201042697227,192.04363511203934,244.4106130828516,595.0850765677147,452.22699800203407,241.09326312797242,204.98594854861585,217.56568617679602,510.8072288519111,231.31048926417452,371.1544859839054,257.50043322693045,669.7168950445065,583.0118536821886,301.3003767416228,894.2318512885132,277.4132915797185,704.1255009303318,373.0892875718674,752.0326747462753,180.33264107459993,488.17474037607343,779.2796789888258,569.859760412077,538.6499798953383,380.90718347164585,655.7498423032009,717.7930619677021,52.705294166698664,630.6525947888418,711.6546695179018,496.8457624137394,334.450274137064,668.3534082402014,737.5917901965164,752.9101565100742,214.27206378660313,185.8629435144117,212.3267454689327,227.05913560300021,352.9351866593811,779.1097911010605,668.1145598360253,451.4552865974011,247.9322279137414,316.60624897770924,294.2257497907762,729.3447943602447,702.019904848505
336.1966735688029,841.6184002830263,684.2138769334098,497.92538630813095,717.5605802847749,621.4333406453801,855.0426792833663,286.5865027851854,260.28035976062444,886.4783484681785,246.19075790326366,0.0,447.8075668440145,928.6349708676617,735.523227156943,784.9423504301202,619.0245711997903,150.69410446406513,72.1033916027191,461.1144949623621,159.6943675613948,768.2714450101165,659.6380730068739,278.5454367759517,736.7918169847038,89.32167320311243,371.85554435792767,722.2889252623442,279.5485304240397,629.4114452198413,871.1250751009517,787.59771239013,692.2576665527514,815.4381268572434,872.002226238464,502.65180701772033,519.8549119593288,106.46665905463615,576.6947400321459,613.3591636192461,133.94401977058692,766.9522428986521,751.5385598785373,342.8874746585153,557.3312653176531,308.6926616573262,593.8818750598238,873.0951453179154,525.2694196465452,539.9385673110097,678.1583125581146,944.7907793041946,273.17134459062305,214.2255395629846,807.6918400304684,274.606577172419,393.03313833371163,368.57693872103835,346.7099139821916,676.2418356292623,466.1145311166183,440.25635881895056,345.1393331908675,451.84725494858327,613.61029074436,267.8336724982444,910.1546302589768,519.1652558194693,765.8638998409521,382.38354379985526,732.9361571796079,216.14391718686633,243.80327676080722,785.0940724849288,326.3460962462356,685.376716660047,546.150425530075,426.2571003088737,820.7086891056163,285.2648900764553,812.2919613773346,742.2806732147646,729.1767483149016,578.8600575388439,862.9144866879486,780.3127743873832,740.4101437266746,450.31058278342806,393.7337685466568,117.96061184108791,472.5752685331344,509.3504656919303,763.5665482336948,568.0432015672691,690.4856264516608,281.8887107614266,399.82320149723637,535.7914277315624,781.4241880241923,581.9745217971125
113.1809175184686,966.7335052878291,653.2249795682573,864.7556938064729,926.0297310766466,472.2301246200885,1142.782266648699,733.0749615134076,593.1352121916068,698.92681596177,654.5850995203901,447.8075668440145,0.0,750.5189376475079,496.5515246598891,1058.45468979273,313.8336441404705,352.35446023883964,519.1960712995483,249.41695305087126,289.9366387197822,670.4367138855732,657.5302627681185,684.9090691689682,790.3019842869335,494.6081917493711,790.9059991786104,510.46313329189667,578.7520786152631,889.3681935764226,1137.972586464641,1083.9527133797053,653.5120553832322,990.3795944813801,1095.0936526275107,246.43888060272587,101.5831264967963,342.2215014010164,472.6311622129702,849.4340584916229,451.7668717227208,873.6872453729052,910.4173299215,582.553329409233,242.07457334832733,373.81799836033116,910.9365643612795,1036.7604308767025,127.16638190157849,683.7950097483528,726.8892049840254,1193.0124903731828,720.8322390117124,650.3592032125193,1070.1585612782799,208.1096775882901,840.0972926865853,813.9193932910828,794.3905525256907,872.8308700218664,818.736929048468,582.2743658155883,571.2655049675842,49.662948694795055,610.2851570743217,425.91679589345387,795.051390866395,881.9398633617272,766.1263104443417,481.65699143983414,597.0924671570443,663.459181060356,268.9229673992369,680.2772669744722,229.0781575796019,849.1902891087989,775.0904968759926,109.03122023579503,879.8030563646427,704.4394681463393,1012.9070450230753,694.3050371678648,1045.5939677820352,946.9105679906546,1081.6953521775063,743.2907658135223,614.5793347989436,807.696453695491,723.5815668252699,560.7049660984541,871.0807502444027,737.3896814025821,625.2589051754927,336.70025630491983,1029.5306225303827,723.873358460165,584.5722074828245,944.8044747912855,760.6791727671398,298.8296259205088
790.5066859896194,594.8142384280246,309.3572776528446,967.0438327815991,717.7813504250594,311.4862806263641,975.8022481785201,1146.2933849595972,820.5866540567179,51.927658814876835,945.1996065328648,928.6349708676617,750.5189376475079,0.0,257.1039599711836,897.560821307068,443.2671278444992,780.8432827326657,964.8262327312586,526.2159236197882,860.0828415805556,192.15166410303013,352.988525602856,954.8652554692403,425.5483625312546,1016.6994370084611,1037.755278072806,240.21689302278858,778.5604152310426,789.4611323186031,933.5891298060051,955.1959328793835,296.94726086770635,689.5398299302943,828.6191596461033,510.37918952550046,820.5193059239087,859.0279794334818,351.9415303014669,735.1405385974357,815.4402472096479,530.0106564572382,628.7940919080833,706.0609988038567,509.9736445346791,620.3999280973819,897.9903413694178,693.7056339174171,635.2951814280719,568.0740081129957,418.2080202659769,935.1742720858788,1121.7657071192311,1119.255644004737,884.2683077370845,718.0912996200838,1185.1816992530078,1148.6023210549556,1162.1489938811162,678.2620793334289,918.2152498822617,583.1353131386217,690.9930076597184,799.4829827443,372.0231309864014,672.9478677572744,126.2814855110279,968.2054855781886,334.5372438169452,575.0479893954926,196.76304996692048,1084.327215787109,934.4177404722475,174.65428642054803,943.3304876665792,617.4871066419032,703.2262196653259,858.1291018710049,451.7071694625138,990.0447214571691,744.3669400731716,264.79776562135856,970.3697064605141,1015.0597142378894,813.2348242342567,271.47867354193846,192.8416669819454,921.6890528855731,844.2073094576771,1028.3731917855093,1036.2912743619636,694.7881180654823,167.37296905911762,418.04685050739624,1005.1645544488505,1163.2930173790623,637.2693623334629,1107.9050051785819,298.2716888061729,452.0191211325972
546.4940210359155,681.589008145332,316.71988124430845,894.4705162365314,742.940821870802,147.3133697256045,1004.9701546516407,985.6996249536227,689.8910912722897,205.18591772505604,807.779731796103,735.523227156943,496.5515246598891,257.1039599711836,0.0,919.0633766932872,186.24181738490836,584.8916664634709,783.8283474947701,290.79902388932265,640.3688491074919,249.949481487272,352.135980280116,824.8124628347008,483.4226215484219,819.0964110229014,921.6800440094579,42.50988160890198,651.2865819071424,776.7769791812768,975.0010450464366,968.0442723587093,307.79265721658805,752.802925294484,888.478559859843,265.08573586162026,563.6203583473481,650.9995186608576,208.19528216141356,722.1921216477034,641.9545720542367,594.8613688854424,676.6982578464779,593.9387516153452,254.64935698552628,443.0896079247678,861.743445936757,776.394222908937,378.709254282582,528.0639434538007,441.99954189660855,998.2900762554985,963.4914653066086,941.3772391213333,914.8701543291497,492.74818736377995,1047.009251305705,1011.7377629597805,1015.8959264487135,692.7903059740426,842.3970245046097,493.3750916573638,577.4259840525839,544.929598654384,334.9443264587801,509.8806690294644,328.5015982359086,901.4199553839768,411.66706881788645,442.5638911116931,168.8945866204476,918.1698231710377,699.8979814059983,248.87245948322698,699.2939486161533,640.683122347449,668.2712077963216,605.0680844902489,549.3943348746294,857.9958857317564,798.3900212575815,317.3853512344094,963.5543243413518,958.312889869848,872.8105324801093,358.2988909520984,188.70767983948167,841.0343113037961,753.2170224945882,845.7936787059069,947.1994783713185,646.3708443341559,180.58602904688885,176.56444711319824,981.5399914661253,995.9122077649948,538.7310523315712,1024.2459136644623,386.2728986363235,198.04024576580534
989.9052713315169,337.7075520333578,614.3752416309014,338.8933993420186,180.56686829678267,782.1026730917349,87.56880045271969,745.0752896078534,525.9110512400341,895.1265362047948,568.3883824363973,784.9423504301202,1058.45468979273,897.560821307068,919.0633766932872,0.0,970.9548781064398,754.3199623156887,746.7007125489522,866.2190810485373,881.2083993486481,721.2735135700863,572.9464895566258,543.4920796365749,472.01633572060933,842.3759471534269,519.1131796138358,878.0657090364814,515.7470514811458,169.18780455099983,86.19862538417952,62.372095240471296,625.7810296692539,231.6312776334337,142.56195963674853,904.0332758467233,1159.293813405333,826.013356680392,727.8690510516321,212.09011348491617,675.7821110058043,372.05846084517714,271.1346764677152,482.9948970294641,967.7044542153734,684.7230894896572,202.92805831034832,264.8684027921495,1042.4569257995004,403.3653815200518,488.67694328859994,164.65682999864333,722.3271801839143,804.4439864422873,33.344512325866205,861.1030842620968,676.8968023004799,651.0826152413384,695.4852554565094,226.80606078739447,341.5875339891329,484.4118348562362,491.5570518877813,1093.2233976268901,584.1419213988214,636.9471372557867,786.9414716957268,318.79869695351965,563.044750279122,582.3470928186831,772.7412888816327,736.1414471596546,997.0739075145825,735.052781356015,1068.8458475244754,283.37181467447397,284.47008339022494,1106.6896070930163,462.85100056994264,561.6004209176808,175.05534088246105,640.583200111146,119.03362934205266,299.4392270317738,146.85658002243608,626.1878977581608,759.203379794517,358.9711918811402,392.19322167344757,780.0725982842863,420.45724366659044,321.29472324351605,781.8205596739652,878.9689103006586,187.51818487830133,783.1562076887798,474.12435642237625,435.621436822399,599.3820224966623,937.8115958422707
376.95997388360735,786.7079535092358,426.76462338959834,878.7796658412644,806.8019978218975,218.25499999078053,1058.5151858298746,891.379102838762,637.5561128345637,391.33950868999597,741.792418605129,619.0245711997903,313.8336441404705,443.2671278444992,186.24181738490836,970.9548781064398,0.0,474.07332585263185,677.5618749763183,160.18034522326914,498.51572084768276,401.2673136400224,448.81363314371964,764.5376073713326,590.1482498806857,694.6977998112515,868.9517835931022,208.19719237951102,605.2237859613598,812.7555009216345,1037.8395291344473,1011.9310113833645,422.0573716155704,839.9533749161105,966.7458042862195,116.4398472727642,377.3925264084381,522.2429906069606,254.29300090377492,761.7457112266605,551.4521225972101,694.0238035677093,759.4657923394433,567.1337337474167,73.91785494633376,370.21228370773525,875.6246749789515,873.8283374608708,192.82332900517997,567.5921380225699,535.6344904289573,1074.360779006904,871.9857900720652,832.4134624108274,973.0426463644029,351.82399731877996,970.6794945771087,937.6671183500576,933.4655999035451,753.2310785766015,826.8713060721024,499.04729811245664,551.1489148415247,361.1702971190657,413.6626759740163,443.3422889490725,505.34355185500357,889.944738431592,537.5101469542285,418.10648113835634,319.13480536533245,820.9465559691888,538.7509309904693,406.1226932609268,527.0227266011048,710.928135022774,696.3726123414452,422.85456392037054,669.924293366299,794.2857181227947,877.3383582716282,449.2173168616857,993.888990349688,951.9867359741227,951.59012714516,496.6347352660271,339.11719230152727,821.7025338943345,730.8761148917206,735.4736915457496,915.8041435046462,666.4383673202325,341.774923411525,92.0040936080074,999.0204181671314,895.0999529785677,530.4270580057236,994.1205083915512,520.6833389995668,39.818817465048255
254.48699086844394,751.839870539002,549.9461040076588,518.7177014423798,655.3699318102709,471.98976906832627,832.8535101694038,418.28736372800967,247.72420643576177,737.7299339871324,303.07943553088694,150.69410446406513,352.35446023883964,780.8432827326657,584.8916664634709,754.3199623156887,474.07332585263185,0.0,203.58517772967156,314.4710981160189,130.75080912322127,626.1950048589006,529.9656704150743,332.87849248771556,622.8236123649345,236.47558505691546,439.4462112007278,571.6790151052514,242.93748761163263,588.1849469489414,838.7802775633444,768.8421751985187,556.9053577849203,742.5530943906718,819.7833115858805,357.79313954835897,441.52204382546046,90.50139034841763,429.33317883853164,560.0157659022537,99.42623544037728,669.185620570646,670.9018420313097,274.83995838828474,416.4143176872701,165.22490125292555,583.035854979254,797.412325564889,403.327208092046,444.79787478635455,560.8274869283717,904.9215240303934,400.0594248251159,359.69907336599306,772.087795927336,149.69185368464505,507.0215096082405,476.85089425891937,465.86128819921834,607.7668763778952,475.8285452185925,337.14829844518664,269.950280583931,371.02366223532584,481.80901242641744,145.84952713301135,768.3523560313816,537.2500862521329,640.2430662823341,258.5541201903411,586.193785539829,347.4521017460522,247.5819268216242,642.4936787235233,314.85869874518477,604.3554498932095,486.69549607468593,366.1775786543222,710.7566709129638,353.92621498378764,749.394569611346,606.8444214286297,720.6022840163956,601.6419134764551,808.6779489964485,647.7839709099507,594.704854849827,463.18970519928683,385.23559962079344,262.94388156420655,519.2851735593067,447.6462159599002,617.0975790974793,418.6369914886434,694.989488752138,421.0267286174373,310.24264186866617,592.5077767881941,651.9699672645916,436.0297396667095
407.9828274822722,831.3131624419567,705.7981690141796,444.33675817083537,694.41447855682,662.5767291219232,812.6808510075049,218.06584094075816,233.13061172146183,924.7840703816141,188.8867545585851,72.1033916027191,519.1960712995483,964.8262327312586,783.8283474947701,746.7007125489522,677.5618749763183,203.58517772967156,0.0,518.056113521274,231.7748894877813,797.0007569519074,677.6224127432258,220.18379339072453,742.4050612053519,95.73565503188603,306.12743263273705,767.6874007572318,261.62656095898626,597.9534648773997,832.7619796094914,744.5076698731644,714.736471335886,796.3746178317385,842.3451481573502,561.2053358296508,591.957965966547,177.07157778173507,614.0092566665202,587.7565728767293,150.0941855665973,762.0658346612332,737.2797666265284,334.5529467871415,618.6413518454187,346.0859057467576,550.2818007902802,854.8770795047031,593.29148065592,537.4656774442287,686.7896735984929,909.0176850947317,202.88616255048885,157.55026869829663,771.3119142734498,340.13234391653805,321.1309988608333,296.4744055775612,275.21534860849425,656.8252055628611,417.3399045887373,445.3328225710264,340.1900235294388,523.8965124054822,633.9245879902218,293.23923324231856,937.7616905538403,466.11245388442234,779.5015337087118,402.27237774690184,768.1499866750472,146.96004834691215,311.8090404154159,814.3355290727395,394.6062025765647,672.2720931938081,524.978173122543,498.09148612590724,822.7704204781795,221.53053371473905,788.2918534928358,764.3731479160908,682.7753356836089,523.2161340574602,834.2764537221055,799.4716961610958,774.0000284744391,400.76487466479875,354.8717209570097,63.56298477665512,410.99589342013087,490.28876517018733,798.1773180330898,621.0975794797625,639.7172092227222,217.72282775589656,399.14908531875955,470.6769681799779,797.9703056410846,639.6065551601924
265.3204428467065,731.1405132047405,404.29445906231234,736.9376216609514,715.3212060947925,227.7713514012556,953.2374380066501,731.2603558180597,485.12051956420066,476.58291695624763,584.5830577821239,461.1144949623621,249.41695305087126,526.2159236197882,290.79902388932265,866.2190810485373,160.18034522326914,314.4710981160189,518.056113521274,0.0,351.1483655231709,424.1840362565246,410.81405368465954,608.4526067939927,546.9954909940419,539.4061746581444,714.0314430028826,290.51133283934416,455.6321510463031,701.1222099835388,939.6011577673437,900.9303766763271,404.27726767389044,766.2297437619897,881.9682592310992,46.456663176583945,342.5705711285769,367.75493397917535,223.2345921173811,654.1554615694564,391.58872955915245,637.2015264700477,685.062934578976,427.22623941700346,113.71732469577091,217.89455141072955,748.8286727533971,808.0336923938128,181.57330592237724,469.67338463497936,484.9598521437048,985.5140775438741,711.807696916599,673.6322832483675,872.7329042373315,202.8573928661054,811.1384936310822,778.4224121160141,773.5004476039201,661.1222012388018,685.8896327567732,382.29492329741015,412.14522845239964,298.2531337372716,365.05356532492704,290.4414666121709,554.3474004289227,749.8491373424787,517.6383601077603,288.5995888659459,355.23153984296454,660.902708544456,410.44080794792995,435.2106679046587,417.53663091853633,628.3595933532696,583.4878367414043,347.22875678841154,635.137164944767,637.2367312884306,795.537074286377,444.9209967054147,874.5718655916883,813.4334315570596,867.6023421904159,493.8859432978645,371.282091655781,679.0970757673035,588.5501135489949,576.7003194674631,767.1839050279267,549.5241631113099,384.95003692631826,114.30317166493343,872.0805574775363,735.3800729776759,402.56000154152105,845.2712470106776,511.3665794881866,121.60800871239782
177.3118669337768,880.6154341641121,657.5135972920492,627.4387098163495,785.9923936211438,548.7617070799483,958.1103298858808,443.22356608873497,363.6236610552444,813.5297472465743,389.2978753763897,159.6943675613948,289.9366387197822,860.0828415805556,640.3688491074919,881.2083993486481,498.51572084768276,130.75080912322127,231.7748894877813,351.1483655231709,0.0,721.6316050187066,642.3611130721397,421.46247617410023,744.5507465355976,207.80928837811814,522.1079832998272,635.1102879754163,366.2144168704904,716.4519917570782,966.2262713489157,893.0434626354916,663.134236572879,873.1833289748638,949.9415937126414,385.7037791873974,360.2450415930397,61.31189389399994,516.0441432472089,689.8317126381737,208.5665655314802,796.482406617162,801.0959124033673,404.77259888216065,430.1459588041663,274.59762211603163,704.0854479141725,927.8488419849962,377.738570610414,573.792577165506,681.3752666121577,1033.7593352708598,431.52679917683696,361.4441403271615,899.9708425565503,148.36532862109533,552.6489663144168,528.204147284159,506.0053249213614,738.5147297372129,588.663142207635,465.42327291569757,400.4338721912902,292.16889289819375,592.9889176814132,273.25323102680306,862.6651010801652,647.3313268876768,754.6913415457997,380.84365878135094,671.453335205706,373.93519637030204,117.00997185432362,736.7294219838543,188.91218665723332,734.6290206196333,616.8845508602953,268.5090275317452,833.7392275386215,434.46130415261877,880.0936124716086,712.2949311783044,841.7362367114832,710.2529415146437,938.9845182155484,755.9919153907173,682.7305675026598,574.5908858666604,503.38928250780793,270.7689564152123,615.2807473641399,577.9045113831171,702.6753831209735,464.8922788116087,811.6116728978714,434.2057428745933,440.689533232282,683.4297677618111,763.1137218684753,465.08114570573923
684.8765153897652,445.20297293833016,117.37671370058916,774.8969832716401,540.7226836847323,198.30821785718126,802.8928453041051,967.4778207595047,636.286624116695,176.4005711256261,761.1586547618282,768.2714450101165,670.4367138855732,192.15166410303013,249.949481487272,721.2735135700863,401.2673136400224,626.1950048589006,797.0007569519074,424.1840362565246,721.6316050187066,0.0,161.2936304634464,768.922226077727,255.000516740311,857.4913924008385,848.5948922151671,209.83906017333715,594.005469989514,602.83704349613,765.1292045204807,776.5756326829379,104.93096174383062,528.2614329464678,667.4376664834616,424.71536042370917,755.8565747203625,710.6413564975102,208.60606091626582,547.9557166442793,646.9347171078927,366.40241546165805,459.20005860871123,519.1548205083334,449.4660402504768,461.2637469777378,708.1506740212213,543.1463994240639,574.0556760417079,376.12049445515606,233.66748008952024,776.609282707841,942.3514035838294,947.7783062452602,711.1019075223636,590.5850441708584,999.5238691885882,962.845684633587,978.6958174187405,497.1857446309239,726.0859002327782,394.2207595346441,504.6533794058695,719.9749637035179,181.1603635811578,503.9222289761293,142.15861041957638,776.156206701169,170.6529896492595,397.6427531357768,83.34576982925454,908.1896378996315,810.135885327231,18.161543324368605,833.120877842742,438.13181320854704,512.4478453504993,771.2824281013644,306.37032936113104,804.2637292816111,579.3923976125328,81.02282906165266,786.4335416177411,823.5689424508263,651.7464995038075,110.8989078609057,62.920788946267045,729.6624173889755,652.9718910083116,860.3582182782612,844.4371677261923,502.9340346037996,71.00585759877798,339.29446056440355,817.8485269559135,986.8656960508661,448.8787439033745,915.8028726503064,140.13534141058284,392.5130547617376
