0.0,120.21472295304174,67.20250082067663,108.99428386715321,125.97761828755756,139.3964856800742,105.50709626325234,78.27814882306897,55.73449155576706,71.17683357892567,96.29248346875782,102.53792141546101,76.53144432853097,71.40934048240585,80.51792566946064,53.81771933636064,101.81765785200764,61.00496395660512,109.27870529984796,76.78176381397492,84.52510626255668,82.31887480854175,139.16287452189377,83.31795866128675,144.32961707066485,74.27771732933323,80.673006999334,147.5619347602864,107.43969600084792,100.41957042111022,60.90287763542217,96.93944118534198,93.76265358008074,120.10305550009542,74.62865020309408,121.94395898223001,65.77148244644873,74.18602274042502,123.7198087301351,106.57355980713116,74.6448220172523,87.59525341753539,52.35516460121407,57.22566156600877,135.96928942242016,58.95470929616797,86.59620069488531,77.74337818677112,132.64201809135196,146.6876152678584,375.5853522379783,408.6579197799898,433.54193000059536,421.18240184687807,351.3376850424542,369.0734927266402,365.03743640403144,361.42424752809046,389.14984236869464,409.88082471848173,409.84511256351,421.2748106231882,434.3732417450514,427.414853579865,414.87339803094943,390.8972162557841,391.8593577676624,352.4215450092161,442.3695143294301,447.1518814802461,417.2176312019591,387.5163457053123,387.8217975404535,440.1176862282588,362.83422574335094,360.5949009986439,436.75007874701134,395.31094376816066,378.95442089438035,400.17455238410196,435.4010972630824,433.6145783362652,354.87167590698743,410.6369929215026,404.6245988119793,398.4167741889168,404.5273177727636,372.08832479640665,412.0779754750429,449.73927942070395,375.5890123787947,354.46219331979444,444.6821196367544,443.8027565364994,376.1477655421844,400.9996228300901,421.2218385022457,428.77746080519006,356.49902018722867,418.4073148541351
120.21472295304174,0.0,665.0373058191286,450.7110592447725,1720.76117423702,816.9375897385755,322.96368863207766,1098.5840071806995,814.435619755589,1050.3801074483931,1108.5834468207852,993.591532139905,305.9033841309263,437.3220774481102,1101.6974446686872,1213.1186510656717,821.0978244039396,965.5863949215424,1556.6732827068392,984.3322234571673,1178.535701607398,1404.0206008004634,707.3649501979039,821.0756988861593,458.92122421307425,732.5248204963166,636.4849740301893,546.711405225099,785.6090486771168,928.1899347307653,1241.8474858074542,220.97297275927275,721.8545491052502,1679.9943178685344,585.5961456564288,898.0938719338069,1188.3889939000564,1353.7538380021413,1627.3862562396075,1490.3911541817965,1317.435776305152,1434.9792749041728,1207.9640873655578,1238.7394103009474,709.3363331262573,516.887314040584,872.7206917717281,640.624138868407,802.5929597431884,274.9399585826536,3388.6451953132437,2040.3090504911079,3779.4358986614816,2120.705041699097,1878.9455932298142,2268.7933543544555,3030.914337517664,1721.8008956318354,2380.9597796497774,3306.465627675598,3301.33719672565,2140.7805591412007,3824.8526919389888,3806.075856684332,3689.377858997236,2316.7381823883543,2718.4337789470583,2416.0095266864078,3856.224904614749,3438.3987551064697,2952.3726941682653,3415.532975984756,2305.794802972471,2341.9378705809027,2442.3128477212963,3359.557649623591,2571.181929025096,3201.450709652117,1816.9209284048438,2079.7456290921273,3886.0289725349458,3784.852908375759,3313.11039616154,2490.0054583597675,2647.812913237616,3153.132555869521,2001.9780614112658,1800.6378717672749,3371.2796371813115,3284.060879099096,2086.9017241748866,2519.1622636462857,3432.470959317363,3080.9267305322965,2033.3923538525519,1974.1956891965528,3143.2484439164064,2832.6594772798344,2769.2718236589826,3326.347663031501
67.20250082067663,665.0373058191286,0.0,358.2125757248074,1197.8496604499687,505.4409145419099,403.4750012102447,993.3172446085481,172.3830723676416,395.3111644532845,446.60310456365585,364.97459097949184,439.4396167181328,599.9855389573966,1006.6466467532045,722.4921040653528,1007.1980909741806,319.18761184225195,1211.1929082044376,319.5013312691443,1048.3521168531133,868.3800175601541,510.2665102313466,912.5031953201732,618.3925840446889,820.0520671627278,97.82835759543102,1088.6196408884784,290.18088955993187,314.6003809607239,871.2630842342129,628.9102072831386,918.1893475686512,1215.041164884802,90.4255409661188,1141.0900486825979,930.7424188996489,930.1454725252821,1323.4251043078575,1210.4665393086393,976.1693489152632,1039.9869307227582,756.0129578542173,751.2263139849364,1119.670562782102,571.5508314658024,953.1586098187174,787.6763470783989,458.46248786145674,927.7959483360646,2740.6045735878465,2525.5802280717535,3478.653130401416,2750.0951987389008,2004.33545096137,2117.426240151123,3018.3377422324547,2372.17617653854,2915.587164200863,3328.2246282223773,2679.8534023673915,2788.902263054132,3462.8256235052027,3193.841563485815,3053.011308113193,2887.450959945689,3075.0417385378464,2785.3851193419,3206.580327132089,3566.416730603583,3274.9532069994398,3170.9903253428124,2244.3892576790468,2672.135542965128,2840.7865515770895,2880.8927672285163,3173.025426744263,2578.6977097515482,2353.654191286106,2744.2568108023615,3389.868006162168,3131.8335820633984,2726.9764781830368,3046.0580409307613,3100.2188433709503,3235.2053538828063,2628.901241842343,2251.6722224001433,3349.755738461403,2802.7964808570564,2166.6844591471695,2832.923238564374,2856.6245421438794,2702.221251362236,2672.4985284271115,2595.705886494208,3355.037646417382,2559.368170301906,2208.7628731390623,2717.5779341444554
108.99428386715321,450.7110592447725,358.2125757248074,0.0,1553.6407364705392,375.3736912437044,130.10115141643442,1212.1478512186154,529.9384553377148,738.0754821466604,735.5340118691543,586.8533002052684,414.16116442572184,640.6957143217847,1221.7622412272865,1068.1311783546573,1091.1094961432834,671.1085874165836,1527.189743548649,642.7535939143224,1280.350884846941,1223.916569929726,287.2776961264286,1035.8569487430889,260.78895894474005,936.8804671154078,277.1929639199046,979.296465517577,348.6679244996912,517.6999589954487,1186.911138040895,539.809406583271,990.2064971094295,1561.8733332709812,270.8325894319865,1204.1608565962003,1208.5743995213331,1263.2227867448573,1628.405695960708,1505.1020457824002,1285.4005618147169,1367.3309092554773,1092.7002386082688,1096.7319416376627,1091.891801881129,665.0978940065505,1084.8917565303075,871.1308640732054,354.95305911695954,723.0128384157238,3068.8134956221547,2167.5824376064684,3797.679071919997,2424.6101880238584,1703.7973891502832,1934.227112991636,3233.7790496610714,2067.2149974586946,2825.1653423532457,3530.7427140691843,2861.456677345246,2479.05323633974,3797.353124067254,3542.0295901361337,3390.0170878408467,2766.291715184271,3106.4344082528064,2807.673469781357,3532.101477539522,3721.78960857261,3327.1723817367138,3472.5194021715865,2018.890064990911,2326.683226268357,2845.515837224543,3235.311222768574,3021.6039877626713,2762.2785277162,2000.0148488507366,2487.4134590400217,3746.4042477676085,3453.4567958009643,3081.949990330865,2937.980437846169,3070.819138468971,3410.432113790564,2302.3904623006006,1893.5499112360314,3570.684421384144,2839.8933976100466,1883.3651938357032,2887.933418867045,2982.6106596218006,2660.746449441578,2476.128478116198,2266.1792133284607,3467.9096902845695,2448.4200519115952,2318.810977017606,2882.1577838425574
125.97761828755756,1720.76117423702,1197.8496604499687,1553.6407364705392,0.0,1616.8142332634975,1570.3448764319023,987.0829687468652,1031.167794434505,882.1652703595676,1016.3306278613509,1184.4711939966105,1415.0689135057933,1365.9689206600056,1003.0580618499814,507.6965060719946,1404.5458847258915,913.3215504290803,506.4515543419696,996.0722613119638,943.8581824700105,329.7261839130607,1672.8174187544987,1269.452184727277,1814.4129452415523,1262.8703480563274,1289.1817909645824,1867.4868548117233,1379.5473047152554,1223.445502836055,560.5074298779679,1558.9254827964148,1398.9093488792105,187.2717744266577,1282.9309140482678,1520.1039435063217,738.6058699189397,421.56799678437824,619.9085321769082,656.4674193592041,562.6116084654166,420.32848425270356,520.1209067227193,482.08840048748743,1724.225580773674,1273.7642219535226,1258.3158802614191,1331.2942582451099,1568.4796168986188,1905.8213180477817,1849.024244627221,3712.4248872263524,2396.5640277819693,3829.444075515416,3144.748083674329,3058.2809752537833,2390.8726363784986,3406.9491640338015,3347.175264990964,2727.3512741087843,2541.8300038184047,3825.0383840641844,2321.733493384934,2130.0314875964873,2080.6596923728007,3409.88687452247,3114.4006734935715,2885.0104270719426,2305.6698421782635,3128.502667747615,3226.4659536191402,2169.887517731354,3256.784619894258,3864.3459774350795,2990.421200950266,1683.5332219893914,3761.6441052713276,2446.3008408323144,3520.4701874945285,3642.659946569497,2192.8973684618636,2259.787563355983,1607.7745938244454,3518.610906491181,3331.775312449934,2747.8075128926835,3713.21007605076,3444.620879704849,2674.295015940155,3147.830101671514,3278.556321220077,2819.4283936932225,2906.179851469475,3277.343474644107,3416.6452425906623,3688.8004595236507,3088.6757916056795,3317.248133391453,2401.5312115819534,2641.3117280929137
139.3964856800742,816.9375897385755,505.4409145419099,375.3736912437044,1616.8142332634975,0.0,504.5520456126119,1491.0933010853319,622.6532050682456,735.4352932285096,638.041304181337,455.60214986420476,772.3025138267889,992.0844302179704,1503.4441957753836,1189.3264386338656,1438.2704303116566,707.9261441593807,1702.7338860121522,621.473908196624,1549.7169269687715,1298.6243932665745,130.48497248382012,1366.819488704034,448.71375990941584,1268.986691209882,413.80712137660737,1353.604585641188,240.73983869126113,401.23703508545015,1366.4559795171642,913.7516995071207,1339.975656957103,1667.3374572704533,468.0259007295031,1559.2982829714585,1435.9380186267551,1410.3658603521433,1820.3407266440681,1711.847350489342,1473.5513068655227,1524.4060949499326,1235.6421865184077,1217.3949926676971,1464.6550003073182,999.2553899635705,1412.8210401780266,1214.890320010304,49.37212562531794,1081.9209753941213,2928.930014504578,2232.3105478060734,3958.665992296623,2628.9070810137337,1530.9438610553793,1617.071510401958,3519.7483680197674,2313.047735845838,3197.148891918525,3826.719559912429,2545.8193319838333,2712.172726203848,3923.7541334447446,3458.6073864508016,3269.9283617911715,3132.677650965021,3475.3560287768846,3177.854944005616,3382.2123382805194,4047.70616982409,3691.965431420308,3664.375412380913,1738.9772422855463,2268.3851532206863,3218.202279755416,3288.978115766315,3378.6739282016524,2448.7216820937006,2115.5783220429867,2785.1684481339903,3780.4006012470336,3295.6891357693066,3038.145036287476,3306.863834322946,3446.070803489648,3724.571691954676,2505.9229899627944,1940.1937948352809,3852.4430602645807,2467.4033702757124,1678.4385281040002,3251.5193359160708,2635.387256543037,2287.5789247922703,2815.9850401078434,2463.3659469988943,3813.5707754080704,2092.3953029897502,1968.2612252928204,2555.5315009504425
105.50709626325234,322.96368863207766,403.4750012102447,130.10115141643442,1570.3448764319023,504.5520456126119,0.0,1143.6188875452192,573.0461067030861,798.0827332921581,821.6785732444278,687.7499378027378,311.4515211473288,537.4509073868179,1151.7253459283577,1072.4070989855568,985.6154571220296,722.4488752453043,1501.269251661367,713.6351763171086,1215.7018200690989,1241.9369442674597,409.0525415044394,940.9548705056762,279.6274732826232,842.451453196452,345.56566069340226,849.380008920542,465.3036956591264,619.956748504177,1164.6664105358768,415.086330775426,883.7358858751082,1563.018388507849,313.59363377587454,1092.840129341853,1164.8569138464247,1252.8551045325923,1594.5523502731314,1466.3320824240498,1257.6809429309965,1351.1691431502286,1087.7212165413218,1100.4696720660954,967.3252153293206,574.4369510807746,991.2914566722001,769.9218309322815,485.04345126468036,596.9846669086736,3141.7388770263665,2142.082554465685,3766.2319145696365,2348.1509900107085,1763.2435221874844,2039.4377074665229,3152.4530652779804,1977.3435216830899,2695.0658104203844,3444.5502846327777,2981.8579054360052,2392.2382700196863,3778.9365121411424,3596.3815255941136,3456.157592588894,2636.8101145107016,2983.862184220785,2684.2981103617212,3606.980209449448,3621.710251529056,3207.181359319017,3429.793348699572,2111.311275995364,2342.9878643332595,2720.191856848616,3244.6769120669787,2894.0504377019734,2882.2942355803807,1957.5926287691846,2378.269680682265,3761.2813649433033,3530.839196404004,3124.8238959683226,2808.1197418754887,2942.568622650519,3316.1492914921114,2226.6846457544257,1876.582496674802,3490.691700962508,2969.9625256431773,1951.8496784750162,2768.842959699652,3109.5167798763637,2787.325386289604,2353.4877307436695,2192.894337599825,3358.3502879998614,2566.9651730317155,2446.520558563025,3004.9572661467596
78.27814882306897,1098.5840071806995,993.3172446085481,1212.1478512186154,987.0829687468652,1491.0933010853319,1143.6188875452192,0.0,937.2100286689476,1026.088702230226,1210.5342495369782,1265.648753366959,849.08112007661,661.3936072422741,18.454718035309956,659.126925530256,451.3235583780863,965.9053172595873,578.525876602997,1080.734532631227,81.85849270208571,821.1259714705833,1466.3365987456143,340.26578085898126,1421.4828877117639,390.1711147580751,1078.5728216310538,995.1191009667411,1282.973842761523,1250.0141206885844,447.8177525790847,880.2882268223218,485.1360076272219,846.9209761911795,1023.3247600060167,544.3158977695778,250.3330932705124,578.2926259720905,590.3081615167421,453.4173899658132,424.55623511903605,569.7898459760258,585.3279034875922,659.1004247493653,792.4476604215752,588.6670986187354,307.31902032490166,486.07562980740926,1446.560669748742,1162.913223846987,2836.105780731819,3118.0791289656104,2685.6713986740306,3032.3494811447554,2906.8623067890494,3107.9998007209256,2029.4643577834622,2580.7793088658736,2367.535227354906,2335.8231762621635,3325.98295021798,2987.205939832478,2751.0280650156315,3080.208138316794,3060.30067227802,2423.375605408916,2248.590053393082,1987.749915956871,3291.9521178052873,2582.5406790739544,2407.239781803413,2316.951195998253,3220.539404753569,3438.6670414218524,2075.680139481371,2388.9630215141306,2774.6807557699562,3225.1792841016195,2869.455706404539,2723.1893015270966,2923.8715357504725,3246.868583906951,2534.474575518693,2535.600193121774,2395.094554308138,2244.2704139628227,2924.9392989491807,2891.922735960956,2363.7712629105736,3681.783094327588,3093.3941643842986,1973.4667699239592,3606.7235877011753,3653.97607000449,2449.7836698734095,2911.2911109437428,2405.4813455204007,3545.785471015371,3009.089476963498,3398.902641822375
55.73449155576706,814.435619755589,172.3830723676416,529.9384553377148,1031.167794434505,622.6532050682456,573.0461067030861,937.2100286689476,0.0,236.1769304243292,339.0476047959995,332.5727168755412,555.5934679486461,669.7116411956725,952.4883448229645,570.4214972832107,1028.6258242645547,151.92713872796753,1080.472155875551,193.17810576056377,981.6829211522793,702.7366471822993,652.9863063045293,917.4184471477095,789.376528107939,833.7379733511942,258.34581456084544,1191.5780683246041,384.57585615825025,312.8655734778491,746.2367639406884,745.7751748711978,949.738903410454,1057.9065169347793,262.38721508247653,1167.9675902327135,835.0631574141642,788.2041813546286,1199.9557418831687,1096.1220440970726,854.3935362293026,901.8258677469562,613.3117184861746,598.9057607053613,1189.1038855455613,619.1332367386747,951.4611016192122,821.0443330656339,573.4179964089161,1066.7092757374717,2578.2088083528183,2697.5191440503477,3337.9324507537626,2915.394171940371,2145.9318792386507,2205.984775804527,2940.7712901493683,2531.526197963957,2990.2421911158367,3256.8134296540384,2589.212718908931,2949.303584301345,3311.7239133488793,3023.3354575348185,2886.710499203586,2975.4633884792424,3092.986532986922,2809.2196718688974,3045.036622411262,3519.7346835383933,3281.8804743600285,3041.9114062702974,2351.183252921112,2834.366002034047,2872.6458242895987,2714.699554829736,3272.698060394967,2487.5547633498445,2525.9018971219994,2886.4493641198146,3221.3990878786926,2972.0472192683646,2554.7182117507145,3127.8127489395793,3146.6770726148193,3179.039473464086,2794.5842308979068,2422.7678449554305,3268.0052571862707,2782.8378414617464,2299.9062752645286,2840.62677007147,2792.779415373457,2720.7260173840077,2792.081906272039,2762.2844395049283,3331.237095666116,2611.6069809834025,2157.0303239217164,2635.2554645284945
71.17683357892567,1050.3801074483931,395.3111644532845,738.0754821466604,882.1652703595676,735.4352932285096,798.0827332921581,1026.088702230226,236.1769304243292,0.0,188.51849527558898,311.9781763005035,788.7014339621714,882.8691527767568,1043.2670078801798,502.86834077125775,1198.4319466593615,89.55955773897334,1037.2101883908113,113.99246825595986,1054.288899065564,570.5991952967478,799.949540099576,1075.2654137653747,990.0432161288884,1002.3524136103794,461.22006320315825,1415.4707852157499,501.1692751059232,342.4963399491071,732.4677825928477,977.6219668341487,1129.9946506498625,945.4298904011913,484.53753972578426,1339.713570925956,870.6380900410843,731.6214695352309,1168.4150686765051,1086.0825305803316,840.4298690098326,848.5534765966703,568.8703110991911,527.4160449336429,1393.6028924504872,821.0968268330115,1101.8585357890963,1006.2096126592977,687.5333671186768,1302.4528500155404,2345.5221258603947,2897.1549195622188,3248.1190265667474,3145.404313092521,2262.704476673291,2231.740672179827,2968.175233131534,2765.6170463419608,3190.4783266943064,3292.0618514835087,2388.1645259030374,3182.9241914543827,3196.923036069774,2804.01815674411,2658.0815954161544,3185.513959105226,3241.2418945100535,2964.5288625868025,2811.7696197021105,3589.1678942570243,3417.7211531283638,2978.267531722286,2404.725197316891,2995.214244405512,3035.6958236257533,2554.7537904370683,3490.0906357067506,2286.334184287535,2737.668075437436,3122.1432946081777,3050.5302183930717,2737.7707147916544,2347.515448536944,3333.159903000582,3322.7407721669733,3236.720161438671,3024.190652922346,2616.649170259861,3287.387537123921,2656.1252994451756,2399.7048582995544,2978.9197847217283,2617.0062031686853,2642.670953028677,3020.677471873632,2990.8497295876778,3431.017558627192,2580.347418495523,1997.2554356712344,2441.7294520954238
96.29248346875782,1108.5834468207852,446.60310456365585,735.5340118691543,1016.3306278613509,638.041304181337,821.6785732444278,1210.5342495369782,339.0476047959995,188.51849527558898,0.0,182.44480278368795,880.0258330798061,1008.4794501055248,1227.4644089937103,683.5340015276993,1357.7423246781227,247.01270899522092,1216.4633096455852,146.85446187303467,1240.9487223146139,725.1141475272716,727.005172912611,1240.0414564081889,966.5095032579212,1161.6332564878048,477.23802747922434,1524.7244368950505,430.66167070522226,241.9489061898614,918.9209325686896,1070.9318219622348,1283.0935522495984,1100.6367423109173,523.031818272567,1498.3025584832017,1059.1301260185155,910.6832505181277,1349.522320422359,1271.3124751421537,1026.241724202716,1027.0127649910844,752.7395784517913,706.5697999741044,1528.1469838887933,957.6253190741896,1269.9273451942388,1155.8224899843765,594.5050849721816,1374.0483490569936,2336.4969501008504,2852.127548405751,3402.753794188784,3160.120851034336,2140.2681885650454,2061.939894779706,3155.5685513746557,2798.417861405123,3329.261026571209,3479.962661955814,2250.4436957177663,3212.234201883686,3338.042591653481,2834.041098675743,2663.964123064043,3313.697173729105,3412.84838819325,3133.002224645127,2798.2888947550296,3777.349203199801,3593.951288388308,3144.7071761691877,2245.6917523085476,2905.529206686526,3200.497336341452,2664.4983048609956,3608.2765711529805,2148.8234801461767,2712.0423297484326,3188.2470279935815,3148.4067133076937,2718.5706730127017,2402.1027952481227,3466.7157279119047,3480.3024098189608,3425.2221006765494,3037.8622079024435,2564.9025976136845,3473.8870069729096,2474.447703455917,2265.414074223054,3154.134251055267,2457.3397534697874,2454.222729960596,3117.4795136238695,3001.3351569345364,3616.0084138920092,2395.1536647119033,1827.7314351111615,2296.2740566689154
102.53792141546101,993.591532139905,364.97459097949184,586.8533002052684,1184.4711939966105,455.60214986420476,687.7499378027378,1265.648753366959,332.5727168755412,311.9781763005035,182.44480278368795,0.0,801.4074098998517,962.7216811857422,1281.3897465667796,810.1024329186704,1352.036584888635,323.02778395656446,1343.427504907678,207.52377854957874,1306.1790900479712,880.6607979849498,547.1781064508132,1245.8290496963775,801.487631102983,1159.1761951153926,359.4817185213461,1450.55509686314,257.16093876513656,69.36119950795556,1027.4477265224857,988.3251183123018,1268.443300719838,1256.3085894712667,419.25234116817325,1489.5404298422716,1144.4771854073826,1039.007784516203,1472.2016361341302,1382.5522989707229,1136.6071400752169,1156.021944285644,871.5207233031646,835.7422076281823,1483.6813633821212,927.0712462414718,1281.5192975830503,1138.2468142956545,412.3203056122295,1265.8197367370844,2503.1393108645375,2674.294563360102,3559.5125293075266,3004.627982728943,1963.8469753842132,1922.846190595054,3252.112375779029,2653.792880736339,3280.552930498485,3571.960313227459,2319.774952742805,3064.7438238137934,3504.151672781695,3011.794748847944,2835.401786228053,3251.348163965933,3419.9139231185677,3133.8665831134313,2962.4706212071856,3846.9128501848472,3611.961106531041,3289.7751163685493,2092.791694068116,2723.241746824218,3193.7915789771732,2842.7057359320265,3533.5119968202384,2218.941085656874,2539.83363847182,3065.7649771218485,3329.0556535541177,2880.432364769168,2583.771289428036,3410.7643320089646,3459.7607952109392,3502.663044723621,2882.0055700538255,2385.7846408473215,3575.6020340600708,2454.358178194432,2094.086642311385,3170.403585143064,2491.744018617646,2389.2764062079095,3021.646741183928,2843.909198245961,3663.419055789194,2293.5584305342627,1845.4239501332909,2354.5907089818006
76.53144432853097,305.9033841309263,439.4396167181328,414.16116442572184,1415.0689135057933,772.3025138267889,311.4515211473288,849.08112007661,555.5934679486461,788.7014339621714,880.0258330798061,801.4074098998517,0.0,227.14096935114858,855.4945535259842,907.5233294866123,677.2897988072405,700.1212388413305,1263.5121077603808,742.0451131674359,924.8019268977121,1099.7933055785902,700.1151078085966,629.589566931438,578.8085705187418,531.2238020466384,451.83446053547556,649.401933598759,652.5789511653131,744.9898705674603,941.4975345177954,190.99604323678273,576.136410641938,1375.1102985941693,385.7149759365732,790.5573368913548,903.9566115343806,1049.91526978646,1342.2126570266973,1207.9304487971945,1021.7527675148622,1134.2033934852052,902.2060934847559,932.9975424774602,703.6611484266264,266.22422042803777,680.0746878221053,459.10515716858936,741.1767319289087,520.1699321225526,3104.903469998299,2335.115942785842,3506.8260514142453,2421.648464099461,2064.142309664795,2346.976041567138,2843.976497996627,2014.3413110837935,2484.5953186163897,3134.2073186968482,3119.20768715139,2433.846169360485,3539.191181080042,3507.0327252406005,3398.519148242596,2450.210081074084,2704.040349364396,2407.6137677743945,3573.07479377622,3311.2335361701853,2919.6786643482906,3155.8578137649347,2422.700799700265,2599.9092395281673,2451.7552937728738,3056.356028556193,2733.6021003996457,3018.084344782896,2119.319029483428,2336.3064295183085,3581.803993527172,3504.6252853652163,3009.9105310166597,2611.159761082382,2692.7487908295425,3004.705182038789,2303.720934011738,2087.3300831290444,3182.7292260065697,3203.2056325638027,2257.5242078211427,2479.35428394048,3288.8432817503926,3056.8199646288363,2238.2809930713147,2277.1454251604036,3053.7494845777733,2859.950731351287,2635.829218189907,3155.9089775153575
71.40934048240585,437.3220774481102,599.9855389573966,640.6957143217847,1365.9689206600056,992.0844302179704,537.4509073868179,661.3936072422741,669.7116411956725,882.8691527767568,1008.4794501055248,962.7216811857422,227.14096935114858,0.0,664.834044100046,871.1165888370937,450.41381614620934,793.9002913374601,1138.395252161561,862.8693417467301,741.2181368783457,1073.4505489722728,925.5258635500562,406.9975798116428,797.3578075373853,310.4014344775716,638.5511992030046,541.468105826648,851.2086896685971,914.5859081969635,843.6341822730835,221.86973326805602,349.7490117473584,1297.3387682162966,570.2215585686936,567.2244601935122,762.8865392064935,968.4398245514187,1199.4225796062638,1060.8997392016363,906.0507199217336,1034.9495587821382,846.1419310872232,892.525241267866,521.7652414131909,92.89587284018614,458.33560654203825,232.50630937062243,958.2711442839035,546.9974289815002,3127.4298003836025,2468.730304071219,3343.0008348393126,2470.104574083288,2277.1931022970703,2574.090617734654,2626.265900376082,2041.5809652943058,2322.275128682355,2912.981747741145,3258.885614891617,2459.259538017764,3393.8988251321525,3487.8625213890236,3403.967284160045,2305.9858600376483,2491.6673058963916,2197.744915291618,3595.2119504009506,3084.3863872665556,2702.308983918452,2978.3183296563625,2648.51130793709,2777.7853420137567,2247.4244853011355,2958.8605727533445,2607.2335821414918,3157.24151512351,2232.9721739568686,2301.6955537564795,3489.5994042705556,3532.6981416960143,2973.4983244393247,2458.2567087574416,2500.8925818400976,2779.4691136427145,2355.9247009513333,2235.1122688985624,2965.7024446676805,3397.827879255445,2474.7407807292266,2261.151639533127,3453.0847740550007,3269.845060948398,2149.8967178618987,2334.7750233758247,2827.571873997259,3083.0911946667998,2808.061980104156,3303.72152264563
80.51792566946064,1101.6974446686872,1006.6466467532045,1221.7622412272865,1003.0580618499814,1503.4441957753836,1151.7253459283577,18.454718035309956,952.4883448229645,1043.2670078801798,1227.4644089937103,1281.3897465667796,855.4945535259842,664.834044100046,0.0,677.5644176415503,441.59659798911446,982.602578841108,589.7773081979376,1097.2000989856365,85.03660962540677,839.1794411261745,1477.4603986697991,334.21905554407346,1429.156732909014,388.3127246034925,1091.2934654630997,988.803574510256,1296.479743878368,1265.2189824782583,465.4873160778408,882.8040117739838,478.84156666470034,861.5188161510739,1035.532247345646,531.3946022087302,267.26352643306086,595.3851631677438,597.8572353074419,461.94276639574946,440.4492931215577,585.1515860307561,603.7086600711413,677.4865997557887,783.1394113579984,593.7941205653328,299.18665932567785,484.6488370446247,1459.1103547042553,1161.661356009757,2852.065564180444,3118.2079486775597,2684.81170580547,3026.588101717077,2914.9015554127845,3120.4644818484285,2017.8359944461458,2574.246678556822,2350.426382796614,2323.2908688537113,3344.4307920386163,2980.023148596142,2752.7510623933476,3093.6622457037156,3075.229215211528,2407.0963625748564,2230.1794345420494,1969.2954427146817,3307.5756741473347,2567.4127505508823,2389.0498037734924,2314.015466170569,3231.677136725636,3442.5469227472026,2057.261789015754,2396.630733991137,2758.9370617438794,3243.6247333750925,2868.257321085307,2712.684941322365,2931.558384125419,3262.798341505518,2547.2888294710297,2518.7754365283804,2376.8442620939722,2230.0318651416383,2919.53409630893,2893.278421173766,2352.5626951767513,3699.1069070779113,3102.2093520522467,1955.1690357705897,3624.9697076055613,3669.9876963712095,2436.555916534665,2906.2524427770736,2388.616525354147,3560.26914190703,3027.010919167979,3417.315314673562
53.81771933636064,1213.1186510656717,722.4921040653528,1068.1311783546573,507.6965060719946,1189.3264386338656,1072.4070989855568,659.126925530256,570.4214972832107,502.86834077125775,683.5340015276993,810.1024329186704,907.5233294866123,871.1165888370937,677.5644176415503,0.0,991.0113574402346,492.5812212254604,534.3455156469913,602.8299631800616,655.4835573633526,203.4156858256086,1223.156487079409,852.2296330762628,1327.2163717019191,820.2488397116858,818.786572668176,1392.0298330919632,948.8385488946877,828.0606622390845,252.41814540889018,1055.3001048905505,961.570226919695,493.7823438914634,800.9759510478935,1122.9461771974989,436.6256095203824,228.98757385117838,666.1241963529812,591.865767679423,351.60097101269747,346.01561393725837,79.39603605689095,28.73533649437704,1279.5118447156485,780.7666892100045,856.0072678858314,871.9080214435596,1139.9548123899212,1403.4784446459335,2273.4116203805684,3212.5339812402844,2769.351648642877,3324.6769879645676,2716.1979415001024,2732.888798803713,2480.7064382309477,2906.5116433565936,2997.1757187269077,2808.4467059974772,2668.937112852979,3325.36302571325,2741.9338274849656,2616.9517015189867,2537.6505280064594,3031.6509836688483,2904.483191272707,2646.5064952129815,2739.17592411759,3132.2289551312615,3054.678171355131,2483.542471257158,2898.7579053333675,3393.0217882290935,2734.719600845368,2172.271696343025,3367.1008374834596,2568.4173044094464,3015.129670366588,3166.8304581226917,2689.96869022709,2682.123107785333,2107.3780528102834,3157.55291755272,3051.3952523893004,2770.265415955808,3207.8637383979694,2948.9867333751254,2795.014393644827,3084.3362817630973,2867.760394235482,2625.1456730944547,2962.794519375838,3117.520657970481,2975.3476216306326,3182.7185967469245,3010.2596157135285,3077.970909461995,2383.8881619248837,2744.8494772029326
101.81765785200764,821.0978244039396,1007.1980909741806,1091.1094961432834,1404.5458847258915,1438.2704303116566,985.6154571220296,451.3235583780863,1028.6258242645547,1198.4319466593615,1357.7423246781227,1352.036584888635,677.2897988072405,450.41381614620934,441.59659798911446,991.0113574402346,0.0,1117.3584050101915,1029.2203199579092,1212.1355001194095,524.2989060932699,1183.7341050453529,1375.5893775208224,138.84911480720356,1235.423044494263,196.27585182709964,1063.9340771623974,562.4245363724001,1280.6465569297711,1314.4490547286705,844.7005067683862,608.5630663941416,102.2633505137361,1281.949349352059,996.8614821731148,141.34537592472503,675.3164322034232,983.5061575745366,1038.1344906546249,903.3633820888023,853.4269147797881,1000.8461749467676,933.6651268381297,1001.4421217359801,341.724876238946,441.82574978860316,147.77952256818378,223.69643517666415,1402.429990815103,795.7787324931355,3244.843465766255,2750.7635017235452,3063.624181395375,2597.7497461943262,2698.406871022999,3024.121664626765,2210.521153444143,2141.1512741555775,2015.9076083901996,2485.7303755971966,3580.9045636903,2543.534541011018,3157.786027602051,3520.0197798439317,3485.2008520887603,2041.283334725129,2068.83482753527,1781.8362138373855,3706.05438604826,2637.272487862623,2268.2523755996945,2668.6276135899366,3093.831049513949,3134.5633282118483,1844.0610153235045,2836.1531073428755,2376.642189663862,3479.1253179053524,2483.940476201114,2272.210332899435,3371.040377936227,3655.4302744670263,2978.7285044117543,2171.1252237709173,2124.3724152345803,2339.11956076004,2493.20925176145,2545.145095017307,2550.953504191015,3805.7875592090795,2902.973813377592,1826.2425987521638,3813.768209480756,3704.4892960388984,2012.87206015338,2482.63149223596,2377.5150702733827,3530.5970651675375,3184.460580882991,3638.7294177619833
61.00496395660512,965.5863949215424,319.18761184225195,671.1085874165836,913.3215504290803,707.9261441593807,722.4488752453043,965.9053172595873,151.92713872796753,89.55955773897334,247.01270899522092,323.02778395656446,700.1212388413305,793.9002913374601,982.602578841108,492.5812212254604,1117.3584050101915,0.0,1023.063728929307,118.4390248945995,999.2479193104452,591.1599581215653,759.539290487228,996.6473455602727,927.4194585388512,921.0902098927932,394.40435733942854,1325.9335758972993,468.1548827034203,335.57035664411126,704.4219118871011,888.6304967342958,1046.5625181145651,959.8221760028382,409.53287411031147,1258.4416914276376,826.417075777213,720.3597420899446,1150.3910358392027,1059.5249964555685,813.5925505229433,837.0796375923516,550.2916786139905,519.3524257995203,1306.0497351310612,733.3527163982334,1025.106293787434,921.5793977830455,658.9241932809128,1215.2048265407102,2426.282688663325,2836.554795280558,3256.6849858351134,3066.8879018254397,2238.86709819884,2243.5672345373996,2931.926969740064,2683.420245652105,3104.118372145186,3253.2921450491626,2473.782979467958,3101.226637043214,3215.9990355800683,2874.7500879299896,2735.3284845284793,3097.4919816948545,3167.156362610306,2888.4669346639253,2893.1168498282664,3539.0246574418866,3347.13045979704,2976.0530763228567,2406.196661433072,2953.0168293699317,2957.661363811404,2593.836564680033,3401.1221429196075,2371.967698236005,2670.6160406897347,3034.669085950464,3095.072036130677,2820.240191697554,2410.8434083042844,3245.9045327816425,3241.5843542578255,3190.28972662686,2945.9838832029236,2558.8495034527236,3254.1715363388403,2721.3198915971107,2382.933961759915,2907.4722537060397,2696.5026841758727,2692.024312049377,2931.1610603401427,2913.4247635942106,3371.1272597089887,2613.417380860268,2071.9893009725183,2525.653475683266
109.27870529984796,1556.6732827068392,1211.1929082044376,1527.189743548649,506.4515543419696,1702.7338860121522,1501.269251661367,578.525876602997,1080.472155875551,1037.2101883908113,1216.4633096455852,1343.427504907678,1263.5121077603808,1138.395252161561,589.7773081979376,534.3455156469913,1029.2203199579092,1023.063728929307,0.0,1135.9180688383547,512.0333910229133,540.8053277178392,1721.3719557848935,910.198092219785,1775.0252962362772,937.5529078981185,1308.9390039562734,1558.8105353278218,1464.9331549142657,1358.1763569542588,340.994312975702,1356.913637258573,1053.5500504821878,325.06446586563277,1276.9676285540002,1119.905830832619,379.11325417784246,305.843844106518,138.02281172548902,155.5843512334659,243.73457723728163,189.6253536212828,472.89553692688,510.16410591626067,1369.1543999198386,1048.5646235343222,883.2906242795033,1025.3729971858434,1653.614368821872,1679.8393744274708,2314.2577495747714,3596.6009793159074,2270.9160583924554,3585.7128446150496,3215.158478239394,3266.157354878402,1972.190927193641,3141.1212781776094,2877.939652312247,2304.6493899380835,3028.9163983200315,3551.761236515172,2279.045290157572,2512.145203448257,2512.913576298828,2957.2714707302152,2608.455434902349,2382.105711101025,2759.270910421442,2666.378412794848,2720.509897755459,1961.6947455988623,3426.9353864175787,3844.245526133734,2490.0939931553016,1828.4328178086375,3318.781008620065,2931.684038334884,3369.7023248843757,3301.427011847715,2362.094874760189,2722.5506457772426,1961.4985335891236,3054.5809930984447,2835.95137062085,2292.9501447144207,3475.2485939758767,3350.8208754166253,2277.632085336295,3559.6054466388073,3376.9043571654943,2313.061270803516,3372.1031153621007,3629.626398106062,3022.4215989839304,3458.14106365985,2597.3187673462826,3608.010971173666,2833.57269266186,3122.059458857998
76.78176381397492,984.3322234571673,319.5013312691443,642.7535939143224,996.0722613119638,621.473908196624,713.6351763171086,1080.734532631227,193.17810576056377,113.99246825595986,146.85446187303467,207.52377854957874,742.0451131674359,862.8693417467301,1097.2000989856365,602.8299631800616,1212.1355001194095,118.4390248945995,1135.9180688383547,0.0,1115.858876813049,682.8178836017413,687.8589563477851,1095.8745849800312,889.2247790766223,1016.188730156428,369.6378545291268,1383.0036443132633,388.11407305927423,230.1804025764225,821.1798660848112,932.98013402901,1136.6480311440596,1056.6354312784476,403.7323622543647,1352.4820177768308,944.8127342692228,831.6498150693004,1264.7504291560713,1176.2413719057636,930.1940465947256,948.6445533548424,664.0383505628068,628.6860106382719,1381.848910261749,810.9188779544056,1126.845912079007,1009.1486057200892,573.6410261407283,1244.7379567422083,2428.934269356204,2792.762502444182,3358.201394130405,3061.136459995473,2148.93331938174,2130.296739436241,3050.283022959834,2689.113638364339,3182.8383512973337,3371.729363083748,2396.119781216833,3105.0179755026807,3309.707224523574,2901.7285173852074,2747.4809867202775,3168.6373262375737,3270.1664651420897,2989.137963845679,2893.6597322121675,3656.2961643360863,3453.722767771737,3084.045086199999,2297.8574855979086,2882.6343222353157,3055.5233097342675,2668.337316567996,3465.232569975752,2294.4485995254213,2638.6371203140243,3062.8797307118293,3163.1437217340504,2817.2075266390093,2451.9197116378305,3320.8755150584807,3333.9738008831223,3308.244675823016,2939.436051256774,2510.512435457729,3372.2999808439718,2611.9630536504833,2286.9257302844635,3013.369680759863,2603.8702318634596,2575.101556412418,2980.2921368737384,2904.7793067441926,3485.053392385706,2495.1140356022565,1972.527259137642,2442.826432252349
84.52510626255668,1178.535701607398,1048.3521168531133,1280.350884846941,943.8581824700105,1549.7169269687715,1215.7018200690989,81.85849270208571,981.6829211522793,1054.288899065564,1240.9487223146139,1306.1790900479712,924.8019268977121,741.2181368783457,85.03660962540677,655.4835573633526,524.2989060932699,999.2479193104452,512.0333910229133,1115.858876813049,0.0,802.8452240269402,1529.6102989205635,419.23159042228957,1494.3585721472036,471.90143123707566,1136.154992605863,1073.7024187854122,1336.6803269989666,1294.2663987755825,425.8063324915015,960.8086928470528,563.7921717387997,794.8164577040062,1083.1086306862449,608.0184478489898,224.059879983212,547.2446610665412,513.9979565193213,379.33830404989294,383.798536837498,523.6690900196063,578.4689460990987,651.8885122544671,866.0232112150268,666.6514510760818,383.5022090144484,567.894908034559,1504.3983117779644,1244.765321317943,2791.354936041587,3199.7592184092605,2604.350437008564,3111.578559497203,2978.5428771518245,3165.4477612314945,1970.2501721455944,2659.037594025999,2403.957162914773,2280.2921107788093,3324.084552187898,3064.50665910676,2669.2009820928756,3020.94177320166,3008.657486594282,2467.2541613533654,2249.589627273491,1994.9843208164764,3244.6945985682787,2541.0730161534384,2399.9544529836344,2237.2602086996876,3283.130125771056,3517.583326009397,2087.497424262222,2312.594326343218,2822.374815561839,3223.6734146811195,2951.313073365699,2793.4927059134525,2847.521919431134,3201.8025614902667,2472.538799186711,2574.7692533614586,2413.5887544681846,2197.4429343090364,3004.5636889733755,2973.0758180194002,2302.790521863879,3706.012252302835,3163.122395088958,1969.6769045358767,3614.838204315689,3690.957868013158,2510.898824760574,2991.286597986019,2378.3679656048926,3593.115498810065,3024.7241274614007,3400.2830917589504
