0.0,91.33353542524678,131.492268766257,101.23849620370302,82.95064244081033,123.35416623820038,68.1515263330787,130.11921554144223,143.7050808534497,104.62715735728614,54.66743702289909,80.55892306592825,112.80285548950641,70.34084762287888,57.01200329157241,115.05468755887841,108.95549104800779,130.81546652132477,80.14907909914376,102.656887089258,138.94366952172666,76.5387912227738,107.22576480384853,149.24523131902015,82.95862596896191,65.50657636024884,117.038634133969,146.70243316929447,75.8007678697198,128.3881627804327,51.01876621366366,64.99788527066875,104.68003952284137,66.64233031987663,103.460921346482,148.10640882582092,123.99897733378734,128.71091495761937,50.50810482224017,89.98288142536268,118.14129659237206,138.74597374682682,99.73657732066007,118.306943296283,125.4387965371316,52.64339164236691,81.4683057849492,114.26738117315911,131.02778128510556,55.985418717473145,387.6556024312915,399.0253139024326,375.841742058678,394.2595031467266,396.98542936977,357.2775147260932,411.24228519693133,363.04894524114246,352.0008307278136,429.84958858206517,430.99925193301505,434.30440627258065,449.24587990305247,395.90670831318664,394.198716238921,424.75218163426234,351.4128116537703,423.2012039469902,448.26585448523076,362.284382722832,414.5527101568176,375.8949678608098,416.17605927192955,439.8580523702628,442.023930583994,372.8501871213682,387.44100415505386,351.9913183654282,412.48026146615763,391.008013520426,431.51867786027447,417.1106118429267,369.9485657837587,449.5897015544515,354.1298054515292,397.9987770267294,353.56953572837057,399.0713714198972,366.58431496466426,371.2730961943811,374.0391636672341,389.8237159453959,386.1870356114587,419.4969177030556,403.9450614680854,371.8100215330393,361.94644372410056,373.92135549957504,436.25302518600296,372.3876166975414
91.33353542524678,0.0,287.6899186790555,161.7415350812231,144.7624125059251,1352.8946573546057,1082.4358091629376,1244.774941981204,465.25046943464906,1370.6072928742801,351.20964923845276,91.07354504715292,1307.9786990851528,1106.3869267804096,344.0089763306185,1174.3896339934622,1254.3653383782653,527.6401251842657,1155.3535576601612,292.3023979593335,1000.6828381077578,910.4097994959639,966.8320677147119,791.3480487816349,922.1964397748218,344.99316184655237,1102.228569721838,1577.8886614003275,735.2720033814431,1529.358435011002,813.4342613833128,950.2918380687424,262.7695570835365,172.8704053534943,1174.2544037551158,1239.550994640826,390.7482349918084,539.1270456784808,883.6153046212224,1257.0216080640846,1357.2160412586172,1582.0095023778335,1326.2418627587517,1405.4185720648343,1326.6073775896039,621.3151590542387,624.2609991274118,1300.9164941051263,1365.5014795532925,686.8705620244921,3094.000640287665,2234.9236820742435,3076.0394615547903,2317.165078858759,2250.192162890236,1901.5332428590555,2941.1453927645657,2384.4541518022365,2576.7356733687784,2374.569069495394,2464.134698487235,2840.961472960958,2520.2820191620476,3401.884703304846,3073.0526102869835,2470.5995133141855,2817.167720048693,2334.6207220094852,3022.941910590454,2721.9729317446495,3385.0201112091927,3253.7506801368504,2917.2945898892876,2887.0089359364742,3520.2086300655837,3249.2728843946625,2500.2923535719924,2979.5364996641274,2996.8865734842284,3079.928393542575,3585.6346566071034,3558.8769811781162,1955.9635265691163,2519.487219394513,2619.187453941311,3375.033187357071,2695.655324727037,2307.1295464973905,2821.9326282855427,3213.2490978330175,2923.5890542669135,3325.236442106619,2692.141582225406,3455.7204558391277,2906.2364942235613,2416.021457349704,2250.1112077869407,2444.0254915632236,2935.031758970613,2720.7357080848465
131.492268766257,287.6899186790555,0.0,239.18234925255877,402.96286584829164,1569.3252727139277,1369.8968813469546,1500.6820166548493,281.25688328795803,1647.5733424037885,632.7040186556263,356.55370543438,1535.8277323725729,1393.4829229447098,577.4774306526037,1438.715221510032,1534.6835292249043,608.8745767276093,1443.043394962427,340.2203648240115,1192.8432565484288,1184.1871096618845,1116.6780404650774,754.0155235453013,1118.0537203448714,612.4279157734117,1262.1136313377626,1862.4609069906046,994.9305367444562,1799.3306708249122,1050.8722228708295,1186.8024577927592,296.8817796665922,456.50841501074683,1450.6424445098496,1358.685341867769,314.64492478424256,634.4758823433652,1132.8277269157365,1543.0246770159838,1640.7793900197066,1840.7500151169863,1612.1703515124527,1692.4260596958525,1529.872816995106,839.4232306376017,867.2474556707692,1581.8223598054112,1567.1332313206055,902.4018111853784,3233.3421507141334,1963.638490777907,3335.648669115842,2217.7805915197146,2091.111517540177,1617.7469369559703,3080.7973756174533,2294.0644163642232,2740.1450271913827,2089.1323254207687,2283.539852896369,2868.7006437019386,2232.6324855172898,3688.028127416803,3182.7327508266353,2327.834785856043,2949.3768533253437,2082.569943895725,3087.525412201493,2780.1157304062253,3652.540521698129,3513.3512820917804,3034.2309120989958,2771.6569128483325,3676.770291734771,3528.604189830298,2381.9664405996596,3254.826384148512,3016.5727927403664,3312.4472229830467,3868.7425549432355,3839.344887301062,1696.1431600739468,2267.0510710462677,2791.745247765174,3613.2851242728443,2894.2742524361815,2064.7395715107978,2909.319735017781,3467.2628444707666,3146.2565734480663,3567.9250992200195,2662.549742671393,3657.1393814899184,2913.460463503624,2311.0651107858444,2102.820479447856,2491.259346762476,2999.1213341522753,2746.9360487871486
101.23849620370302,161.7415350812231,239.18234925255877,0.0,305.09560985328244,1330.6428646339523,1174.3765708302224,1391.7681117599755,320.37440572149796,1425.0494394611724,486.1064244484542,167.20630020093392,1296.6453877239962,1194.6479032072057,342.16617392612574,1316.4945561001964,1379.096116645589,670.3580879070618,1252.3726351566836,143.2608477825478,1162.3143727052195,1045.9549751160932,892.0441092322624,637.2346654577073,881.2792195826725,494.5493304466613,1034.8796485199077,1692.2173236006752,883.2142292179137,1570.330465321678,812.663685615308,948.2377293532752,105.92210439840883,270.8719484304813,1305.0717487597112,1147.7994615360649,229.55205591972785,685.7617045407341,896.6629286402965,1337.950660191396,1475.0134685979915,1606.004583099838,1406.5108082220731,1510.5762584156907,1292.7342978008137,600.2494226817798,780.1233661885385,1424.4134928053422,1330.3077089643614,663.2508978746181,3017.451986118318,2109.939107234682,3217.6885494023677,2408.2860465969934,2309.3758290865912,1796.291367671052,3101.6969271325997,2226.585636114429,2738.406832932398,2305.5634272443667,2510.0618665791503,2980.6132957359127,2436.320829989632,3479.702658119861,2980.1827962638895,2539.5467831812757,2736.2592200341237,2321.344860838833,3171.997553633309,2604.9571885501023,3520.6073148607475,3277.842388722547,3075.49674569272,2726.725001862819,3454.4122947295264,3306.312155168385,2339.639095606546,3107.6299669704385,2865.80354214614,3233.6206631161353,3700.6065508634147,3618.406040997691,1933.8645880091908,2505.745913306937,2780.920166336773,3374.1811605530356,2856.0109369115976,2162.4296061951177,2717.8602019414207,3230.187371823244,3079.9645181326787,3329.091658988303,2546.2226851219802,3421.63145077289,2770.9742692570317,2256.4850638065323,2088.3711516919802,2588.4173624219925,3083.91197055012,2591.5854249606855
82.95064244081033,144.7624125059251,402.96286584829164,305.09560985328244,0.0,1361.3956615718998,991.0238811022313,1105.699729450578,608.1451976223858,1310.0195831619947,235.63994365737486,173.34416769789237,1307.2920396366872,1018.0587964146739,380.7415406383857,1038.913767833852,1132.493061977148,433.0906926424057,1058.5043025163316,426.69932309655024,857.8783702714933,781.2891742102812,1027.3572090027137,922.8723236404419,954.5626419793235,209.7117645073667,1154.0165477512105,1463.3376665169046,596.8344738373139,1479.3710791847238,813.6325529420842,947.7050353806261,401.9423035068492,162.8873772945726,1047.688494641537,1310.975566220301,534.6297946859121,436.98843325590576,869.1771243563998,1173.6964399396045,1240.689530169373,1546.7596334267282,1242.854013624868,1299.461987165045,1345.7806901106444,647.6122353146515,480.6579555388574,1179.8614098972453,1385.3876017340997,712.1091822798901,3143.0959686696046,2364.7584399863654,2939.1806803294025,2267.7598050402153,2233.2542936797354,2019.7040511362925,2803.947534433863,2518.2125970584007,2435.7515551148385,2466.40790377083,2459.0520999134483,2735.301306265711,2622.6717530054916,3313.5474078588877,3137.605070843549,2443.2573533917616,2870.9380231310715,2382.617551176297,2904.704489129865,2810.5381654865296,3252.0245426106667,3211.563048856591,2784.9694814856934,3024.6500020830877,3558.5026071445855,3178.6333194151484,2638.758119981493,2851.992090530995,3099.2836234549823,2936.503098701864,3467.43880355722,3485.653868467869,2012.8734438143524,2567.2424201766767,2476.9361099005346,3354.6036902296355,2551.1433428355895,2447.47745371219,2897.691758214944,3177.4168090728617,2779.2343421677165,3300.7266577773116,2810.8173773800995,3464.991126058276,3013.1068938457774,2552.4048030798645,2392.4765190691533,2332.6887402137063,2817.1003524943994,2821.483345269157
123.35416623820038,1352.8946573546057,1569.3252727139277,1330.6428646339523,1361.3956615718998,0.0,918.0509752495146,1586.3441860143032,1506.8113877750918,655.2240101711811,1222.6288426017745,1261.851255154787,98.04136642340161,890.5923680792323,1009.4973340133669,1474.0383708343652,1296.1752742548103,1757.0895211982338,977.6292158792144,1248.1540727868426,1804.7307089336907,1280.7329305033056,561.9151569450827,1216.8894556525504,459.76846503512786,1302.4336499999629,442.5520616613919,1351.2703855760271,1362.9252782987098,601.8989181901671,548.229728729322,418.11689991805247,1286.1637922820362,1205.2229327459202,1329.8486634282099,601.8258032193307,1356.88604538952,1747.1539445303554,511.8726686272235,858.7308520224651,1267.50557424196,488.5489788675893,874.3789448717625,1153.7940900007484,101.91642025290689,733.9026134396835,1428.9594398167742,1304.4670431431155,109.51606159682582,669.1310068572336,1858.2140002964625,3089.8030150863424,2946.7973020327436,3611.036929319709,3594.3462056732155,2913.061301553028,3605.6040715444497,2224.512201793969,3169.418584270456,3536.6317128844835,3815.5049982660903,3884.2386229041767,3615.6912095462876,2497.665607854252,1932.9251048104818,3803.600891589308,1615.5244259640713,3645.326855338062,3953.5417482823123,1815.819986699524,3128.7674611561915,2016.6969293357295,3675.2554692882613,2765.5468286184882,2230.6987174482847,2196.2459109913657,2453.467917224406,2648.787144713437,2225.5380376157004,3202.7390209403256,3036.8096062451964,2510.6771205965874,3252.614562285749,3828.9379631789566,3163.259090045593,2053.783360159644,3090.864496319745,2948.9265678570937,1783.5900338232798,1947.6513699891498,3137.182900917917,2015.989520010829,2187.2762361597224,2104.4123119298765,2201.2521715625403,2319.8314327391713,2392.3362989861225,3458.3031908707926,3871.916395784263,1955.3076554055792
68.1515263330787,1082.4358091629376,1369.8968813469546,1174.3765708302224,991.0238811022313,918.0509752495146,0.0,672.303609791004,1479.788082210951,424.0527640864851,757.9582646912336,1018.8062006372967,821.093424570299,38.25600451123144,876.1384443867414,561.7382444076,384.50658245902054,1210.5213959794407,87.98721951191025,1194.698375531527,989.1302359962717,432.55912829467957,1076.3317712130004,1500.9107599198633,871.4267711392761,809.7609247736708,1087.2189118147346,563.0648783948064,608.6098224364176,623.1121823486669,655.8231560225846,653.7882890497287,1207.0225103891435,914.9354181864693,412.1669013758296,1319.7110767816514,1344.2696323977764,1185.3012327327724,571.2034195838646,195.37801113603564,392.2771332248607,764.4341259538526,260.77059958696833,355.4936941363667,981.1127890293099,791.1502237513372,740.46447714021,401.8495796060656,1011.7741663478556,785.3489308804365,2733.705831063158,3269.732631084514,2195.9722001068267,2958.43271636654,3052.413450182359,2970.6140640915173,2688.3955106090607,2922.777966700606,2251.405818854818,3455.0483655857342,3310.0755952269747,3038.7710463495605,3602.397090261867,2322.6110010683387,2840.2253690904117,3219.232115947906,2511.0137734296795,3349.8056521431195,3070.251365002937,2725.4625055207744,2447.4907340481573,2307.6066612551035,2764.2781788255834,3466.9350195762972,3057.195376415364,2201.262859959885,3112.8604699378484,1999.3239757581218,3118.994607581469,2358.9322175527323,2543.9059992149528,2503.8419836950015,2991.836071439998,3533.2004911258496,2245.737148952508,2534.8307963173447,2184.5485321020988,3267.2019981819935,2701.616121252583,2297.22402915835,2266.370244924574,2464.2292815617843,3011.262795564402,2791.6583880888256,3080.3861298792262,2995.2349769516804,2962.173824488512,2610.7122766882453,2991.3634157361007,2843.0031549034006
130.11921554144223,1244.774941981204,1500.6820166548493,1391.7681117599755,1105.699729450578,1586.3441860143032,672.303609791004,0.0,1708.9265999002916,1055.810045528537,908.022492563733,1226.8279316684504,1490.4147633878658,703.9634346232607,1221.148023495816,112.99778341214301,340.805396652359,1064.9847381725915,629.5681656806823,1475.726943709277,522.514424077973,378.6980219838534,1650.4045249169424,1908.051906319877,1461.6330847119525,899.8373783895405,1695.7872045332083,607.673768974246,509.50581961372717,1244.2072738353525,1229.7517191192544,1273.5133611261172,1467.7341489696246,1131.0231621880673,264.68450282644346,1924.2824770118089,1612.599583043502,1030.2705422980173,1174.9170212566862,792.9176916530523,451.74743315840794,1405.7310555627416,820.8863570607111,610.7085713133955,1643.0433681768236,1278.6450869980674,635.0814907353837,365.2093678510061,1675.797215795573,1301.654416446386,3402.9530430254913,3462.484281993789,1834.9726141713363,2503.4275535551983,2693.9722756260553,3094.189302109179,2020.0604285772765,3448.7082271570416,1587.5409536740115,3452.7783916464014,2973.370133781516,2407.73591204762,3644.2937673268766,2508.6481090447182,3512.444441094576,2816.841751438253,3183.0172502374926,3186.4208142547777,2410.390258774062,3380.392611095671,2157.5186802794747,2772.3168376096914,2091.974664423021,3983.400734439734,3714.186453755563,2517.676482642447,3611.7682300585966,1783.9573144892584,3759.6721198066443,1853.189403724965,2447.051351395335,2789.6480815779773,2874.571535815947,3361.8639396083295,1589.5643565862813,3075.2065476615685,1565.1330276099923,3551.868391186795,3368.811946850503,2790.112526520322,1717.9548288461697,2993.2279187856434,3608.0041807317543,3406.178981807155,3711.1329470987316,3506.3374257581777,3413.242408652234,1982.021664038064,2333.5936628615664,3480.9266101609815
143.7050808534497,465.25046943464906,281.25688328795803,320.37440572149796,608.1451976223858,1506.8113877750918,1479.788082210951,1708.9265999002916,0.0,1697.4666353243852,805.8984894609407,487.5803389725265,1490.4684537617927,1497.5457089512408,612.6886659950168,1635.7073769889303,1698.436478069104,887.0424664354715,1560.3757064788815,291.680724656421,1448.0228502507905,1366.2246692692197,994.9457845090858,507.24190113547166,1047.1321123652797,809.3342569881095,1143.4257884811198,2007.8062317912447,1199.5563434594415,1826.7350079414466,1039.865372129917,1167.199175673509,273.17893698900514,590.6607684104579,1625.3410664766734,1196.7314840940278,152.45425004884606,911.093336976482,1136.3996178339412,1634.5239671373276,1792.2740716415815,1841.7407382639763,1702.0598168450115,1822.120410380696,1451.164689898859,817.8181790259256,1088.8010590365623,1743.432611814846,1485.298950680693,871.5325996273061,3063.898057450254,1793.741895025908,3537.3248198307388,2449.6653728751303,2281.893364155947,1497.2264890436618,3356.7007802135445,2013.9225234019407,3009.690578369846,2048.9100970233912,2452.535371665869,3144.9772999320035,2158.990803509217,3765.998133150635,2988.780184659439,2529.890296685083,2775.297074377585,2153.829852992954,3368.1146471157913,2552.6742786109835,3840.981465665891,3501.1214745701327,3313.688971172847,2490.4718839878415,3521.250996298689,3571.0964828353326,2100.812520574558,3427.120337714653,2767.3990000571594,3544.647962430892,4014.9853217333016,3885.280346995235,1756.2151342863797,2335.4328046945575,3058.2462586741703,3560.205854091921,3149.3912597618114,1843.3514557004623,2700.3226250771777,3443.5815430406115,3386.374459067661,3522.627569997616,2394.805750247472,3551.042998666159,2658.944165054563,2029.933344574535,1824.5428371991707,2770.641146353374,3279.7049672301637,2501.9228185142147
104.62715735728614,1370.6072928742801,1647.5733424037885,1425.0494394611724,1310.0195831619947,655.2240101711811,424.0527640864851,1055.810045528537,1697.4666353243852,0.0,1094.1725792133213,1291.9172709763218,562.0332944330611,385.8519563032617,1089.3868700668913,952.9908814747027,724.4479740258064,1594.3818126820413,433.4962471624952,1406.0548398166538,1412.8777063890009,856.601111408937,1026.4562054496316,1591.2732101488,828.4060560222135,1160.134324678415,978.4216432570748,703.4305792646375,1024.7466875638383,199.07048683345553,692.9021627662438,607.0648709929454,1429.5636649747553,1197.8078196462857,791.9980698419677,1195.0634206474995,1549.1006332658035,1572.5265830280223,586.7564983563216,262.9215733446638,658.6014065468964,350.0233224421331,244.88722638134396,520.7554994050569,745.6527104737064,901.1595487118702,1146.3941085233873,717.385415427614,763.8031433480426,864.7082339212614,2359.970055521585,3444.708625185491,2294.565046860882,3376.515011060381,3453.6029689305315,3190.7992939711626,3035.760922250881,2839.6473515368707,2591.715866104546,3730.5495360235072,3705.026009360876,3451.3510876190207,3854.857495263241,2073.4398567285457,2495.885046021371,3628.4522296114064,2155.0547410501586,3692.5364734606,3466.1978358716633,2454.0137049462733,2489.619052958462,1914.3834611496527,3131.4666862777453,3384.7168584474325,2658.717186983736,1881.5042935938513,3054.5131710548503,2014.6246141999723,2874.52963211896,2550.7231353372617,2459.195379581488,2193.3568857837618,3321.6867035727337,3877.100992358686,2573.6498024417415,2116.6252237326867,2472.0383970411867,3383.0263482481864,2392.425361243986,1893.6206501442894,2492.5617467670036,2048.8728414523803,2839.48149527369,2369.9308140228563,2854.645791007568,2926.550064228565,2952.857922202458,3023.658391610046,3389.2424484315557,2606.9849955517197
54.66743702289909,351.20964923845276,632.7040186556263,486.1064244484542,235.63994365737486,1222.6288426017745,757.9582646912336,908.022492563733,805.8984894609407,1094.1725792133213,0.0,319.61739708683587,1157.0703038760912,786.1427536694014,368.86989364459936,830.5035127454422,903.3577854522528,536.7598313538987,823.696094027107,569.4464915620189,755.0788262809828,560.913043205999,979.7937144699915,1029.8370242607457,863.5746284319567,79.92908157493017,1086.8851889701305,1229.921709089448,403.3182151092294,1271.3595648411256,681.0295847177775,804.7335798099397,559.8098856702984,223.58364971399183,823.3222805086443,1273.5914412040956,704.5776475245196,524.955027643954,713.0887317810711,943.5442134479226,1008.075371445608,1352.4082691385665,1012.4473316684639,1063.924335740938,1222.477963821043,568.6745143678172,329.9639335951018,950.0886301326813,1262.3285074681155,625.2292296706413,3048.923197307682,2585.9248969121486,2731.5941269574537,2388.7287984413106,2396.5706252159853,2250.310659563396,2715.41323748795,2613.9451680062043,2327.3130324969993,2701.8090107942776,2634.404553040792,2748.5486314017085,2858.061692524434,3079.67485190772,3069.2260894984715,2593.1031838631648,2785.530582362032,2602.0635072484247,2884.101682087625,2788.697716489233,3036.258675901504,3004.8784274282402,2717.928191054696,3134.2964485632797,3446.1955587509806,2952.0166195923803,2753.374139806283,2628.4854986589708,3105.6111024663614,2756.347101374859,3236.159531041325,3257.5381959109154,2237.7831780662773,2786.267498777954,2359.0957882086304,3168.279590035333,2406.711085592539,2648.5302505091922,2850.572612988877,2976.3833699617408,2609.4750098233326,3110.3323383120987,2858.401782971847,3312.769534751553,3030.118087578173,2658.2494493381237,2529.4180428966397,2334.1521234779725,2797.7761085656093,2825.386570687556
80.55892306592825,91.07354504715292,356.55370543438,167.20630020093392,173.34416769789237,1261.851255154787,1018.8062006372967,1226.8279316684504,487.5803389725265,1291.9172709763218,319.61739708683587,0.0,1217.3045523740936,1040.909233499641,252.97944827565286,1150.1047904007737,1212.6905718610726,595.2277619709623,1094.6000749689194,261.67064725034214,1021.1554541520334,878.8192768871367,881.2996548256878,752.1133200124383,831.8410794111987,334.3511584888462,1014.8768876898756,1528.3900368548757,719.433844648074,1446.9786286659366,723.0732913390425,859.9964133454596,244.39288399398248,105.4939444966948,1137.9585972901045,1157.6214084452868,386.8836253742952,602.9272091482409,794.8137411371604,1188.2889190289898,1310.1095526991369,1495.8600413162462,1257.3067632692387,1349.7459889749666,1235.6496179050016,530.3219411189049,623.5542875686727,1258.2384502940477,1274.57662397537,595.889502224046,3006.946016851577,2275.3694731354035,3050.897151983394,2402.993475939549,2340.646289155571,1954.9288941177088,2973.3525006019354,2347.6014326822797,2601.0065015043456,2445.2616017390656,2555.1567738179965,2904.7964981267737,2584.825283350475,3332.95822163744,2989.783901479697,2560.114791979513,2731.0634880112543,2420.697526590427,3077.572068275276,2647.6892815555148,3353.40235117312,3168.2670849399233,2957.0416843118683,2856.8107361245306,3431.34077469311,3172.457871447499,2471.880823314119,2940.9976288607477,2930.184226784529,3071.94213901317,3537.0480392668806,3482.9642971869516,2040.1392182971945,2605.54060736841,2639.8161995091164,3285.69912984155,2705.1344677049624,2329.1334954755234,2742.3013916439477,3126.422033030125,2921.0976476387996,3236.4575726856046,2637.635663875759,3364.6547409441764,2842.4466687050126,2383.5643779466527,2232.165100410902,2503.969232232399,2989.9154159991826,2652.9802207740845
112.80285548950641,1307.9786990851528,1535.8277323725729,1296.6453877239962,1307.2920396366872,98.04136642340161,821.093424570299,1490.4147633878658,1490.4684537617927,562.0332944330611,1157.0703038760912,1217.3045523740936,0.0,793.2315312050264,967.1574546825491,1378.2942199064373,1198.4458916440205,1693.3763808696667,879.872751309759,1222.9657272957177,1718.504870569332,1189.42286431429,583.7835129140011,1231.412876886252,449.078377681504,1236.4717323020907,482.2884402974505,1255.0054942073975,1278.4690998897313,523.8099466449894,495.36361602521447,359.69370394063486,1259.2051902377975,1154.5153108408356,1233.09977445068,665.5926415413128,1339.0117608505507,1681.9952298923365,444.05713871876924,760.9555082881923,1169.4966549870423,429.5863415676709,777.531579775281,1056.5047631057969,183.95159561430643,696.4541871538283,1349.9486172423424,1206.509867892585,202.72410337698824,633.6317951765453,1944.2027739365953,3110.1779927035686,2855.834346225962,3545.371159103022,3540.055720128776,2919.240816972661,3509.149042559985,2300.9118104042877,3072.4887032095935,3530.2773030582025,3765.4825676529013,3798.113509221922,3616.903299934588,2450.661624981247,2026.026700118532,3745.3651265643975,1705.566358898224,3616.708916947217,3862.781240272586,1913.8312471054162,3042.5810355602557,2016.3024219186536,3580.302769637766,2843.5271984054434,2308.1298844159846,2164.994031708242,2525.9879474402624,2563.8045939659546,2322.728083099534,3106.7824594144645,2964.4565124372775,2480.442918890603,3226.3336717777843,3800.804330296348,3065.8525622634334,2078.286669528443,2992.825171523034,2984.1479301518407,1880.5910000485849,1953.9852735681598,3040.013645887852,2035.7895639394887,2277.8543719511863,2158.9336858278425,2297.296972115685,2393.8337704503433,2454.232412312068,3371.6647953544925,3781.4889645635644,2051.9791639481405
70.34084762287888,1106.3869267804096,1393.4829229447098,1194.6479032072057,1018.0587964146739,890.5923680792323,38.25600451123144,703.9634346232607,1497.5457089512408,385.8519563032617,786.1427536694014,1040.909233499641,793.2315312050264,0.0,891.0079745230133,594.2291871744175,407.2737043657468,1244.965685598425,94.30036798468241,1210.9708970569525,1027.214501653574,470.7491551516515,1066.9166361733974,1506.3313870141783,860.9688029535704,839.811390976631,1072.79457506085,562.2404430852476,646.1434624776521,584.90149523584,649.9009540936582,640.0830476692239,1224.4878464311273,937.6757453410951,442.0070769152058,1305.1055665208096,1360.3786263690972,1220.0788158927166,561.4875772622573,160.8959060933575,403.6002477316498,726.9383947422361,228.0363276835585,351.142658492693,956.0024171485807,794.3895414649584,776.9169234531228,420.9605657463289,985.9113416615222,785.4315690379434,2700.2950324797903,3285.456834237156,2199.7556552395095,2996.3780580008256,3088.9766475151528,2990.373605448618,2717.620779606941,2914.751568923039,2279.680684488616,3480.181931323253,3346.114461303056,3075.3392251518826,3625.447682860735,2296.553287086387,2809.3911431924507,3256.4856757986017,2479.0637039035983,3381.1287950637857,3104.8845039402286,2700.83447668693,2446.348569802736,2271.0465093145267,2795.671294277828,3459.377516893802,3021.6412517753224,2169.7863251451054,3107.198654446459,1995.0627652888538,3096.926194090989,2371.942764102374,2531.593121660929,2473.225668585742,3021.8754295527297,3564.6673110231754,2272.6671762954,2496.7709511118983,2207.1359554282258,3277.4654201810076,2673.74168268929,2260.000166419321,2282.7226043347478,2426.3189584308693,2995.474732475475,2753.8249291699562,3059.926733228529,2988.5566264328213,2960.7988320935433,2647.301446224181,3026.2074777660873,2821.503822541311
57.01200329157241,344.0089763306185,577.4774306526037,342.16617392612574,380.7415406383857,1009.4973340133669,876.1384443867414,1221.148023495816,612.6886659950168,1089.3868700668913,368.86989364459936,252.97944827565286,967.1574546825491,891.0079745230133,0.0,1128.5357212318258,1136.811754576705,811.7073785095423,959.7310072639434,321.97890382218475,1123.7135788209437,847.2387861071527,647.3740995330779,686.9088926358891,580.5363666549721,429.97279133325793,773.4020415755624,1421.2967767821601,744.1524557715315,1229.5422767022342,475.6093296917232,612.3930901474295,341.1719548056555,218.43121740380013,1080.944050242204,933.9846362105019,470.40821699729497,812.562229403388,555.3560045435256,1023.327401286219,1214.7191802498362,1264.0082910979627,1090.3821538640307,1225.9819324524387,982.7108682847697,277.3629977324838,696.281260607655,1178.0157697282455,1021.6799081067343,342.942408631105,2763.6888535187963,2394.507862349952,3003.560711010151,2645.8398090232386,2592.9288146341933,2109.915031622848,3083.400651282165,2252.662390446546,2691.999603814978,2642.781580142999,2808.135012700706,3095.2541593921187,2765.861085098059,3153.9484420524104,2757.155028420935,2810.654216976819,2490.587208443527,2658.7222862181097,3244.7447552597323,2441.626711243666,3286.1613226026593,2936.210883816726,3086.701679693955,2777.9867315053807,3183.1271589801877,2968.808610996716,2400.365892499972,2855.2222830618603,2745.639877449207,3073.0542620198285,3419.403402195521,3281.741375257414,2273.533572234102,2843.366502524555,2720.9871782185237,3040.2243221800313,2756.1098139812507,2398.7131989781346,2520.4178261278016,2889.8202558194275,2938.194336989347,2992.994578676044,2489.693841598118,3111.7474468378127,2666.636824278737,2301.054050887481,2192.2590088995685,2685.960417103078,3157.951159355721,2466.1086210305184
115.05468755887841,1174.3896339934622,1438.715221510032,1316.4945561001964,1038.913767833852,1474.0383708343652,561.7382444076,112.99778341214301,1635.7073769889303,952.9908814747027,830.5035127454422,1150.1047904007737,1378.2942199064373,594.2291871744175,1128.5357212318258,0.0,255.60101340434835,1040.0894068965863,523.0121577102462,1393.5658259876363,553.9286485966164,281.3224349153943,1540.8804993162578,1814.677855678065,1350.7219680473715,830.2136815449052,1584.2490394822858,564.9706955535062,444.09113129187347,1144.1130250151245,1119.0507549158576,1161.003731380507,1387.9651803008078,1051.3827850403443,162.25447257042396,1813.2078230165816,1533.4318142256484,1006.2483831447526,1062.7709268821486,690.2767812058726,380.50793187326565,1302.9688253474228,722.4983101187294,533.0183461588529,1530.2241185971461,1173.8057089757544,583.2314449160467,289.8947879805804,1563.0791417325343,1194.8395877010532,3294.3506558710883,3402.352908095014,1901.823815765468,2555.4786028075555,2726.303474932094,3043.3858298128907,2132.8372798093615,3345.822939765755,1700.538718120447,3422.8511085278333,3002.17597106239,2502.5820963583,3607.693073576111,2486.1828667394648,3401.239233306015,2858.540153962986,3072.747766016396,3183.28494408201,2514.5328020287834,3267.4069803516863,2213.8321498710084,2704.033648971353,2203.059919649107,3881.917662078863,3609.64168406308,2473.5061640108293,3511.934095762401,1824.9165823100209,3647.1440625692203,1944.8597108322301,2471.9043609525324,2751.702433215052,2862.267409364281,3360.635412659782,1702.2899535139175,2994.210569306695,1673.8390830557207,3478.866145465514,3256.1820419400156,2717.0013403474272,1816.207598740675,2914.1528642784924,3498.4617277904495,3311.3164670876786,3599.131806150066,3405.076157736878,3318.6634713903018,2075.7792948602378,2436.9398627643563,3368.505358740488
108.95549104800779,1254.3653383782653,1534.6835292249043,1379.096116645589,1132.493061977148,1296.1752742548103,384.50658245902054,340.805396652359,1698.436478069104,724.4479740258064,903.3577854522528,1212.6905718610726,1198.4458916440205,407.2737043657468,1136.811754576705,255.60101340434835,0.0,1217.5367054606418,318.58439678339147,1433.071609811535,799.5868714441567,362.2020369511971,1445.277567922974,1806.2494771030601,1243.9656173966612,925.014698827778,1466.329358249936,348.0089492203603,580.6215663539532,907.8889387747183,1019.6769348830835,1033.2547431499481,1435.3040821899554,1108.2241710170595,109.96221160924394,1698.6889623343839,1579.9161056234702,1185.8025961796677,944.7847997257282,463.75299267630834,133.08746545687373,1072.8001648171478,484.2801819817972,277.72444930530787,1363.1847781432914,1120.2131931822832,733.2703135514475,48.64693414126996,1392.7884587790452,1127.46470563024,3081.8379202256383,3487.547263951919,1869.3164129564361,2805.44242186051,2962.57078220698,3152.168579112083,2319.7101252587063,3282.9262018976647,1878.8627321074805,3573.3220213803693,3234.95562417078,2748.5187726099666,3744.824069001786,2270.920136883012,3204.904565344455,3102.0100328485514,2869.7772128605234,3378.2050186890924,2745.6990424544447,3108.0489947734864,2150.24409739432,2449.49328802969,2408.3127395419588,3824.86532972487,3382.1027366634416,2234.0112243122526,3464.116680741692,1728.6884424342707,3503.419172023759,1989.6431556512716,2335.4218879638343,2517.798363245242,3044.3899371185216,3557.8852560595296,1868.4562583596853,2739.237805730577,1800.2061782724313,3529.039631377659,3077.7638295184024,2461.537109425559,1888.0638065675419,2658.802446848081,3391.033584332842,3065.5958245216625,3464.7540948796886,3350.5184118012944,3295.0909038394557,2322.8170549467222,2669.92519708065,3227.5065299748785
130.81546652132477,527.6401251842657,608.8745767276093,670.3580879070618,433.0906926424057,1757.0895211982338,1210.5213959794407,1064.9847381725915,887.0424664354715,1594.3818126820413,536.7598313538987,595.2277619709623,1693.3763808696667,1244.965685598425,811.7073785095423,1040.0894068965863,1217.5367054606418,0.0,1255.3418049292625,812.2821631899288,637.7515464346037,861.8399793003897,1459.0803938163642,1306.4151570211511,1375.0682172133543,458.16069771190814,1582.7722727508644,1565.543859766778,640.6749760665599,1781.7123265994428,1211.534150745194,1338.987831816093,776.2144013168505,593.4069628792338,1112.7801970717678,1743.952537193447,875.5177653959411,35.29069049552287,1249.3197364868206,1405.6579922704018,1345.5585011073886,1876.4750676827744,1471.047954299352,1447.4345933912045,1752.1951701324476,1069.2659430026301,488.612777746967,1265.7947540267014,1792.0652361370412,1131.8944987228258,3566.7172054293405,2465.5886373150356,2862.4219952251515,1854.344389899297,1866.2747963914023,2064.066903879547,2472.156366839268,2886.380940461958,2137.332630144428,2387.865261837499,2111.6832557652724,2313.392167967823,2583.0276405481845,3482.1986902744275,3568.470653998843,2057.557071759171,3297.4577261014997,2162.6974660246674,2502.3541909763567,3242.185227838804,3204.4919455701174,3507.894880321998,2426.772957087863,3374.318911677847,3973.879340141042,3403.856240542116,2985.1062548316963,2847.4294950382523,3523.9167765766088,2774.909381571579,3509.9533699027315,3700.9525703609625,1827.387946973165,2343.537787231163,2193.019295299483,3693.4872396761075,2314.2518191117247,2628.0077735181208,3330.7148296751943,3487.503766911505,2593.806624406897,3632.391191381702,3216.3447056298146,3849.5034328956162,3433.865255543608,2909.6099033419555,2711.2451626910192,1918.3079107651222,2414.1914198197924,3247.289023110316
80.14907909914376,1155.3535576601612,1443.043394962427,1252.3726351566836,1058.5043025163316,977.6292158792144,87.98721951191025,629.5681656806823,1560.3757064788815,433.4962471624952,823.696094027107,1094.6000749689194,879.872751309759,94.30036798468241,959.7310072639434,523.0121577102462,318.58439678339147,1255.3418049292625,0.0,1276.8734451184587,988.6341334530492,440.13828091391326,1160.3755718345808,1588.6111436761869,954.7057308196488,870.8005110518013,1167.0949257640827,475.0819449645031,635.8796695812058,629.3541089234357,741.7507411969667,734.3409652685073,1288.0767019357509,990.0026321079358,365.0449801328473,1399.4035017744213,1426.4972556211162,1228.6303008232817,654.9188159420343,175.961012941068,309.3373700875571,782.2817811735916,227.40063229246357,268.36231240187215,1045.6546948340813,879.1294153001235,776.0386630324622,328.8888302390799,1074.759231337029,873.1496736835594,2773.800899248711,3351.861026186997,2108.84194212509,2974.998041666001,3083.4383073526797,3048.497200649131,2635.400566916329,3007.7988419480635,2195.8713742882896,3524.6425088444275,3344.559746255258,3017.904181695292,3675.5472847866763,2256.5487862113177,2889.596843041159,3244.418664793381,2556.747771096135,3404.5476965312473,3037.4886055704405,2790.4122693905992,2359.50704426685,2279.5316307059275,2718.123943197848,3552.237921542408,3086.771787167915,2149.442568643312,3199.122942338287,1911.5931569002078,3188.6227962261737,2277.6552344640027,2459.6785905527995,2449.131773640536,3050.451495333875,3587.4420601627935,2186.7474605796556,2523.4436090292365,2116.3446107939753,3353.1327041682557,2759.3270293869623,2274.706525264199,2188.724946072215,2450.010549187912,3089.6661564728156,2801.922106006287,3152.61099059231,3081.0048881007024,3049.8238021340326,2590.1802453020573,2959.7139369518804,2913.5958225857585
102.656887089258,292.3023979593335,340.2203648240115,143.2608477825478,426.69932309655024,1248.1540727868426,1194.698375531527,1475.726943709277,291.680724656421,1406.0548398166538,569.4464915620189,261.67064725034214,1222.9657272957177,1210.9708970569525,321.97890382218475,1393.5658259876363,1433.071609811535,812.2821631899288,1276.8734451184587,0.0,1282.0309541250597,1116.602665699401,776.9799757989392,499.0486480564614,790.8229870309838,594.0117532480716,923.0848989372581,1731.7581425759336,972.7360171775732,1537.763639037915,756.5126301871434,887.4710326558934,43.95257154803651,345.9304103526796,1367.148152045549,1020.305123499185,149.62433250735958,826.7176220690121,849.8915429013335,1345.1588123420152,1520.038178119028,1558.3676107329977,1412.3196420531108,1541.1476220078414,1201.896092795865,535.5821333039434,883.9484538625613,1476.5454855149449,1238.1632620074622,593.3216142564945,2894.0754819321396,2075.076058038896,3288.656023069979,2542.6701218078515,2430.2450319910577,1788.4698070314862,3230.5639531046895,2092.756621291247,2861.400951628688,2334.2141534217594,2623.7282033823317,3123.582314988882,2449.460477054111,3474.3648199879613,2848.8330661808777,2664.745225056133,2610.871974104971,2397.2898870688705,3312.7493031295253,2464.804104278764,3582.250140027326,3223.9074894839378,3209.1689163822202,2597.955091747142,3336.559643566689,3281.2981182346675,2212.2025435348605,3159.594389290763,2722.8319605697825,3325.74091336876,3735.3054224391144,3595.167657292175,2004.6077883757446,2580.810366172171,2901.024935899864,3300.1201462743534,2966.3467209028545,2096.1087571106764,2581.987319738176,3170.4431410588804,3178.2226638380534,3258.7427987164983,2404.0669489387355,3323.5384701120684,2627.7324130210513,2125.8139935695003,1970.497639817587,2730.582420785464,3224.729712147526,2448.8627877943313
138.94366952172666,1000.6828381077578,1192.8432565484288,1162.3143727052195,857.8783702714933,1804.7307089336907,989.1302359962717,522.514424077973,1448.0228502507905,1412.8777063890009,755.0788262809828,1021.1554541520334,1718.504870569332,1027.214501653574,1123.7135788209437,553.9286485966164,799.5868714441567,637.7515464346037,988.6341334530492,1282.0309541250597,0.0,557.050432147064,1700.586032541131,1770.0993950928848,1549.3936022157554,702.4430341365953,1786.264792451594,1117.8943693319288,444.5096158567316,1611.7752044327208,1329.7241294957857,1419.5185439563643,1259.531031347695,954.4949713025965,692.1188969753026,1993.916403857017,1391.3556893877092,603.1263017011993,1315.2914165619977,1164.360682176744,930.3550827902827,1751.4913319024813,1213.1620013934407,1074.5522260386983,1835.7062883832627,1288.5901479734125,429.860191525513,839.5954790571041,1873.4351860179077,1333.9000021484894,3662.5140509411576,3102.365012110129,2234.510379671334,2006.391298954786,2174.135324768378,2701.169798330083,1960.8102622158838,3362.8839172680837,1580.0731489380519,2994.398551552899,2452.005485577982,2079.649829385685,3202.5035714966134,3030.7613731901847,3726.263072862418,2304.6898258658157,3418.4913902784697,2679.5692303570595,2165.2809522963003,3504.2156273210367,2585.2330107813254,3243.520000786319,1965.259258776738,3876.9270717867894,4017.289075047107,3027.4347251830823,3492.7242197316887,2252.260913788413,3841.715951314585,2138.2593171709314,2938.9348307753244,3304.852835636189,2381.8913615686806,2852.510270206972,1619.1848547779573,3510.1518195242397,1702.1507222428254,3250.154270755609,3538.6456498904367,3249.3989448398756,1961.0578027924903,3434.707708409251,3611.966085113205,3779.8335286048296,3772.641474412317,3402.6454059221714,3250.354366971155,1653.5843356337862,2081.1710328628305,3560.869810223785
