0.0,91.01277865753958,181.67862134829906,272.6863820108002,363.63519746854087,454.6123615983046,545.4629553816143,636.3045877909848,727.3844996223364,818.218480146018,90.84844715095602,128.64816172674404,203.32723193213474,287.5112672478283,374.9082102826034,463.45935365864096,553.0132559317976,642.8007347498212,733.0847835703731,823.2515826471005,181.72664069495195,203.31083619541525,257.0829801756122,327.90440601838253,406.6664597228259,489.5939675907217,574.8535265106001,661.8822624553078,749.743110196983,838.0853462867068,272.69206491594747,287.30959659712386,327.55549894598954,385.7187209978379,454.5635687331028,529.8177793497457,609.9975533882733,692.4198674447263,776.7105472777247,862.2829189156431,363.49468438194265,374.65890822848394,406.52816959702,454.5569161481487,514.1275209133345,581.9366332125537,655.4529510682416,732.7503252377102,813.1628320445759,895.3921931921874,454.5023271959521,463.4554763473843,489.67929805088295,530.189250015386,582.0814865904022,642.7563192365074,710.0478954464364,782.0554689151838,857.689570859335,936.0545765261072,545.4909380503083,552.8980955329565,574.8958718213829,609.801248591294,655.5509285340593,710.0041775464427,771.4224049322587,838.1206707789555,909.0935816688733,983.4614199502099,636.5105396633849,642.8234808951777,661.8413232761815,692.406764489749,732.8803039633549,782.1055193766633,838.1230185405366,899.7654782067693,966.4901579614966,1036.661591160489,727.2831311702284,732.8746331557815,749.5258251529139,776.625427623923,813.2245771865876,857.621606117537,909.0414501400802,966.4783688909018,1028.5586001427248,1094.7758281242243,818.1299259855098,823.1886503907664,837.9598520859552,862.2368932195324,895.2555228997843,935.9765461861856,983.2855962778782,1036.3194706823417,1094.677518760842,1157.1981014480732
91.01277865753958,0.0,90.66587763111195,181.6736154223467,272.62242252516677,363.599590972782,454.45019685506537,545.2918146681786,636.3717443303937,727.2057112066947,128.66141299504352,90.91554781056665,128.5556255699695,203.22009671355127,287.4806255752447,374.6536908884327,463.48480042029934,552.8589707157586,642.8772829874408,732.8705488120221,203.30428855656007,181.79140945847485,203.2282536747749,257.2353021089392,327.83631249660357,406.51610859267373,489.3730593383747,574.9242105550592,661.8258537120115,749.5118565927479,287.50934467270577,272.63898125291433,287.2626377402325,327.75718710944096,385.67877925817413,454.2092759099441,530.171312845435,609.8379604807287,692.2538967240013,776.4913238508016,374.75131742493187,363.5213302546768,374.80499447477274,406.55802205616106,454.39847067750435,514.0411596538407,581.9373467099664,655.314832697861,732.9107260964612,813.0734546767331,463.57626860393475,454.5102529818578,463.7048052205044,489.6427389166938,530.0640026709965,581.9903656585375,642.800357109755,709.9984618440162,782.0220331681727,857.6526174998121,553.0385429140513,545.4122169154597,552.9235742678406,574.919759950268,609.8408430807783,655.5138537660417,710.0246762552613,771.3250908340589,838.0867717050157,909.1610078853796,643.0346719821163,636.3900813770658,642.854439848453,661.8942176804512,692.2749648748662,733.0049931598376,781.9979288481944,837.9035784288633,900.0219689891004,966.467133469542,732.9821607844492,727.2503621872738,732.8377498847775,749.5788520989137,776.8347598586621,813.0689276114073,857.5699944016857,909.1603858167845,966.3757777514513,1028.568170400445,823.222213273233,818.1814623737386,823.0352300858682,837.9611658472098,862.3452348198896,895.3549826541048,935.9160292669661,983.0992532842326,1036.4763196324639,1094.7687393488015
181.67862134829906,90.66587763111195,0.0,91.00805469355386,181.95671238564105,272.9338899666258,363.7845387957412,454.6260792279608,545.7060795297945,636.5399886809728,203.2607112130511,128.4718084168173,91.09473840968518,128.77998047393817,203.58630685237517,287.59782738058857,375.0361712779184,463.6979966277628,553.2945319648945,643.0272874437842,257.14187755024557,203.23746640141235,181.98695252514614,203.68936530395982,257.5061911393985,328.0323863949075,406.66350299009207,489.80667084815434,575.2376185066058,661.9653500806251,327.8170560411182,287.5446264711972,272.7175213752107,287.6832929063659,328.05838549241264,385.6452771595443,454.91389224853253,530.3799115981723,610.0476279345321,692.3981405860071,406.53516384403446,374.8484667956539,363.7866896809905,375.0577299130378,406.697972933356,454.60302611131,514.3775280505805,582.1646574804452,655.8272715535763,733.1710238945732,489.66934261232416,463.6526111200475,454.8925405634091,463.8225355048948,489.80783954728673,530.2338300129146,582.3553461810562,643.0933926199618,710.3047852596679,782.3351878330917,575.0704552839596,553.063049224599,545.5574194378833,553.1366808427256,575.2216827507078,610.0568300526688,655.8346705678651,710.2416259439574,771.6187484955184,838.4998758698943,662.136617355775,642.9690540125328,636.5527170431235,643.0812828767579,661.9754706869908,692.6777483263255,733.1802191648599,782.0561969798698,838.4891796731299,900.3341176717447,749.7925358203015,733.0401631924846,727.3536293437221,733.0640250615182,749.9776981855964,776.8955850348241,813.3133281654256,857.9687273161677,909.3624776834466,966.7174040064606,838.2584614962956,823.340551644454,818.1367933751139,823.236771615622,838.2557850982975,862.6753281963672,895.5611578950056,935.9893459580725,983.5529767570508,1036.8808482562658
272.6863820108002,181.6736154223467,91.00805469355386,0.0,90.94883177051632,181.925980266182,272.7765828784495,363.6182080487017,454.6981312301558,545.5320981831469,287.47415449059906,203.09438391106184,128.49417152655943,90.82294942897127,128.70889482707926,203.2581572085059,287.53809273125876,374.84458897087404,463.73058747182563,553.059022276887,327.74210324858285,256.9125357379864,203.26324881894917,182.00409879038972,203.46206726398725,257.19182650481736,327.7114978428158,406.63424414139837,489.68258026456266,574.9538559737576,385.6270853974018,327.73712121822575,287.3107890350179,272.6788780658339,287.5577707481243,327.5203446396754,385.8499266294415,454.65338754439244,530.1366923658697,609.7324772771206,454.40436736126156,406.43948612115275,374.77786943600296,363.6491033361013,374.77985926917324,406.39731358370676,454.44957691884696,514.13878607694,582.1882270874319,655.6000138223355,530.0638146660662,489.5142827197297,463.7092199079966,454.58151281464586,463.6002815178269,489.4798268523586,530.1210890193888,582.1712483341016,642.9059447053762,710.1318177076718,609.7679590222365,574.8717525637571,552.8775838480101,545.3968688630556,553.0479486197221,574.9660534219574,609.907074310893,655.5648225598629,710.0426966622962,771.5485065960513,692.496317396561,661.78456203605,642.8121316225813,636.4050755174816,642.7477108457865,661.9611253087799,692.3925972069726,732.735379233176,782.1674527104943,838.3193624082393,776.6904430330569,749.5823965387226,732.8331648618439,727.2166630160971,733.0383447534629,749.582980642041,776.7180734971803,813.2317201790792,857.6909174122527,909.2337241137673,862.3985884311838,838.0738298289228,822.9555279453514,818.0121087531026,823.121527284427,838.163138858861,862.4495284118034,895.1560250513944,935.972070996995,983.4819947699497
363.63519746854087,272.62242252516677,181.95671238564105,90.94883177051632,0.0,90.97717909803605,181.82782849435378,272.6693927395882,363.7493671671056,454.5832942805898,374.8807110265252,287.3466757330451,203.25464890186478,128.50380355526048,91.07854852640467,128.5950225605922,203.31325632326596,287.4786486327859,374.98114352435687,463.6042226770564,406.5971794108216,327.6077739883529,257.1917467891064,203.4881420491703,182.0459047643054,203.3647216972455,257.08428811913836,327.84274937455757,406.6683345678908,489.546626743952,454.54562180419265,385.7606054262211,327.72054368096525,287.4670761016899,272.8715480324515,287.27980515011143,327.9289275068387,385.81212330876826,454.61735438019986,529.9887651339484,514.1991636044893,454.5221883252731,406.57426534601456,374.90036926082234,363.68199340949315,374.716246167456,406.4898263187881,454.46875861137124,514.361550903053,582.1379592683147,582.1597736145806,530.128485508812,489.7934284082849,463.6166561714671,454.67844641773206,463.50568149763086,489.6266006400205,530.1920417752485,582.2026529820042,642.9412805147307,655.5337603351239,609.8225921493524,574.9194332658559,552.9774467564706,545.6039095654528,553.0396367620248,575.0784156835177,609.8844393863883,655.5976038883621,710.2009619727526,733.1574211701262,692.359364283914,661.8756158835184,642.9182547417344,636.3355736846396,643.0230848495839,661.9430290142053,692.1760986044196,733.1002843812417,782.2379643141556,813.1392065713768,776.7229084930661,749.6366519360162,732.9567243901696,727.4304034743657,732.8876362480454,749.7038640130698,776.8813516663382,813.2043511447025,857.8194537514911,895.3877648124711,862.4328572186974,837.9254447095635,823.1250370328556,818.1455313795428,823.2944441194643,838.2164964861003,862.2885182997599,895.394181281458,936.1529534016358
454.6123615983046,363.599590972782,272.9338899666258,181.925980266182,90.97717909803605,0.0,90.85066684225083,181.69222841845314,272.7721905986636,363.6061203855049,463.65901792172,374.74484764546474,287.4957410283483,203.25392115205162,128.66210550033992,91.01456893008432,128.50466043628535,203.20765695475623,287.5489235141205,374.81595819975905,489.65135293144397,406.41761848334977,327.87148965148026,257.3025939185879,203.45694049412532,181.85647188600822,203.19864385190772,257.1089662781989,327.8090333644082,406.4778245399496,530.1196046170239,454.6617880788023,385.68814937070573,327.74532695185394,287.60953634623553,272.5356202623336,287.5330300500247,327.8227802468216,385.7191720589674,454.38714407134717,582.0744526040905,514.271399650535,454.56453704312986,406.6163303783748,374.88803442582235,363.50023231368624,374.70660266460413,406.44967848088936,454.5807121370311,514.2021544136436,642.9040305147834,582.1651632997913,530.3129697973169,489.5857380412339,463.67267394012816,454.4579153332097,463.55402312579065,489.6130673723908,530.11675105926,582.1396681390603,709.9901955406775,655.5444721195898,609.7826065526892,574.933864149597,553.1171859931151,545.4795825468011,553.0522727823093,574.9528393145598,609.8102970442228,655.6609817450249,782.2552560463663,732.9351041260899,692.3696721822631,661.8879937045407,642.7562127652408,636.5327082882075,642.9102129645657,661.5989546792702,692.4447345804726,733.0767518771041,857.6469871124458,813.1012896560776,776.7053214001465,749.6714371493263,733.0482854354328,727.1614908747739,732.9430642818844,749.74861987024,776.751785456275,813.2476196731138,936.0040976588814,895.3236574076067,862.1882090989162,838.0375292249433,823.1470413864563,818.2180239978279,823.261893187521,837.937410214924,862.4227491833367,895.4763632155338
545.4629553816143,454.45019685506537,363.7845387957412,272.7765828784495,181.82782849435378,90.85066684225083,0.0,90.84178676301214,181.9215485877187,272.75554880882913,553.0144217804649,463.382650289739,374.75635814126497,287.369611350126,203.2381956406782,128.63433678895598,90.71861367786896,128.4716460495554,203.33032693232107,287.49502545071834,574.9628680018078,489.3193801891975,406.5519974046849,327.80713990620745,257.15259750359024,203.19472289489994,181.69146343413115,203.16736594259405,257.117107310749,327.69852135937197,609.7656016512542,530.1119166401623,454.4537260789818,385.5359436006222,327.7862994863724,287.24365239471626,272.62328184522966,287.4332727295775,327.7772239266345,385.5211511974681,655.4222531751711,582.0141692612183,514.1585282263236,454.47792806591644,406.5307550641892,374.60032224192406,363.4170414544057,374.67270303588566,406.52344608594785,454.4095568680637,709.9890565110898,642.777281168215,582.1987321449733,529.962592578943,489.5789161293096,463.340977724035,454.43574674073346,463.51126176423395,489.5048817571795,530.0473069548576,771.2175520664454,709.8910970486643,655.3717916105452,609.6816634981493,574.9908317398643,552.8896853148603,545.4221766457897,552.8765063007952,574.8407944968452,609.8632758650391,838.236892027468,781.897465548179,732.8250836379613,692.2651021850579,661.6302523940262,642.8829511009571,636.357539134087,642.490546203858,661.8322198201419,692.4076183150297,908.9671424225323,857.4916162639975,812.9779387011131,776.6324040932268,749.6376125113594,732.6789401762211,727.1816537299462,732.9136159868004,749.5794759460241,776.7857918515557,983.2464221555591,935.802841374656,894.9578380195177,862.2258736998825,837.9483937267564,823.1331868953224,818.1301128875203,822.9114651786178,838.02435779289,862.4766944795354
636.3045877909848,545.2918146681786,454.6260792279608,363.6182080487017,272.6693927395882,181.69222841845314,90.84178676301214,0.0,91.08021845438267,181.91391056872945,642.8206961758862,552.7776568939934,463.4461927129034,374.70458838409996,287.4237735250523,203.3872645515608,128.46891410083342,90.97378271000258,128.69842995734194,203.42748797315886,661.8205007224649,574.711667555452,489.5639458344,406.59031027434173,327.82170169790544,257.1241620856695,203.33201121687767,181.8256559224746,203.40340116662713,257.22243865574603,692.2814818107033,609.8965364218692,530.0532562466385,454.44039073720364,385.7814276600742,327.723149058787,287.4608015917592,272.8217179836588,287.6837261719592,327.79930981416476,732.8370951129793,655.5240259828787,582.0623630920992,514.2691108076075,454.6474038071944,406.48582122745904,374.7703863009583,363.69438355025494,374.9617874067418,406.56007046463253,782.048342510774,710.0470965557296,642.9918594741698,582.0547349449822,530.2315846058614,489.4916804248186,463.58108937476015,454.6780807566627,463.65463899774556,489.6781091567254,838.0186689422005,771.3378524555665,709.9303247298642,655.5056663049039,610.0042317082036,575.0152048840662,553.1021618733569,545.52158603011,553.0249484419379,575.1505156264884,900.1218247205801,838.0903147547082,782.0185583594409,732.9607491319535,692.271923347642,662.0359758846724,642.9917828702532,636.1969894083619,642.9910228583522,662.0650646225872,966.3314770442183,909.0456354088395,857.6191632575487,813.1578578875836,776.834738578727,749.5288013157559,733.0094689022211,727.41014039207,733.0216950043509,749.8984762819866,1036.5363960316581,983.2677250268619,935.6805157515895,895.2815997977647,862.3889882958277,838.2053699122525,823.3393905583227,818.0483338875347,823.2703095957162,838.3515044974741
727.3844996223364,636.3717443303937,545.7060795297945,454.6981312301558,363.7493671671056,272.7721905986636,181.9215485877187,91.08021845438267,0.0,90.8341607827853,733.0681278448995,642.7567902397819,553.003271169857,463.54364217818465,374.8633862909861,287.65641644593796,203.21331850715654,128.53455787118745,90.62924964353911,128.44839473760456,749.755483454368,661.6743272798994,575.04549340923,489.6391012357975,406.61527382696426,327.7555230924125,257.135983185736,203.08537563220725,181.6392479159552,203.10901890157126,776.7379434965229,692.4697742665513,609.858094200759,529.99322613375,454.60536822195985,385.62712434483313,327.58598303408695,287.3513607641756,272.7047917772248,287.2577230826809,813.066216401849,732.9354153914871,655.5166351316396,582.0822580475649,514.3175689751639,454.39420406423426,406.3599590388045,374.72512449249336,363.5096120120689,374.5114228995389,857.6684510239396,782.053872050499,710.1516125268574,642.701619368933,582.1603053839266,529.8897825324901,489.41130379827604,463.4637943654884,454.38966659826093,463.3676514070537,908.9445327590878,838.0583274968326,771.2389822423354,709.8872552979135,655.6133035030965,609.7438820649526,574.8955635494417,552.8274276414996,545.2439133217299,552.8826684260367,966.5037608689553,899.8421225740752,838.0446732082168,781.9424615048019,732.7244370446767,692.3873093596742,661.8142562320435,642.4392394092185,636.2691674964416,642.786166983392,1028.4112435507902,966.2560436913355,908.988221426802,857.5672725316667,813.0636207409899,776.4082695092993,749.5403175668739,732.8323740229778,727.106316373048,732.9169421244657,1094.6349971493948,1036.361123111209,982.926141725355,935.7771645386002,895.143934440118,862.3198167062368,838.0707448248983,822.8630921646753,817.985618880626,823.161149713846
818.218480146018,727.2057112066947,636.5399886809728,545.5320981831469,454.5832942805898,363.6061203855049,272.75554880882913,181.91391056872945,90.8341607827853,0.0,823.300019323058,732.8150418381776,642.8032260814555,552.9372972840714,463.5464610840558,374.98438379233966,287.4350780433392,203.3289509008397,128.39540282530882,91.00212184731726,838.2117116149059,749.4770616130161,661.8987388464839,575.0219918216928,489.61480885282117,406.56718912399236,327.8732615343826,257.0573747702779,203.2465888515337,181.89102520017946,862.4406512876944,776.861246881706,692.3874756532759,609.7684589094645,530.186315625303,454.58909491902574,385.58222299569167,327.7755494496205,287.65519533818684,272.75960968822653,895.3167038791516,813.1484583867425,732.9296617755496,655.5836353164397,582.2444251711382,514.2273856280899,454.4899252292591,406.6522538721299,374.8717470743114,363.4801202579602,936.0313775362738,857.7052586023445,782.2056489715171,709.958677425996,642.9763691150852,582.0238702376138,530.0676871219721,489.63485826849825,463.55807768463995,454.53382653854663,983.2214052455026,909.0683410125165,838.061222731477,771.3400131451568,710.1904321782082,655.5878374052476,609.9141562483387,574.973599554326,552.939485138467,545.5291291129201,1036.7034718193347,966.3308544547077,899.9380147310138,838.1437966480456,781.9353138485424,733.1075153101513,692.4884909489041,661.6167736837525,642.8930600850749,636.5019638813278,1094.6470981570399,1028.4802136204173,966.3783863322767,909.1429615122379,857.6951626598354,812.9200841497242,776.7728527597008,749.7089281407804,732.934814177147,727.4466461746327,1157.1120265148227,1094.6152387294878,1036.215887840138,983.2736350426153,935.8919621896642,895.3718219858343,862.5369932208966,837.9626920811221,823.1944183175003,818.3045060258186
90.84844715095602,128.66141299504352,203.2607112130511,287.47415449059906,374.8807110265252,463.65901792172,553.0144217804649,642.8206961758862,733.0681278448995,823.300019323058,0.0,91.11377695883449,181.9290799623839,272.84433743338866,363.7478248335928,454.49401264210593,545.559799891709,636.3945772100849,727.4935933644725,818.2602322782066,90.87820065532516,128.74321937944444,203.30521559102112,287.63738064003246,374.97391369400793,463.64510690215826,552.9366304733961,642.9509471587955,733.0839772560096,823.2128848884627,181.8436491101085,203.1737791797909,256.9990024217152,327.89873563413204,406.63635026346344,489.3825616706709,575.2020206838739,661.9738377296212,749.6868216062381,838.041585906764,272.6462606577928,287.38307953140963,327.8323819837436,385.7870154394445,454.4801540220016,530.0100645154514,609.8212405055141,692.2252664169857,776.8435480478879,862.5690886565445,363.6538918641357,374.80436431690333,406.74447933243596,454.7396617428273,514.3055424220018,582.124891607097,655.6627058304733,733.0293993356099,813.2471257585055,895.5178665073137,454.64253984020013,463.53752780211283,489.57840664956757,530.1360201485043,582.1661971146584,642.8851222808112,710.1310733026866,782.0879882764789,857.7194729413886,936.1713957166604,545.6621042200544,553.0482600852208,575.0496740478409,609.9818546192354,655.590086072804,710.1692200890369,771.4409432216,838.0440569044945,909.2831137213993,983.5437401817335,636.4347120411978,642.8347726291652,661.7695149195954,692.3132143519028,733.121674290903,782.1119865824119,838.1675483665391,900.1373414806521,966.4991057096559,1036.6777578616025,727.2814928951569,732.9727027140673,749.554318242623,776.5988316265698,813.1008339181368,857.7247382268077,909.1171487984919,966.2588409718423,1028.588406267246,1094.8815120884242
128.64816172674404,90.91554781056665,128.4718084168173,203.09438391106184,287.3466757330451,374.74484764546474,463.382650289739,552.7776568939934,642.7567902397819,732.8150418381776,91.11377695883449,0.0,90.81530300385643,181.73057198461584,272.6340491182079,363.38023568414735,454.44603033444344,545.2808027584242,636.3798234615535,727.1464559795935,128.6705662786645,90.87586174489604,128.43496532605909,203.26835081210035,287.4372446190019,374.72287320686405,463.3004999268774,552.89806044238,642.7698640134311,732.7239170772234,203.33409608086646,181.72357977694958,203.01725261195207,257.07061452462045,327.6838799792864,406.1769381011571,489.6005826306819,574.9042015811655,661.6619805958582,749.3546411748271,287.4211974627557,272.6058452077802,287.429567005547,327.73272887444915,385.4794839053977,454.28155918037754,529.8764664956437,609.5298057241833,692.263023727825,776.6506269825359,374.8697668086666,363.59475678793234,374.95766027235413,406.61404791232326,454.4648699111697,514.1082177161119,582.0311472812654,655.4717264566066,732.8735231643922,813.0863258189122,463.6069887288805,454.4966960912531,463.47586874457943,489.4942828477041,530.0408023102074,582.0157422754953,642.774333421306,709.9081581446251,781.9299552970641,857.6533832581366,553.1936622994681,545.4745494234428,552.9931822680065,575.0023965901762,609.7410674416028,655.5790947506982,709.9364074272003,771.1173703044791,838.1606872184939,909.1273962217662,642.8741653527784,636.33483444767,642.7132938995645,661.7249477352844,692.4217759360829,732.8639412750614,781.9210864820406,838.1687218830597,899.9105089100001,966.3694042513021,732.9395615429812,727.2659282895622,732.7407351539546,749.4537556230775,776.6081072813198,813.0880209729437,857.5405854004616,908.8220467756018,966.289431379651,1028.5500215196048
203.32723193213474,128.5556255699695,91.09473840968518,128.49417152655943,203.25464890186478,287.4957410283483,374.75635814126497,463.4461927129034,553.003271169857,642.8032260814555,181.9290799623839,90.81530300385643,0.0,90.91530300067902,181.81874869025822,272.56493268474577,363.6307382154717,454.465503153167,545.5645296726565,636.331153773943,203.34258424688466,128.4183642953785,90.89245653723864,128.6796938255101,203.3392702627386,287.4611202387667,374.6681137169785,463.5530055294867,553.01278098583,642.7071265716978,257.1329348861643,203.26447272801576,181.62305852204142,203.25061405976453,257.12315374489475,327.4603564774479,406.67032145655503,489.58673973665685,574.8842127991101,661.614917702792,327.6902883795357,287.3814426470071,272.6921333970287,287.47814356657375,327.641025191712,385.4855449481338,454.3971737392472,529.8604689325662,609.8356047056305,692.3369503921856,406.5778940090153,374.7976582622874,363.7980308899256,374.8863681808761,406.5446330564629,454.4354411102783,514.2447414570318,582.090393887667,655.5650852042204,732.9734393022911,489.54910224784885,463.483430610276,454.4628552888347,463.49013266059944,489.5724514608653,530.0470346401775,582.1102234382843,642.7694718906455,709.9827787036113,782.1159830989947,575.1473911681846,552.9666837460825,545.4581608381925,553.0241781193606,574.8759268056742,609.9132077222931,655.5295958914098,709.7895876008471,771.4663517696696,838.2425975462816,661.831266268231,642.772980441318,636.2591194098184,642.7443293453359,661.9221056064854,692.2764847333714,732.8691624406016,782.1007754602891,838.1448694712536,900.0125476073417,749.6384439561815,732.8930387441237,727.0422039566081,732.7443272205908,749.5464020466061,776.7234215818308,813.067425894407,857.3996212815092,909.0467358622325,966.461898296987
287.5112672478283,203.22009671355127,128.77998047393817,90.82294942897127,128.50380355526048,203.25392115205162,287.369611350126,374.70458838409996,463.54364217818465,552.9372972840714,272.84433743338866,181.73057198461584,90.91530300067902,0.0,90.90365448977046,181.64973375206935,272.71546294761583,363.55024867849716,454.64925631873166,545.4159128664627,287.59326878191575,203.163722290768,128.68794970568098,91.18120027626786,128.7263456186572,203.2960333505614,287.34229828544375,374.84510659018656,463.5917908712137,552.8712442965056,327.8410399415423,257.2568393433923,203.2518438405681,181.855960047861,203.38399958319883,256.86532987236774,327.923009752932,406.6178731043482,489.5218135423086,574.771698847797,385.695368723,327.8019091069576,287.5411719625937,272.8262160769246,287.4721234908738,327.63642048854655,385.5975699078747,454.37925107726585,530.1277969822079,609.853357963182,454.65822068859717,406.64175615502126,375.0982993006966,363.7585940204757,374.9351461236205,406.5159817063767,454.59460554322163,514.3134510682358,582.1618491692517,655.6351258146433,530.1279741492168,489.5904741934497,463.54848914001906,454.57397290856983,463.67763888305376,489.60904170255543,530.1766093423,582.1158499391881,642.8387904643988,710.1608305249268,610.1119400904713,575.0255151524699,553.0660937812169,545.5821754245308,552.9723982237614,575.138397587181,609.9099180446889,655.3807741106955,710.1638112764942,771.5541693989766,692.4196550422681,661.8647382186409,642.8262116431329,636.3937973003935,643.0023923404736,661.8186294797783,692.3696538243231,733.0758144736889,782.0998957187103,838.2736745476815,776.8052233247421,749.6943642477569,732.7663070017002,727.1892381298413,732.9105695838788,749.7377569636509,776.7776846833059,812.954249131724,857.6610184655401,909.2467533044818
374.9082102826034,287.4806255752447,203.58630685237517,128.70889482707926,91.07854852640467,128.66210550033992,203.2381956406782,287.4237735250523,374.8633862909861,463.5464610840558,363.7478248335928,272.6340491182079,181.81874869025822,90.90365448977046,0.0,90.74620543561097,181.81211751284272,272.64680744942393,363.7458635545298,454.51242898912034,374.8921091023056,287.2879794293275,203.31384365580047,128.64049244348004,90.96737153149893,128.4829365270967,203.07725701590772,287.44366865137454,374.8349261646703,463.4139990434839,406.5274215090057,327.8266417155756,257.0262008693313,203.1285735202043,181.7930397124702,202.8855333395799,257.1410524173004,327.7474802425137,406.46134580082486,489.3182941734964,454.4373061318005,385.6093847233125,327.6819290388734,287.4079333641899,272.6035174465136,287.1850362943306,327.53535753982834,385.42989379053574,454.48974752776274,530.003279581787,514.2419781290803,454.49545205357117,406.6630631692255,374.7391719534496,363.59994336358847,374.60899066178695,406.44794214863293,454.47178336251676,514.1970510637512,582.070689806761,581.9665614768568,529.9575896068428,489.38159114329596,463.39016795370145,454.5254032580502,463.4295911786985,489.4967744909854,529.9549465299405,581.9769385628598,642.8396125163914,655.6680071007276,609.7217976906365,574.861619513687,552.9127266157764,545.2570408822653,552.9980743568775,574.8877973932651,609.4947114400264,655.5486757631936,710.057922708844,732.8309569163449,692.2043221783657,661.6658112299866,642.6913818716025,636.3518709587427,642.6070072915992,661.6940602702393,692.3189703067557,732.8456401363652,782.0319900659487,813.029350176234,776.5790551703186,749.2855059877519,732.6816812261671,727.0670040253527,732.8346681224498,749.548627880948,776.3968308830966,812.9808451993208,857.6431424585812
463.45935365864096,374.6536908884327,287.59782738058857,203.2581572085059,128.5950225605922,91.01456893008432,128.63433678895598,203.3872645515608,287.65641644593796,374.98438379233966,454.49401264210593,363.38023568414735,272.56493268474577,181.64973375206935,90.74620543561097,0.0,91.06597544241974,181.90060342397507,272.99966452454936,363.7662266820007,463.46641531341226,374.49268539060415,287.3890825509735,203.20304774996083,128.51838487893545,90.84216555642732,128.48939609977302,203.37620520385582,287.6399229100727,374.85818682413765,489.39877807726987,406.50934870467574,327.6164205599985,256.90163986417895,203.24513107498436,181.52111668667567,203.32971097031592,257.21727616682773,327.84240713914824,406.4743388703428,529.8738903512703,454.3835251523968,385.52421599681776,327.6569231072352,287.40254070655595,272.4857970139037,287.3074990371804,327.6473010612694,385.7666660911833,454.5810233345161,581.992462469074,514.1429580501506,454.5854425076249,406.4039244144492,374.81671182363414,363.443527720934,374.77312523211015,406.58427789326544,454.5913391845408,514.3464234237009,642.5832681197666,581.9093654304123,529.8559592812179,489.37495915087237,463.55450753623614,454.46517531866374,463.548494408586,489.5145019233414,530.056616255199,582.2312301800808,710.0578676502314,655.3726083714006,609.6921379854351,574.86390925087,552.7784330153409,545.5182891633054,552.9837604576077,574.6836683918829,609.9196062416981,655.7009347506325,781.852978660266,732.7440810131577,692.164328552509,661.7020965762407,642.8112884412685,636.1471448805189,642.752238737679,661.86686923005,692.3370298026489,733.0479475826771,857.4978756054431,812.9160950744811,776.3142307060054,749.4143833061767,732.7378971912096,727.2036238389394,732.8913905017811,749.3897833313779,776.670817997459,813.2200181130163
553.0132559317976,463.48480042029934,375.0361712779184,287.53809273125876,203.31325632326596,128.50466043628535,90.71861367786896,128.46891410083342,203.21331850715654,287.4350780433392,545.559799891709,454.44603033444344,363.6307382154717,272.71546294761583,181.81211751284272,91.06597544241974,0.0,90.83482073669816,181.93379347280813,272.7004853572434,553.0860308385952,463.4036096504486,374.9376717033881,287.5870174830311,203.40225198662225,128.65524799229786,90.97295451069505,128.60430979624164,203.35509314425295,287.4158509489735,575.0055878436774,489.7397390656262,406.6448326020097,327.7727182350212,257.3125158336938,203.27434732211475,181.90467020732265,203.39592392797948,257.21458591615743,327.66016580086995,609.853010430375,530.1673330084276,454.6069544045299,385.800202832586,327.95845973172334,287.4587916630693,272.6984498229257,287.4786780930148,327.88314246728544,385.69749424121153,655.6787774524513,582.229135226928,514.5229496337331,454.5914990478116,406.77618044823583,374.81848346065294,363.71714174645916,374.96559415670026,406.65961905223224,454.6472580706253,709.9985743033967,642.8689520688547,582.100248485596,530.1202983603146,489.7923455691048,463.6553955330327,454.70357747039145,463.62328138658836,489.6065941749541,530.2615046486743,771.6529179357292,710.0647774017136,655.6303713656621,609.9463049175386,574.9561354884064,553.2335767218366,545.6389506627492,552.8257648825744,575.1340644533415,610.05450864864,838.18784529337,782.0708301761999,732.9918506790771,692.4484314748117,662.0034178777861,642.7626891026787,636.4630589712116,642.9892118062766,661.9255699711551,692.5558611592953,909.1909308034035,857.6546958737537,812.9095888065004,776.7153423378046,749.6601838586004,733.0434232167137,727.4115217268811,732.8102804542468,749.7146198652549,776.9288893078734
642.8007347498212,552.8589707157586,463.6979966277628,374.84458897087404,287.4786486327859,203.20765695475623,128.4716460495554,90.97378271000258,128.53455787118745,203.3289509008397,636.3945772100849,545.2808027584242,454.465503153167,363.55024867849716,272.64680744942393,181.90060342397507,90.83482073669816,0.0,91.0990740388064,181.86567045401762,642.8459534135131,552.7448554335759,463.56416444763374,374.8209471118321,287.4711029902152,203.238244880639,128.60146754626163,90.85188356249387,128.64546339649053,203.27016913948347,661.7758316061213,575.0458324199128,489.55809364197336,406.4395102653856,327.83285141198695,257.0925873163511,203.1829353299745,181.8479358180393,203.39495713378886,257.0495406536271,692.2589802507765,609.8195081656247,530.0353310888087,454.53043493525365,385.7831098093377,327.67979493930756,287.372126915515,272.7206387988432,287.5451133572523,327.72970640586686,732.9483515521628,655.5758936213954,582.2395586469061,514.1672681092003,454.6573323669108,406.4429731485973,374.8021963346116,363.7043029547825,374.86806786810837,406.61200338452426,781.8783777538462,709.9546131795311,642.7045836903951,582.0174513156193,530.2162343072388,489.5662425607734,463.6124540009863,454.54780926597704,463.5259776418907,489.6839938129972,838.28218881751,771.3077456870384,709.9751890851298,655.5374688125082,609.7180399122444,575.1150878704593,553.0890373758205,545.2232131917916,553.0780841580223,575.1262170633187,899.8768743010456,838.0646927977181,781.9855335078136,732.939754073276,692.3968530048223,661.6414816412413,642.8426728273223,636.4363599344449,642.8461113865064,661.997421979244,966.3644366094804,908.9879999205082,857.304490963899,813.0092951589781,776.6276886883195,749.6644365310927,732.9964045782204,727.0745597286932,732.9181792710838,749.7964627150222
733.0847835703731,642.8772829874408,553.2945319648945,463.73058747182563,374.98114352435687,287.5489235141205,203.33032693232107,128.69842995734194,90.62924964353911,128.39540282530882,727.4935933644725,636.3798234615535,545.5645296726565,454.64925631873166,363.7458635545298,272.99966452454936,181.93379347280813,91.0990740388064,0.0,90.7668514688183,733.1567979843858,642.7938093783231,553.2001008315757,463.737347654115,375.01449519639004,287.64627208912054,203.5524208043091,128.66197654036642,91.0100448443399,128.5244653076014,749.8127598371167,662.1317991921193,575.1819237883975,489.65612754093354,406.82062711430757,328.0070949132494,257.18682195433985,203.43851506862546,182.07565523472883,203.25251375423176,776.8624537063815,692.5498082073484,610.001921683443,530.2838288194446,454.86195946178265,385.83200450489727,327.8776887653481,287.68721493907776,272.88040427062924,287.4186573961255,813.3497861814052,733.1757370069457,655.897778558894,582.2063874221644,514.5809698696752,454.6301337677123,406.69505316066585,375.03614806184373,363.76044748275257,374.9079944845608,857.6889807211106,782.1786212588958,710.114332499475,642.9446124505444,582.4351886248546,530.2777921296554,489.78597039682984,463.68678541831116,454.61469460676057,463.7154300613325,909.4403197206419,838.2642554212939,771.5426126981396,710.194242433505,655.6227118701592,610.1663520485563,575.2396966136976,552.8831365573628,545.6399404818328,553.2063074422595,966.5032545124341,900.0848127756734,838.3079940260632,782.2423720368564,733.1553599117618,692.3043609017624,662.0050154557995,643.009882775304,636.4770915874451,643.0753650977229,1028.7166267093157,966.4700021212777,908.9495411550251,857.7312857545,813.1937748160121,776.8952603525443,749.8782276642299,732.8664021472872,727.3563968235693,733.1467750570412
823.2515826471005,732.8705488120221,643.0272874437842,553.059022276887,463.6042226770564,374.81595819975905,287.49502545071834,203.42748797315886,128.44839473760456,91.00212184731726,818.2602322782066,727.1464559795935,636.331153773943,545.4159128664627,454.51242898912034,363.7662266820007,272.7004853572434,181.86567045401762,90.7668514688183,0.0,823.2773173742311,732.7347136234521,642.8751708496584,552.9862469833876,463.543352803084,374.801042484181,287.55879767244835,203.1638191010754,128.4453474972233,90.88892332650107,838.1136272740478,749.7753374365815,661.8652487075165,574.8546611255773,489.6086737375167,406.60326196991974,327.58643412762024,257.04509703651985,203.3721584311324,181.75751634916372,862.3781728899945,776.7361778157532,692.2977057739869,609.8141005131727,530.1884680100034,454.47641689573317,385.58455442676694,327.81428983332233,287.43117499641215,272.4780057321129,895.374265038185,813.1461212160851,733.0445028267135,655.4193950885532,582.1925015599255,514.1168234188925,454.4450689731082,406.54523553903573,374.7444317442647,363.5317094039753,935.7907698891188,857.5599137240011,781.8911660242334,709.908365464705,642.9238892657994,582.0596236593603,530.0791713506661,489.48694619692554,463.4150553274015,454.5270109203138,983.4470784907232,908.9778437110176,838.0537458849586,771.3142142470975,709.85207419566,655.6466784409203,609.9002689954328,574.6618807738804,552.9520267507755,545.499843778467,1036.4098346455748,966.2711796524118,899.8925914553112,838.1249415762735,782.0028636636671,732.6460155946097,692.3031981163846,661.7868413272182,642.7325665828513,636.4445243636819,1094.653740172923,1028.3681825247081,965.9916970632877,908.9633536399896,857.4792775508722,813.0492844517468,776.7397973141141,749.3886028694217,732.816717727532,727.3023851121199
181.72664069495195,203.30428855656007,257.14187755024557,327.74210324858285,406.5971794108216,489.65135293144397,574.9628680018078,661.8205007224649,749.755483454368,838.2117116149059,90.87820065532516,128.6705662786645,203.34258424688466,287.59326878191575,374.8921091023056,463.46641531341226,553.0860308385952,642.8459534135131,733.1567979843858,823.2773173742311,0.0,91.16986541757929,181.83165511874617,272.8156016826404,363.7349961529545,454.6338859193374,545.4105655275574,636.4949968764115,727.4217667015886,818.1659689105561,90.9654674867779,128.47022868586524,203.1929164717518,287.6281491494888,374.8902369564889,463.3993740274785,553.2302398936487,642.9698302582254,732.9453623755776,823.1123010232357,181.76806495976547,203.21315737324127,257.2169252151704,327.8865147757552,406.4928099525792,489.51092078525403,574.9660171995425,661.7098829367044,749.773369309002,838.2938314178407,272.77569121580603,287.4839904593188,327.9763257420688,385.92559516453497,454.59343760412924,530.1391486616392,609.9625622117547,692.4444938721923,776.8700420363716,862.6202929321666,363.76435812243795,374.8516421097223,406.61468208135136,454.62987824847187,514.3308261411394,582.18179120855,655.6748570256437,733.0058044362265,813.2192375144225,895.5665378753358,454.78390357156496,463.65211259682394,489.6852373981604,530.2647131977001,582.1735281739437,642.9814858726126,710.0819836046776,781.9673229200108,857.8427546265115,936.1869121723122,545.5565155447102,553.0217094207837,574.9302060480412,609.8317804183826,655.7728088231574,710.149047227643,771.4352002331024,838.3458207364182,909.2352275270523,983.493081377909,636.4032922883775,642.8982340466968,661.7681790437541,692.242952438824,732.949860143982,782.1471253573819,838.1831278642616,899.8658534861157,966.470068156907,1036.730145739258
203.31083619541525,181.79140945847485,203.23746640141235,256.9125357379864,327.6077739883529,406.41761848334977,489.3193801891975,574.711667555452,661.6743272798994,749.4770616130161,128.74321937944444,90.87586174489604,128.4183642953785,203.163722290768,287.2879794293275,374.49268539060415,463.4036096504486,552.7448554335759,642.7938093783231,732.7347136234521,91.16986541757929,0.0,90.6617906604492,181.64577239039076,272.5651411721664,363.46402064232905,454.24070166200016,545.3251343370205,636.2519026327726,726.9961037770256,128.71462466364522,90.84818348415537,128.25596335923578,203.18013531427425,287.29880774401545,374.4162412566547,463.53959325158075,552.8647091694409,642.5797026851774,732.5680005942924,203.29809676930307,181.73012133178264,203.21752176469604,257.0440025944785,327.49561847070294,406.25921973395526,489.3131800655823,574.5910697985697,661.69195328917,749.5472252882622,287.5860372239363,272.7189907179619,287.6042655051463,327.8272929622119,385.5625719332037,454.3680772922671,529.977133319501,609.7007723270345,692.2384998183596,776.6563299342281,374.9299548719364,363.6208813126496,374.7723896432887,406.490545252252,454.46405346129876,514.1420796614461,582.0115271610426,655.4010075050032,732.7974374320908,813.090681990749,463.8117246139058,454.5987146441628,463.5810315596169,489.60879117834037,529.9885254387101,582.0950516577359,642.6979347797153,709.7340903352684,782.0146844102081,857.627710936847,553.0706911714055,545.459004597615,552.8861387845776,574.8597915657599,609.9138823347926,655.4908793173914,709.8901855735818,771.3942784413374,838.0708509899144,909.0396887127624,642.8754583961185,636.390088360529,642.6598448233757,661.6362881617647,692.2279672079784,732.8991786254,781.9138810442054,837.8581069287623,899.8453370578497,966.3772027473061
