0.0,91.04045002259276,181.77792079808285,272.72624828234626,363.5331214389732,454.56094994829573,545.376321329677,636.3073905591924,727.3239576429481,818.1094879134754,90.97549214575834,128.7173944386832,203.22674008183728,287.549975318211,374.76317942230025,463.55577017781206,553.0624741711333,642.8516186272358,733.1951085686326,823.2992446091826,181.94975448281448,203.41136345957972,257.22875944891064,327.7983308757394,406.6548855977367,489.50195480200523,574.9776432152169,661.9618199301136,749.6734911572211,838.1964147948524,272.8254341216646,287.7240162539482,327.8985324781879,385.76248133774925,454.4574272124938,530.1726011418428,609.8902444156071,692.3584570471871,776.6484038321527,862.6293042569346,363.82034895604096,374.8831794816481,406.87448266981806,454.6149880234707,514.4239157763631,582.2394596218596,655.6511025700561,733.0415756185786,812.9754586168137,895.4674187536876,454.914004698779,463.7680966326596,489.6284600019641,530.1882380108945,582.072323441148,642.8657847370034,710.2264404405622,782.2418575180818,857.7338805384405,936.1720094158102,545.663173357185,553.0115489553172,575.0892586854616,609.9040075069469,655.8851753450052,710.1895030227241,771.4777729443556,838.2842823746497,909.2658293165756,983.3253106798467,636.5406907101622,643.1590693125344,661.9809007928337,692.4594199492194,733.1259916311436,782.2666440041072,838.206790789179,900.0039668437025,966.425685832676,1036.562940308873,727.5016953621694,733.0631812821413,750.0295694651434,777.0092344894775,813.3245350422003,857.8908585038218,909.2287703741773,966.616666154228,1028.5137291514034,1094.8695548034216,818.3336970851128,823.3550685594588,838.4166351026654,862.3846818059532,895.3989004377519,936.1398081619868,983.6046624619262,1036.5893304172557,1094.7693555826422,1157.1271338102415
91.04045002259276,0.0,90.73761200998361,181.6859247219656,272.4929524897769,363.5205997722569,454.3360039492247,545.2670332259365,636.283653684317,727.0691386324088,128.71354938508114,90.9398611662386,128.34595418106204,203.17348182386493,287.24022437541265,374.6760582170891,463.4735815948489,552.8529458305483,642.9362758685863,732.8677439011999,203.25501147356408,181.74793309403591,203.18495223100766,256.97076626373394,327.68885729073065,406.32915948700986,489.40091453083886,574.9263170442199,661.6803713313584,749.5506728338657,287.4240458450945,272.76186077792534,287.41285575212476,327.6576792332019,385.40031079658206,454.4229714127278,529.9495419000314,609.6675299589525,692.0861737813981,776.7433602661931,374.8767728970028,363.53891199456115,374.9426411233043,406.4495231102303,454.5065555139631,514.1970516577841,582.0067990365932,655.4726800849264,732.6082739042906,813.0474173359946,463.74471132288494,454.61609570869933,463.4126594799757,489.4561633957521,529.8658388992282,581.9424274140969,642.8295065794414,710.0475771767243,781.9323191405642,857.6515571013043,553.0044332282371,545.2903898124903,552.9270001562421,574.8328104335664,609.9532252355644,655.5239921553268,709.9006286490827,771.3366143675474,838.1163703429054,908.8875813151504,642.8565993614469,636.5234420723726,642.8015382768983,661.7504033742306,692.3582988533926,732.9711429463478,781.9026386603094,837.9856575817682,899.8106256327718,966.2161780432693,733.0164560292656,727.2456445797628,733.1272547419642,749.7431025632463,776.7372952238682,813.1821912755275,857.5699291441424,909.1268282469554,966.1683948320873,1028.5075980371955,823.214126168734,818.1451487928799,823.3125682551771,837.9030246206985,862.2999685879564,895.3405473883264,936.0541552875278,983.1948091286811,1036.4120703806277,1094.5287617623933
181.77792079808285,90.73761200998361,0.0,90.94833114775113,181.7553501472887,272.7830301183738,363.5984139346904,454.5294705048222,545.5460593498019,636.331570030679,203.384990399053,128.5877296788697,90.89571316386431,128.6345501015195,203.20994468717163,287.5122713259314,374.9339393791498,463.602865453231,553.269637725955,642.939985587769,257.03805988646843,203.20564045667103,181.82603256358533,203.29851746958929,257.21774307976926,327.7480005880531,406.5789361018755,489.7156916904329,574.9963474505737,661.909055237597,327.69152249738926,287.50368248635755,272.7547957283739,287.50956069923853,327.636245977513,385.7238869161193,454.58484621473576,530.0983276118875,609.765743704683,692.5437744023017,406.6096884975801,374.7934565458057,363.8115260278102,374.8655503015955,406.6597229696374,454.6439576370483,514.341498239086,582.1990103809022,655.4176582986195,733.0464984488825,489.73917092316805,463.67930151294837,454.4770037181302,463.54388583525713,489.48970317503364,530.0805712141688,582.2722467724902,643.0325585466132,710.0999361763843,782.229194407141,574.9727076684289,552.8385595564796,545.4840909871895,552.9571779445811,575.1823880277781,609.953637598352,655.5791452553156,710.1401581793015,771.5361686646814,838.1132489233539,661.8914849482748,643.0248356675297,636.4229454909103,642.8432405932003,661.9831014842272,692.5191173556634,732.9653435459371,782.0314449628505,838.1736965842487,899.9639708335893,749.7759321793073,732.9680961549832,727.5392788960011,733.1082569361084,749.7742793910885,776.9333816256333,813.1925062276861,857.8211706628359,909.0428287284739,966.544466440759,838.1709908442946,823.2266503898127,818.3474296702944,823.0785101146096,838.1175258160692,862.5685194269875,895.5917271826555,935.9751519941074,983.3910184269677,1036.521174325188
272.72624828234626,181.6859247219656,90.94833114775113,0.0,90.80721466517251,181.83470210738994,272.65008369915535,363.5811426489173,454.59773101142,545.383239992177,287.62904451591504,203.29256301760435,128.6135557465429,90.91711358656985,128.4330686973342,203.27208584677751,287.5411043271278,374.8430146481722,463.79687598012396,553.0554067265044,327.6831663964872,257.0334159082597,203.25458165341053,181.83359785252952,203.3234987765483,257.08824457570074,327.75219471323794,406.67697953645865,489.55688072420685,575.0025198875402,385.6005081782064,327.74411930325556,287.47951595673356,272.73781114473996,287.30005821426,327.73602618984586,385.68803327163977,454.51368178707145,529.9770624874276,609.9963154322406,454.5902607108224,406.52610600141264,374.94130502350157,363.66779666225807,374.882362839113,406.612932783979,454.5927537391435,514.3158024500095,581.9324095460781,655.6259574514733,530.2233641169221,489.6836165382936,463.4413714525846,454.50052296690376,463.4614245021143,489.5195976177569,530.2163537111741,582.2826526519971,642.8579204803086,710.183842549228,609.8077587181933,574.7810429616613,552.985687380169,545.4061517605062,553.1415142224669,575.0442304796641,609.8126817389717,655.6386034695132,710.1287138012532,771.3225540845214,692.396910444662,661.996083709262,642.864913775666,636.3518865164658,642.9676588985855,661.9702063592135,692.352663169736,732.8953667689417,782.0371204862863,838.1104857077964,776.8380225402756,749.6815852387643,733.1692017768145,727.4120176731791,733.0152467691317,749.8377325505968,776.7693076732485,813.2631857265739,857.5502436540049,909.2338689087325,862.454273211101,838.1241348293428,823.3543801504723,818.0267542578551,823.1738491926709,838.2543325570508,862.6641725828105,895.3247528367397,936.0058807615269,983.2913742711007
363.5331214389732,272.4929524897769,181.7553501472887,90.80721466517251,0.0,91.02844917371281,181.8433917974443,272.7745615163012,363.79091851277065,454.576549955333,374.9456670985564,287.46398735079106,203.3742986302279,128.65075203622382,91.03552674899339,128.81469701906957,203.5374438651842,287.67317980937935,375.2365773317709,463.77704359020413,406.47423084498223,327.7237650813015,257.2020474565552,203.49713083638247,182.09924047340704,203.55806471828222,257.34834781218586,328.12848028322895,406.76056151666637,489.79693815065997,454.5102382101253,385.7273981107579,327.91916946840576,287.7029691543912,272.8106841125557,287.6685849538516,328.0292762665461,385.9105029859897,454.6741601901076,530.4634340893476,514.4000712741994,454.66110357918114,406.80330305369023,375.09428803886,363.9211205534115,375.13981015238386,406.8790174238136,454.8627169735059,514.3522737515649,582.4082372454759,582.3332663924436,530.3678376685359,489.6330919363715,463.71149618315974,454.72882468476877,463.772261815612,489.95394238548823,530.5451305973955,582.3908822766025,643.2370633087623,655.6436887713746,609.8138029036726,575.1660941922833,553.1567342294577,545.830043411569,553.3245670076542,575.1907825041719,610.1935234647456,655.9226111018137,710.2152646271563,733.1481793054937,692.6775183845832,662.0781560280968,643.0371489301656,636.7697571587113,643.2220902005489,662.1179163726214,692.5732176192638,733.2218857482159,782.2622792718001,813.3995237876368,776.9533451913694,750.0935942145535,733.2899071400599,727.5934484376297,733.3788363218932,749.9609692018614,777.1390048508451,813.3017466705401,858.0582019313374,895.5449074643392,862.6147920235827,838.4869736690218,823.3048496043908,818.3939967673628,823.602665984325,838.6449485429831,862.6817885954437,895.677626714154,936.192109017086
454.56094994829573,363.5205997722569,272.7830301183738,181.83470210738994,91.02844917371281,0.0,90.81544586216782,181.74644062064021,272.7630823624334,363.5485410767588,463.70582636883285,374.81711439305843,287.5507340081489,203.22523641695605,128.46904543908926,90.83484039910763,128.52619972870824,203.24399345374331,287.6818340406605,374.87495287681014,489.43195721602154,406.41940789462126,327.7047294641195,257.1294984081817,203.21530826711754,181.80730147512938,203.15324939042327,257.1895061474986,327.7168741696006,406.55859703817356,529.9444823604309,454.4056786121672,385.6254016143777,327.73373171332213,287.2618815611726,272.5153164515238,287.3673304345576,327.6580871206182,385.5256473662069,454.6378054525857,582.0865477180645,514.1907651738917,454.50913198528707,406.54513743402083,374.7557837885678,363.57535903352937,374.7901912489439,406.52239737749335,454.3261176863287,514.2509057601812,642.8387125774215,582.1550296773023,529.8845788092336,489.408025203887,463.4158955657003,454.41601811961823,463.5665059279215,489.6697551598706,530.023888129109,582.1853218174825,709.8723477302565,655.270598081083,609.758735948593,574.8248398961348,552.975214311119,545.4415754693931,552.8323186576689,574.9575402362025,609.845765578224,655.4072636230649,782.0093227956501,732.9833853296547,692.299728121666,661.7166618138988,642.9018929826892,636.3987462610951,642.764854377734,661.6934346529604,692.2895559156299,732.8147801192824,857.6667262598496,813.0697549757025,776.8494935981537,749.6741222572373,732.9013449099118,727.3674626783868,732.8733648940644,749.6957887731038,776.5551308876244,813.1985293651959,935.8944684308489,895.2322579296357,862.4687582443821,837.9130121544699,823.0955049471695,818.227319627543,823.3738327579512,838.0195151730265,862.4226958951084,895.2164370173831
545.376321329677,454.3360039492247,363.5984139346904,272.65008369915535,181.8433917974443,90.81544586216782,0.0,90.93117650014864,181.9476513387364,272.7331863884989,553.0642837985532,463.4621597194865,374.84022710891907,287.37455952878423,203.2086340379487,128.53051920726256,90.8872232186544,128.64301998884167,203.5842783108724,287.64438665667075,574.7714068893572,489.3724274666486,406.4495685908254,327.7682716056177,257.0669704817249,203.37435392778536,181.7748921215574,203.44819819785033,257.1918273717778,327.9062831010104,609.6529728239567,529.9020117380935,454.4602710183832,385.662561342017,327.62992684474364,287.3029313401539,272.6947266650086,287.46649380892643,327.74121953825687,385.9031920147669,655.5104343141029,582.0291469272962,514.1958908484917,454.565528111209,406.5114389684508,374.81882076642563,363.687225868205,374.8906595927762,406.4810272945779,454.65157282268945,710.0007800947299,642.8742130537036,581.9120343521463,529.959966536271,489.50412422383476,463.49305574581086,454.6365723423588,463.7617446570442,489.60198974225244,530.2857113909794,771.2175537957703,709.7410251598691,655.49990868286,609.744303934002,574.9738206332843,553.0330859365603,545.3823151338727,553.0769356798843,575.0702214119062,609.8086795512548,838.1266481166369,782.0813885614955,732.9208216189672,692.2732749354942,661.9742052161994,642.9234899776756,636.4041224433455,642.786391500475,661.8984912719508,692.3392090363072,909.1363403312632,857.6188706533006,813.2591890900696,776.7803223633082,749.6761047493369,733.1021326101416,727.296490336292,733.0594369229018,749.5919086652285,776.9367411889593,983.2788405610971,935.8723097803057,895.4120299284145,862.2773599564016,838.0925325868392,823.3496820072602,818.435384522953,823.1918606316137,838.2466126652379,862.4139296782234
636.3073905591924,545.2670332259365,454.5294705048222,363.5811426489173,272.7745615163012,181.74644062064021,90.93117650014864,0.0,91.01688659689187,181.80210686335775,642.9093746523981,552.883984554084,463.5496241678873,374.69987248229245,287.39256831987336,203.1733324291319,128.3399798366124,90.76376928543328,128.68305213478072,203.35532279389594,661.6110707060626,574.7360460037054,489.4063925416485,406.4898442054013,327.6199550461328,257.1221454840378,203.06507976280523,181.76144775027137,203.16814403730842,257.12735252022236,692.1084646037599,609.5805638411988,529.9255398280379,454.4233373776642,385.46228845666013,327.4417398880837,287.26388475670205,272.5230832298074,287.28429338124465,327.8102493655413,732.8152110961356,655.4065826388478,581.9185350776312,514.1718535943755,454.34804747072354,406.3756736265132,374.6972405234348,363.50164528212144,374.6043086200355,406.4824250503972,781.9007353474026,709.9699137707452,642.5199331183705,581.842059968346,529.9043152869801,489.3474762389829,463.44045020689674,454.57068905509436,463.39512759138563,489.5765233417599,837.8518686883368,770.9900513648952,709.8408773647196,655.325244612747,609.6602183021153,574.8400719261414,552.7166022137397,545.3681416712793,552.8951310316879,574.7582105135363,899.8270833606431,838.0522888625596,781.8821667834912,732.7123617904986,692.3348538073521,661.7458122737006,642.6993618777398,636.143229754379,642.729378564609,661.6459268982604,966.2989172651149,908.9471383697836,857.619839973487,812.9999906034403,776.5745941858908,749.6512174224845,732.7748309511148,727.2065557683625,732.6924116804976,749.6988506025065,1036.3384686513398,983.0938234480706,935.8697908894474,895.0445024911143,862.2350507486173,838.1107667572952,823.3004348241614,817.9775060298075,823.1616023954817,837.9351417805251
727.3239576429481,636.283653684317,545.5460593498019,454.59773101142,363.79091851277065,272.7630823624334,181.9476513387364,91.01688659689187,0.0,90.78577452450729,733.1552163798876,642.8689372205982,553.1292127781421,463.5740564757143,374.919499524351,287.5632978853876,203.27357157831665,128.64645242483562,90.99072105418155,128.68264474757385,749.5988099412319,661.7735303883877,574.9843239880768,489.6850077606743,406.60316283845975,328.0043595051084,257.1720302436621,203.4122218384456,181.8916980976132,203.3925869274339,776.6749600217437,692.2700133641872,609.876550998541,530.1804993107934,454.56695977569655,385.6005574411388,327.8075110017648,287.5138526911206,272.7603898598583,287.6287840518693,813.1944981494927,732.9972391759662,655.5706016590134,582.2472093663376,514.2892159383175,454.5968697599513,406.6659509092363,374.91045855167835,363.6596582240078,374.90091199698253,857.7003373364829,782.1925091372954,709.9466050390032,642.7980540895514,582.1802710444484,530.124063106006,489.6729912092195,463.7871718713471,454.5863295163297,463.7247949302169,909.0097316617457,837.9659735111533,771.4405707584051,710.036032124234,655.5896059282865,609.9528818716825,574.9257548443117,553.112554244167,545.5634454845172,552.9655818802152,966.4757535793667,900.0836671084476,838.2299607463048,782.0485017589533,733.1692679485777,692.4887980755784,661.9482152138405,642.8274489699079,636.4920328868998,642.8304820697424,1028.6704220229014,966.4722264718179,909.3000351892085,857.7459558498164,813.1937956843462,776.9568259345559,749.7258015398538,733.0744523596411,727.2469853912427,733.1783938612892,1094.738509160467,1036.5178207793942,983.4661230406513,935.9140386484976,895.3948895716576,862.653886922438,838.4583291472247,823.2347163003819,818.3538873145305,823.2056305603019
818.1094879134754,727.0691386324088,636.331570030679,545.383239992177,454.576549955333,363.5485410767588,272.7331863884989,181.80210686335775,90.78577452450729,0.0,823.2914860760758,732.8236067552992,642.8202430474844,552.8436843315453,463.4772880507141,374.7322281504152,287.27962509885225,203.1358110695473,128.23347248226696,90.83753007609187,837.9106135165699,749.4235120833741,661.6691172352417,574.8925757951653,489.3997762031797,406.5692254030298,327.5947027318984,256.97582104818866,203.11248254745462,181.7343705855334,862.1942482975676,776.4496834410519,692.1754052526095,609.7156786448558,529.9002619708274,454.21666112708533,385.4765637189352,327.56496135822067,287.30708272884806,272.62483231897426,895.2182809902308,812.968357860392,732.7099090880664,655.4695456919936,581.8815523584431,514.0515091609193,454.3917489789265,406.3739744659305,374.65694137471405,363.4763415314686,935.7951584795568,857.5643567198496,781.7176221035893,709.7509515290606,642.665566976109,581.8883169844039,529.9208470127894,489.52870917469266,463.3361814522097,454.48446975656566,983.0065113844132,908.6752206098529,837.9446488222777,771.1533131666123,709.773293024463,655.4038053605218,609.5375345630675,574.8346236463259,552.8311287208953,545.2277138921171,1036.3785276970093,966.2453061583274,899.7898386200299,837.9003247037041,782.0059168821848,732.804563773484,692.2131290121602,661.5805349093882,642.7268261858652,636.1473942623568,1094.590732467024,1028.3633251556519,966.3136615447504,908.9280412827756,857.4410726634968,813.0767155941124,776.5356800221231,749.5318392949314,732.6741041694644,727.3016388983044,1156.8762532759129,1094.4232632640596,1036.3870962722253,983.0295000061934,935.7553836708566,895.3094744537856,862.5011996947005,837.9099580725342,823.1661195606715,817.9445510733518
90.97549214575834,128.71354938508114,203.384990399053,287.62904451591504,374.9456670985564,463.70582636883285,553.0642837985532,642.9093746523981,733.1552163798876,823.2914860760758,0.0,91.10647065058706,181.8922711234949,272.93485349336834,363.74634752521655,454.7020117639095,545.6976763989264,636.5446342561249,727.6920938399664,818.4127913186611,90.97487573958325,128.78600920308548,203.4835147287277,287.6071034179943,375.05079890958814,463.6050052208058,553.1455758083363,643.0919523012171,733.0971563178642,823.4150294765668,181.85031614357698,203.55526194625534,257.31654377151017,327.93097030205865,406.5973515089408,489.791912436572,575.1468797769656,661.9817689818186,749.7134077003459,838.4693631493903,272.84509079076383,287.5239494769624,328.1362891009481,385.8186498695067,454.8013601703325,530.3276980446655,610.0410155245559,692.572013538988,776.7093045995412,862.689358660465,363.9388033700417,375.0225521177945,406.6521140247964,454.7018729341883,514.2935987254687,582.2306688712523,655.8544127724409,733.2382241193856,813.3336100025484,895.6729807617146,454.68799025448504,463.55655184147713,489.69249287014213,530.185592230233,582.4940275313303,643.0576346967786,710.2042773589042,782.2632830849209,857.9132631036804,936.0715089641221,545.5653963054851,553.2779976901684,575.1029502411847,609.972368285611,655.7750970722194,710.3135871405549,771.5187928683558,838.275524326832,909.2221100499441,983.4739713587949,636.52639158181,642.91334761361,662.186075469249,692.633501963124,733.1703047654141,782.3229343282593,838.3374617092256,900.2652400843662,966.4542538989288,1036.779666629287,727.3584087638358,733.0281978958925,749.9105923886356,776.6708977836546,813.1788310922344,857.8334022796874,909.3998321397809,966.5046756524647,1028.6575151237898,1094.81661481321
128.7173944386832,90.9398611662386,128.5877296788697,203.29256301760435,287.46398735079106,374.81711439305843,463.4621597194865,552.883984554084,642.8689372205982,732.8236067552992,91.10647065058706,0.0,90.78595267267414,181.8284785039776,272.6400313737807,363.59562903195854,454.5913022705559,545.4382483064506,636.5857063029259,727.3063920181594,128.45034396866959,90.80817980937064,128.5114355459311,203.17537639931479,287.47700075457897,374.6691459178194,463.495521792863,553.0336071596498,642.7768629133963,732.9211174933741,203.1527424970523,181.8221293063441,203.22186277493478,257.0451278421999,327.5634983159287,406.5414203188827,489.51496736130434,574.8849280602673,661.6625104921595,749.7641751857167,287.4733128972999,272.5990847863418,287.59978476206464,327.6820708171761,385.7065821035276,454.54628168450233,530.057182954801,609.8323440519354,692.0954815253342,776.7484235369027,374.9658998900395,363.67627286605114,374.69017565994886,406.47395478301826,454.3512378574779,514.1484453278956,582.1655008295239,655.633292267148,732.9131980936232,813.2070411423437,463.5178275677158,454.35062710421823,463.4839250978772,489.4411160985841,530.236567907715,582.1062255739264,642.7604494934986,710.023531726267,782.0714683072061,857.5032063896329,552.9653256053986,545.5836527951362,552.9402968351337,574.8845778389057,609.8587775372964,655.6213892448046,709.9287151871829,771.2866300428451,838.0440325785582,908.9952645870238,642.8648491704229,636.3058328106266,643.0027550551157,661.9149781570705,692.3652275259373,733.0161100049371,781.9985863844871,838.2196362379005,899.7963890025642,966.4095724913379,732.8868371112715,727.2053590672814,733.0105098444141,749.4112260507876,776.5920513171251,813.1152829936485,857.7392712455828,908.9902039521312,966.2979090861817,1028.409795856954
203.22674008183728,128.34595418106204,90.89571316386431,128.6135557465429,203.3742986302279,287.5507340081489,374.84022710891907,463.5496241678873,553.1292127781421,642.8202430474844,181.8922711234949,90.78595267267414,0.0,91.0425855837064,181.85409310720033,272.8097410053397,363.8054054643758,454.65236324063096,545.7998228115025,636.520521650534,203.09993582871155,128.41997971169502,90.93042420390653,128.62483300437438,203.42816480741712,287.47623732061606,374.91695339664153,463.7456535061132,553.0695008347285,642.9509038653669,256.9870302019145,203.25350496167619,181.85914055779048,203.34750379256877,257.0544287291018,327.89759972946723,406.6635382729664,489.63568796051203,574.9436364008445,662.0846391044057,327.79556214388856,287.43912228110173,272.91590302992836,287.5453837852967,327.93373444322555,385.8511479098817,454.679416802283,530.240933172573,609.7487368374224,692.5173782458687,406.6975865681371,374.9567433528264,363.5813466225251,374.85799031625,406.52242663636986,454.58919161122066,514.4835966900391,582.353039374085,655.6931160629679,733.1856345051685,489.5453869626927,463.4012922313905,454.5884117277183,463.5529637504406,489.8303142455849,530.2468333420592,582.1852112305002,642.990697603986,710.2258450918063,782.0588947591367,575.0135819396244,553.1779350151722,545.5272610468487,553.022599192012,575.1421301281549,610.0539052228838,655.6270244660476,710.0767864326266,771.464700163517,838.2058435729641,661.942822818485,642.8643633960629,636.6436019374007,643.0243712397254,661.9798901847353,692.582977826292,733.0533537158442,782.2649870494699,838.1426120331554,900.161669611368,749.6815963521343,732.9459363444684,727.4517508822968,732.8150229732228,749.6599973784017,776.8864798837762,813.3888544277848,857.6884288818607,909.1862349883595,966.4268603507469
287.549975318211,203.17348182386493,128.6345501015195,90.91711358656985,128.65075203622382,203.22523641695605,287.37455952878423,374.69987248229245,463.5740564757143,552.8436843315453,272.93485349336834,181.8284785039776,91.0425855837064,0.0,90.81158664211516,181.76715947932638,272.76282870829795,363.6097822706691,454.75724176435637,545.4779378271244,287.3968473609707,203.19417856185308,128.55145824126137,90.91652986265598,128.5831976769142,203.15570028558426,287.42768384172047,374.8926009310122,463.50147950807485,552.969827347145,327.69518122998,257.076749120217,203.28198019377157,181.8207131792189,203.0765150607377,257.08934011503027,327.74394499412614,406.4940483633007,489.4081597976923,575.07933662065,385.74952824630674,327.76419634862594,287.58102196012356,272.7507041355363,287.5213672573675,327.8113370231413,385.70695644607275,454.5684234007143,529.8692329747499,609.8739355546354,454.6682980218712,406.6878279306606,374.71813227234253,363.58341151319416,374.7216294198743,406.4944000236817,454.6503725867203,514.3980230170706,582.107178418314,655.6779077708355,530.0477745809327,489.3776473251788,463.5523098061421,454.4890444989537,463.7025116982867,489.6249214441873,530.0456629113635,582.154733734773,642.9016228549119,709.92301672364,609.8967014754566,575.1232603316905,553.0163439646374,545.4347772858308,553.1057280804752,575.084448299948,609.8181995535468,655.4935225239458,709.9914457995679,771.329425322566,692.4579384934283,661.8565110314937,643.0558196257147,636.4949062099937,642.8958127597103,661.9916713550915,692.3649576388311,733.0584668984958,781.9180608746275,838.2429041451976,776.7442863646789,749.6365613312946,733.0648777007415,727.1096504474061,732.876674016913,749.7501258645218,776.9272735375764,813.067561671536,857.6386773761609,909.0241355151178
374.76317942230025,287.24022437541265,203.20994468717163,128.4330686973342,91.03552674899339,128.46904543908926,203.2086340379487,287.39256831987336,374.919499524351,463.4772880507141,363.74634752521655,272.6400313737807,181.85409310720033,90.81158664211516,0.0,90.9557769611408,181.9513674172772,272.798333553936,363.9457861646491,454.6665000676304,374.6793671740502,287.3436453505027,203.24101512514832,128.6606387285797,91.06372398144413,128.65528906362962,203.36901396156426,287.6861649263313,374.91032389323476,463.6634869002559,406.4444029555714,327.6860159782836,257.15657426130673,203.3825157217444,181.77516390189146,203.35727514458276,257.25497059553936,327.8671690531416,406.55583602398065,489.8221348664212,454.59585804199827,385.72188008581696,327.88512386860594,287.63077461562557,272.88559424293607,287.66551532950507,327.9639457371657,385.8827434564785,454.49665101515546,530.275580493363,514.3699754141162,454.72208585375733,406.5128934445679,374.86806748971816,363.6933088284958,374.9224389108886,406.82359313257916,454.8653651454798,514.4248581375592,582.3888823551804,582.0741259738643,529.9488839150075,489.65135712611163,463.6041527742501,454.7945187059683,463.76403415119125,489.6660437702763,530.3102067030928,582.3435121603807,642.8894951085443,655.668924717318,610.0526207411754,575.0935315119884,553.0683737149213,545.7342387819574,553.2476760193188,575.11399491612,609.9368224201503,655.7044950099094,710.127883584099,733.111797957261,692.4598794509209,662.1448751101647,643.057169035525,636.5579229046322,643.1407992507993,662.0034378319755,692.6256555978744,732.9869896955939,782.3136648489641,813.2016491831045,776.7871534531027,749.8815279706313,732.8990401417683,727.3584769322218,733.1875490935674,750.0257994327324,776.8387084063774,813.30233632933,857.7313127024737
463.55577017781206,374.6760582170891,287.5122713259314,203.27208584677751,128.81469701906957,90.83484039910763,128.53051920726256,203.1733324291319,287.5632978853876,374.7322281504152,454.7020117639095,363.59562903195854,272.8097410053397,181.76715947932638,90.9557769611408,0.0,90.9956747850331,181.84262280870365,272.9900823451107,363.710781552852,463.4082431965798,374.69129882744835,287.42102760468896,203.3165248704633,128.53645130468885,90.97248344480268,128.53371072281917,203.40489462673122,287.48407621813175,374.87461842327025,489.4234927034848,406.4072961060548,327.73222015170296,257.1320507750115,203.13791400921667,181.68050841233622,203.25422586510172,257.0958594737578,327.67466329649903,406.7242305672315,530.0829396168061,454.5141001384794,385.6653734020117,327.82193185880175,287.4639747549691,272.74053295667505,287.52287855587934,327.82751367224245,385.5376015721553,454.618611674079,582.1132571143512,514.3436980543883,454.3849904147243,406.45657166812833,374.7678010039517,363.5811825251284,374.9305213175885,406.74611822675354,454.5698239893132,514.4224179936464,642.6870346029963,581.852009633419,530.0571027184269,489.4849589976553,463.60318566598653,454.60674332223186,463.48334551424307,489.6396259421546,530.1815544768612,582.0344017915999,710.039956643552,655.6390481311759,609.8466168984774,574.9076364576904,553.1257923516072,545.5639166229531,552.9954616815754,574.9068708843607,609.8577511512466,655.5192754826032,782.1032640509901,732.9385144602306,692.5142966981551,661.9050398976085,642.8606276267071,636.5326285019192,642.8439274705997,661.9516977580761,692.2514701422447,733.0892867619955,857.6073367724068,813.045853093019,776.8115523339698,749.4953272358995,732.8819108101536,727.392481901108,733.1658973798855,749.6149968027833,776.7855360198358,813.064240546888
553.0624741711333,463.4735815948489,374.9339393791498,287.5411043271278,203.5374438651842,128.52619972870824,90.8872232186544,128.3399798366124,203.27357157831665,287.27962509885225,545.6976763989264,454.5913022705559,363.8054054643758,272.76282870829795,181.9513674172772,90.9956747850331,0.0,90.84696627099426,181.99442208042242,272.71513304404544,552.9295952267911,463.5028026040512,374.86211012779614,287.6129683754969,203.3295912621451,128.78216759941716,90.88780510360806,128.6633907362888,203.2231204762311,287.46144236796084,574.9146534422034,489.4911774359701,406.6029804682481,327.87305223613635,257.1223163401285,203.17045520799564,181.80761384604668,203.22888273887952,256.9995376168053,327.8890915944469,609.9209267861883,530.1533173815744,454.5739375185953,385.83187550544807,327.8116869540884,287.52747982978394,272.8001211348616,287.52465860442175,327.6250421395001,385.7247534269564,655.6311476494124,582.2683094297957,514.1799590912499,454.5139037312408,406.5916731523074,374.8282936461407,363.7494378956306,375.0311654229052,406.562710015506,454.68178834524116,709.9519199197787,642.6500811120293,582.1484551159963,530.0841040050772,489.62992315075945,463.6484859607375,454.4951888309707,463.6409022459178,489.6443450489129,530.0042250677018,771.4871119281859,710.1649912039732,655.6365547009846,609.8456597437613,575.1712753619182,553.1195701406964,545.5170400279518,552.9399321541637,575.001762233353,609.790594004165,838.2902907835829,782.1139503433652,733.153632484287,692.462784937122,661.9040390717347,643.0347074512616,636.4093776260086,642.9551841898578,661.7465637835953,692.5115222091342,909.1358908270305,857.6280381025284,813.2526437607726,776.6388561613546,749.6643447968537,733.1054825880855,727.548293417461,732.9121926678508,749.744634807178,776.6741508978758
642.8516186272358,552.8529458305483,463.602865453231,374.8430146481722,287.67317980937935,203.24399345374331,128.64301998884167,90.76376928543328,128.64645242483562,203.1358110695473,636.5446342561249,545.4382483064506,454.65236324063096,363.6097822706691,272.798333553936,181.84262280870365,90.84696627099426,0.0,91.14745958707762,181.8681667959884,642.7063295941434,552.8648300164667,463.5113412959665,374.889641986256,287.4520918279884,203.43342380084275,128.52558927023065,90.99767847715245,128.54881480274227,203.31462119575414,661.7098362104298,574.8085969453127,489.52952205040606,406.5798814723247,327.73225202736734,256.9541087298134,203.22275392901008,181.75933549328514,203.1861796832995,257.2601729340949,692.3480651072575,609.8325585441722,530.0169323057742,454.613066776266,385.6427635136838,327.74778587482416,287.5053569917474,272.7378876935276,287.3674412205038,327.8096267893658,732.9123096989451,655.6387926563064,581.9470382062458,514.1516027604961,454.53569333664564,406.50745111575407,374.871371392411,363.8069335921432,374.80790228560517,406.68892407984356,781.8656994933564,709.7680562768581,642.7941193827612,582.0317858113086,530.049332380252,489.59658507270564,463.4374705784613,454.60438978859946,463.5990648112398,489.47454473880293,838.1588454210658,771.4372154202381,710.029598869237,655.4907114935615,609.9887093641039,575.0304302545511,553.0082932254788,545.3794799132047,553.0154704041433,574.8993262343727,900.0239700711495,838.1527816082742,782.1598113281672,732.9663892279898,692.3436727085549,661.9789335309558,642.8181529664745,636.4427979219957,642.7197662098233,661.9934079643729,966.3428253854544,909.0037785852472,857.6889117458956,812.9737749702214,776.6840810364495,749.7834817468663,733.1682123486829,727.2137570095198,733.0123874185272,749.5785620765321
733.1951085686326,642.9362758685863,553.269637725955,463.79687598012396,375.2365773317709,287.6818340406605,203.5842783108724,128.68305213478072,90.99072105418155,128.23347248226696,727.6920938399664,636.5857063029259,545.7998228115025,454.75724176435637,363.9457861646491,272.9900823451107,181.99442208042242,91.14745958707762,0.0,90.72072040034064,733.04969804728,642.9461126660344,553.1770485733671,463.8422272634454,375.028181835625,287.8586312592479,203.46856401695817,128.74241504018408,90.90155266856124,128.44483417646788,749.7665153778952,661.8991124439207,575.152129500196,489.80272595223045,406.7473371162622,327.8052456479848,257.24322001658794,203.3357448427012,181.7701952402966,203.2719144806199,776.9503275166699,692.559024829605,609.9612596785845,530.3580388647833,454.67048563495945,385.8181151117979,327.9246882094621,287.54594234940356,272.66942560535426,287.41366375055674,813.2890148961237,733.2147392821956,655.5949389859201,582.1746125925516,514.4322178536332,454.6400549024457,406.67672453023584,375.03402453555157,363.5958701500302,374.8797676566631,857.6556341997497,781.9620208719848,710.16868460268,642.9199261655721,582.1731380222963,530.2297920649291,489.5221577175865,463.6400217942607,454.57295981228145,463.412987412113,909.2920194204748,838.3469389383558,771.556436719347,710.1016202222711,655.8321498218135,609.9912741768024,575.0683227687744,552.934320215386,545.5016146939698,552.8707065099127,966.6158809329961,900.1299263194,838.4002319311339,782.1773039857565,733.0310558218629,692.5719990601742,661.8732363093684,642.91177432076,636.2565343416829,642.9597329005957,1028.642842806531,966.4328564941485,909.2681935369546,857.6235779276134,813.1780027475531,776.9369743982194,749.9428400403525,732.8944289354519,727.3634580087353,732.8157077557875
823.2992446091826,732.8677439011999,642.939985587769,553.0554067265044,463.77704359020413,374.87495287681014,287.64438665667075,203.35532279389594,128.68264474757385,90.83753007609187,818.4127913186611,727.3063920181594,636.520521650534,545.4779378271244,454.6665000676304,363.710781552852,272.71513304404544,181.8681667959884,90.72072040034064,0.0,823.1384966461541,732.8589016466984,642.8271463342468,553.0771184733047,463.5499584897304,375.0099428375655,287.4895553202705,203.26445910209216,128.55627329019632,90.89692781745869,838.052433405135,749.5236612296919,661.8217576961913,575.0052281091791,489.5719953224696,406.40774733459386,327.72897515644905,257.07893488740893,203.2458403912135,181.7873329715056,862.4600054767494,776.7479059566235,692.2588478944305,609.9167557816444,530.0189460236021,454.4888592809718,385.6875844106306,327.7225198338291,287.43216445932615,272.63887830214196,895.3125762397646,813.1973618558344,732.7818983134022,655.4406692805983,582.1129918622727,514.2000941897717,454.5062435754063,406.6394503148081,374.71411709211304,363.6470017138919,935.7814749995844,857.3742878400767,781.9874808026759,709.9424175700003,642.7003653327209,582.0865934777707,529.9147169489214,489.5472587185018,463.49136331057645,454.3902909235845,983.3389602287237,909.0958561854496,838.1250737432798,771.2944920854919,710.1390625993574,655.5520878163632,609.8329931557561,574.8207794531731,552.9741168566178,545.3099592382981,1036.5705981782774,966.3718263423386,900.0224501139346,838.1080294741773,781.9648347116042,733.0164005321062,692.2658709047307,661.8037164530233,642.6554535130828,636.4642109933695,1094.6280132320019,1028.3926582260638,966.3741360644402,908.9331688127143,857.5580466758213,813.1982700248893,776.9009407866064,749.5255187121477,732.9702204975096,727.1071132049308
181.94975448281448,203.25501147356408,257.03805988646843,327.6831663964872,406.47423084498223,489.43195721602154,574.7714068893572,661.6110707060626,749.5988099412319,837.9106135165699,90.97487573958325,128.45034396866959,203.09993582871155,287.3968473609707,374.6793671740502,463.4082431965798,552.9295952267911,642.7063295941434,733.04969804728,823.1384966461541,0.0,90.89805029476089,181.72942745689062,272.54224192311847,363.5482663607971,454.28035205900215,545.3240662598452,636.3117656317428,727.1301931325972,818.0655508586199,90.87569741202138,128.6524406464499,203.19318827943474,287.33293898684553,374.5942669244713,463.50057929208964,552.864790875604,642.6751476744214,732.6825336956757,823.2328566150151,181.87066729264097,203.15040285015888,257.25738408213715,327.6170912319859,406.5294821740092,489.50576909161816,574.8561713756193,661.7507136226029,749.3276247225123,838.0835902609198,272.9642672359326,287.52495673161644,327.684958498101,385.62121577008367,454.3100297151968,529.9364886602441,609.8413053166728,692.3340276163186,776.6478894767099,862.4514047671245,363.713425318416,374.72007144599047,406.5115552187132,454.429928281484,514.4152493570882,582.0663493885205,655.4696418005757,732.873442653049,813.1004574679811,895.160139178021,454.5909927967092,463.7319424075175,489.5407129568763,530.0269809707725,582.081211306958,642.8638546685486,709.8805323937121,781.8932699846649,857.4717526737676,935.8205535524088,545.5519991692714,552.9571747710256,575.1682834068243,609.9468495495606,655.5843900287041,710.0747220947854,771.3371477152158,838.188410722349,908.8971325937974,983.2933199215772,636.3839848510883,642.818215234621,661.9453287103424,692.1159858376875,732.7967280260868,781.9995547329543,838.198546088036,899.8322051014773,966.2399969173687,1036.3805765936534
203.41136345957972,181.74793309403591,203.20564045667103,257.0334159082597,327.7237650813015,406.41940789462126,489.3724274666486,574.7360460037054,661.7735303883877,749.4235120833741,128.78600920308548,90.80817980937064,128.41997971169502,203.19417856185308,287.3436453505027,374.69129882744835,463.5028026040512,552.8648300164667,642.9461126660344,732.8589016466984,90.89805029476089,0.0,90.83138491861469,181.644204286615,272.65022984742023,363.3823208296549,454.426022212176,545.4137344369602,636.2321539170449,727.1675161091606,128.5670939483236,91.01395060605182,128.5306717631188,203.1671467230516,287.2599921163606,374.7953622265002,463.4514961215481,552.8461545729788,642.5911064478979,732.965450807718,203.40408722039786,181.79099996287263,203.46313032929461,257.03283164767123,327.7847892251719,406.5341065568729,489.4867577620744,574.9073684831048,661.5235765649957,749.6199290376671,287.72840120804074,272.8681734612692,287.41957932661444,327.741793140833,385.5077391678637,454.43168179850676,530.1277641644344,609.86751681537,692.2898369242655,776.7683401509245,374.90725012227944,363.54246554250983,374.84167151390153,406.49265914600875,454.7378160826673,514.2717730574748,582.0471360486558,655.5352758739034,732.9504164863141,812.9542944568794,463.6512896557542,454.77550970007024,463.59026038366835,489.5495093456053,530.1389427405128,582.1923183594043,642.732944403472,709.922472663392,781.9106468230846,857.5213271830627,553.1338772741834,545.4977130555299,553.2425141820174,575.1172664506269,609.9131829814825,655.6673850892054,710.0148540026506,771.4793659134615,837.984135980572,909.0999999926269,642.890663791448,636.3972167085784,642.990595222696,661.6559052657524,692.2635784275514,732.9679094970576,782.1532284371727,838.0608448908794,899.871682909816,966.2710903706786
