0.0,76.44391940202176,125.81281273059001,134.80306109783513,115.24529090207756,91.26531611906238,103.09118467762094,85.13321687594242,60.37548941175913,98.80147172974382,67.18508891498134,53.17468208219121,78.95327682631395,81.89211136493748,133.9866920410824,136.6431528017383,50.22216590225235,84.21105116417597,146.31713521507407,94.25753383995489,101.17223104978909,80.78687711258134,82.03055644591754,87.35496550042407,70.0952940386807,84.78370752528276,100.26018957239658,87.74463870735036,142.96927256754395,113.00679267400734,84.41122729084421,110.6563628844956,106.65203105385196,57.58320522770164,91.18515736774536,65.30270510603756,111.70456515651354,95.47316497107741,110.99650219340711,121.49967296342659,114.88008501621368,81.47318087408509,60.46320756520523,104.64095269124823,109.01306458036743,146.94600117747856,139.60500491794429,89.95995868618759,123.39913463993803,139.20824693521925,398.68585960448144,437.15530005553956,385.3621322803432,449.352508025085,405.5697054569728,411.73964882310395,351.6179604482503,400.05938028083983,375.2725984117518,433.8958441241252,377.09349702847345,440.76193185542985,413.06739459070957,384.9877296171277,431.7039695267088,364.3889098369211,446.5725441760416,351.96406612444866,439.0604296861593,391.90053404852085,423.13372570876805,357.0661518624877,368.30495266171766,435.53095445503254,418.62692490991157,423.03452314815996,411.5808082558989,395.63359375752,445.0418271920623,374.6591568342976,414.3300065915594,435.2417139264287,424.6713327236786,434.9698360305749,424.73958454691297,424.9483550620322,372.99933090498104,428.1104277252718,416.9707090431407,393.4157349114697,441.8024961471121,430.22743944719394,413.9300601183593,384.0526225859096,388.77243419618657,398.6450308298551,422.7102929176253,421.7562234418891,420.38206793841664,409.6879165411597
76.44391940202176,0.0,1338.3267304351061,580.7709363095007,1051.3689639359523,986.6317496907288,276.5580902366156,1112.004555583524,947.5701253282587,742.3302513715106,726.5146405897954,739.1410068980662,871.3082119122481,481.89983728340275,809.2828893357307,449.42198390990194,243.10518703110338,1009.7803952862804,698.2877658060352,247.6921806265413,1224.1167401535454,1087.113440496245,936.3259383318892,777.0788142062636,859.2058397879257,575.8739038203385,567.8908362078894,362.752925862562,1039.2040527455986,622.7675553940442,1044.9313824221892,327.6753150908312,624.375208359336,556.909428373483,903.0855324157643,949.717471722844,863.6832563124783,1044.7715980628886,343.3497364803918,315.39082544272117,467.40270675614363,462.7500359422496,942.8743764660878,921.8719425300708,547.1708203488807,669.5443726094022,1287.86615321538,463.22928357178444,1054.4183825367713,1100.3681560304562,3314.958273144413,3026.8094205703715,2754.712063786111,3276.8858970095907,2645.7810507454205,3417.0902752740376,2351.04786601203,2266.113845863613,3057.5731427009578,3557.8704810904865,2753.7553550745297,3518.060425895501,2738.9917865819993,2256.1746989492813,3454.4792728184048,2590.5188535543966,3054.0268374408734,2552.6043681046112,3462.189179215953,2675.6839678206393,3326.879108276184,2073.0992892725176,2732.173837801767,3493.3705592585266,3180.402083255467,3265.915616557956,2381.2145204680687,3097.1443740455115,2622.474073934537,2426.982301974194,3327.724596328421,2642.5927120439196,3021.3911843355186,3551.936227670108,3501.8555949053393,3509.7458877196764,3136.7771607433287,3517.721823594127,2414.767589349444,2312.140414696972,3626.1490935252514,2533.823444753901,2551.5934893340605,3150.3953119732264,3186.140626030075,3266.9469874315623,2604.04166732015,3313.357715919086,2692.773364434721,2629.107340702591
125.81281273059001,1338.3267304351061,0.0,1466.098187822161,573.6612798000406,1216.3598679994282,1401.9950479242575,782.5170783166564,734.5412093969072,1504.9817383283466,668.1888910192674,603.227931269819,525.6608077837531,1044.746573878899,1790.7938606602852,1787.326318714857,1097.3405406772536,1073.4777983979366,1476.286500292475,1520.727745708285,804.6614163413219,409.4651144249752,439.4298217382151,1378.8656350571046,1117.56074578257,968.8856897128236,1107.7751889869808,1194.8281981344262,1771.3492335808355,1172.8837269915894,295.25207489293155,1631.9238252451037,1106.8391462632617,829.849389225479,571.8185388032214,866.2490477071523,849.765215891616,1187.8976433671182,1638.37456920232,1630.0496258081141,1682.9521160827637,1060.1286677010312,498.0039450373266,678.8061212192316,1641.1584523478691,1908.2627328254518,1483.0441260091914,1123.8399745735012,1543.1375423029567,1686.5346313086754,2042.2433042576754,2717.571357464852,3321.222831094793,3663.5526051992674,2776.447784117196,2291.578817813137,3238.1466711884623,3547.322834797282,2607.3324407746536,2268.3089157347636,2097.2369100594397,3030.1483403454117,3686.7424263736407,3097.752722190412,2141.2634754072833,3198.6579520918103,2841.475162120447,3063.893686442344,3138.268197124697,3481.032565421979,3090.0479167583067,2887.6467128655245,3093.3725992741174,2958.927504134685,2186.029146215437,2155.758733254787,3719.2319326947513,2989.8771655214277,3633.656690875915,3447.338529268994,2019.726556890681,3358.244029703311,3594.898960909096,2705.878762119215,2250.525503011254,2360.5029653626957,2168.6999234358245,2574.4357806021867,3476.75777644789,3627.694157429504,2419.437828409274,3492.289783031187,3774.1990169258634,2563.1052691600453,2584.203377623745,1928.6367428724755,3177.621066957955,3089.8065649491236,3789.5771131371675,2881.479760891896
134.80306109783513,580.7709363095007,1466.098187822161,0.0,978.6388341919179,1522.951261255179,307.93845347607623,1530.6087235454295,1353.5195543280322,1322.9966129748013,805.2197887388114,913.8232670786208,940.815303558622,433.58542566067035,1366.6758601850338,747.2400718766585,605.398736787681,1514.1859266861388,124.95142423203721,776.5651338703767,1640.7611117825809,1367.8435792257496,1027.944906032277,1349.362577472068,1382.7481920293717,497.61797879064807,359.4447310258383,330.6997637038859,1617.741064062433,309.9574811307192,1216.3531497592044,791.55801746885,371.3530166680329,670.2235327452868,904.1465436602977,1400.7403634143625,687.455536065905,1571.4087719386057,815.3434309488548,527.9621680253206,979.738481248564,423.07318241991607,1238.1361190723153,835.7613838931268,1101.051580133069,1123.2562813360853,1843.1367746244189,354.1446357259749,1629.6303198081098,1680.8352786894584,3508.3359105813906,2522.6051296467667,3321.781043045058,3854.370621375088,2075.33675633087,3715.606369912952,2864.561167365105,2118.920544446902,3566.763601984208,3732.4460845155627,2364.3454310333154,4026.1049274948773,3223.5092502921993,1752.4128289405667,3422.8689744536173,3154.6085742526825,2527.909019485855,3126.358340014892,3998.6125986888514,3203.9399376591646,3874.5084661281435,1555.8944695536984,3312.184446356013,3991.5181702491964,2911.051554020803,3057.02134776181,2428.1197985388612,3658.031898502697,2205.2642358243434,2890.0263107289898,3290.317919445573,2106.0260334014743,3585.263430767589,3968.0890382082503,3715.547188950677,3795.6095811650894,3503.698637295828,3899.2658842391747,2028.4461857930182,2503.048958119661,3875.5868503077363,2086.33106211462,2876.3624876411186,3631.9358316399303,3664.8275787608873,3323.718374925336,2039.1754069157416,3862.611680805986,3109.3008402180562,2050.185059369864
115.24529090207756,1051.3689639359523,573.6612798000406,978.6388341919179,0.0,1378.4008362832749,1007.9990600913917,1081.8320454583363,946.4882765202777,1496.5890682929553,349.80961067315604,438.93041968882005,261.1734854504266,618.7447293644832,1719.8994319536132,1479.1267939799727,822.4791712907424,1273.9585999611802,959.906519737794,1284.5440075288243,1154.8045642726222,724.7739459903228,284.65324937653185,1416.1043571778257,1241.1553906840331,520.5184325712435,628.7618247177976,783.2281634224512,1807.5018296448382,669.0592216760617,467.57341998830253,1378.0344666960577,607.5839327826758,499.9808664579323,168.85513376928208,1068.8307981761207,299.8848086539854,1381.0123587362875,1391.9991142158074,1280.7692601808435,1488.853392650098,638.6545681039365,684.1337695264851,144.6707351388185,1505.3978908256488,1708.0981043941013,1703.3061495720658,684.3167139619936,1653.9483507095201,1774.6461092669383,2571.8957989714295,2317.3744969635795,3491.233949414497,3910.2241808197396,2253.5132795645013,2861.100803528704,3263.725162765823,3096.9663939300717,3094.1970235606577,2783.580797254983,1836.5923693722566,3532.453576965171,3687.658892337484,2531.009068985013,2457.123859785734,3348.985639069856,2410.437491275252,3250.5045448376513,3602.2079410115152,3549.7748986534316,3529.8391196711373,2320.288707336444,3338.386839910204,3470.6099076368296,2148.1865097516934,2216.047874934067,3359.5948642402263,3390.3084103269734,3083.743687652549,3406.054470690737,2326.079718511248,2784.745149264239,3767.015828888563,3268.4055298695594,2789.2518812837443,2926.741151539213,2739.7208853052716,3145.2281587096286,2938.346372966269,3350.488544240572,2973.160014906628,2935.3155889286636,3599.7137595587697,3080.668920610677,3105.159755509045,2345.2972880246098,2606.083481238976,3525.8994867272268,3705.819229279474,2338.9237983122807
91.26531611906238,986.6317496907288,1216.3598679994282,1522.951261255179,1378.4008362832749,0.0,1248.05447386276,472.5674143166881,482.8416760468649,466.97474495027393,1080.5505260456464,949.2476574943919,1118.2111486021693,1202.4170416601828,771.4300900281282,1252.036985625602,922.3753486902633,153.73056249367804,1620.9577467569495,944.6954735024269,525.4464783408109,806.9016094111181,1103.401933817287,314.4355081180197,148.2346513599108,1231.2558415590142,1331.6263296158133,1210.527895458953,604.8078707655336,1419.0925203580714,1006.003847547023,1038.494875912631,1379.6077485300407,1040.8706618866554,1220.1984187202613,350.11786594649806,1410.8553032057541,74.54805286919071,1025.4623162069065,1255.2829144438906,938.1020650091592,1196.6189669298776,745.6533830692592,1336.2237722675666,793.3881116165222,1098.0743140461543,338.467754789968,1249.4247861410097,334.2470925369746,483.25309697709037,2737.010686751225,3679.685586027789,2127.4028427091616,2532.1708126655267,3477.45490827779,2667.291291905566,2033.3888405751986,3089.8899818300238,2072.8353451687385,2997.809696240291,3205.290155692381,2533.129464941224,2488.5342606258923,3242.2021418257596,3245.191750119554,1994.9926322195822,3754.2828652468465,1879.3051114617108,2478.967209168318,2265.348689587898,2351.558295456759,3056.9789539760104,1960.8268580669444,2511.88769876557,3395.5446972697714,3371.5264135648868,3006.5722569057316,2141.763813185199,3595.601166602629,2276.1847001626993,3136.918091984855,3621.528518344354,2403.054588215168,2639.181903259914,2881.241718646087,2775.7038088022764,2296.161455593514,2647.5991574463606,3378.7540145372186,2750.2279638470395,2943.689454343376,3515.360558915194,2729.14135329696,2179.471824899587,2217.0456214915876,2920.7946536143627,3561.165184244074,2339.722549985328,2645.6788908550056,3502.4264887970744
103.09118467762094,276.5580902366156,1401.9950479242575,307.93845347607623,1007.9990600913917,1248.05447386276,0.0,1317.3362303365816,1144.0904638005757,1018.0003903846211,740.2884259688547,805.2393053466305,889.8317856460758,389.2580109617869,1061.1438026550168,507.88081375838465,370.61853473030254,1256.4439304856023,429.5481885577233,472.2431263128293,1429.729275598037,1222.033483589341,969.4113724166511,1052.472246896697,1114.0207029794713,488.20872552094534,412.6881459932516,224.79827222795979,1310.0594875217562,432.581133494607,1122.8784702693588,500.920782355071,460.08782212358506,572.5192796241365,888.6931473791053,1169.3607403113592,760.7866000668675,1302.0601387266474,523.6950596935937,287.2639453230755,682.2687235879386,369.43145504422023,1081.6873713509583,865.6004523665697,795.4745520727388,845.6109278385336,1557.9714776716169,328.65747648017646,1330.6672011091346,1376.2324038066383,3426.4706858277295,2801.025045346263,3015.2422353228917,3546.4455098886233,2381.755288264089,3577.825663815486,2575.093675445601,2146.8099968017527,3311.3406888316517,3661.3122610419787,2584.9470681901525,3771.7134815911786,2945.737785491656,1996.9038320249533,3460.1654431768848,2848.740817131791,2816.5407400146023,2818.610956429314,3726.9020781933136,2909.439468403294,3595.6050946376595,1809.3396439797448,3004.86823495105,3742.961124642021,3071.307702239619,3186.2159855707105,2353.1490049274944,3370.1892802514303,2394.237698125965,2620.37631624247,3330.184512180462,2374.0846582099075,3279.5325607656323,3766.2913699166074,3623.433316354898,3664.865685885431,3328.2242200492915,3716.553628062577,2197.3450294914196,2355.659202153963,3764.689310243096,2294.2602469819963,2667.1972547960863,3392.7059323865737,3427.276879435461,3313.8781353902887,2328.676048448916,3582.646047068802,2859.781002633218,2358.086489131577
85.13321687594242,1112.004555583524,782.5170783166564,1530.6087235454295,1081.8320454583363,472.5674143166881,1317.3362303365816,0.0,177.26634755363125,878.3551370432,869.8814986106615,720.7591446745372,844.9392223835152,1128.5078979967914,1191.5345680931905,1489.7485589820099,947.4873871337023,318.9521926814086,1601.0802099039156,1173.201909210141,112.57047690567104,389.3173271571602,798.1082877162729,725.5703116067809,428.79771182726444,1117.6225213994232,1249.369048895671,1199.9524449786052,1073.2542443172795,1338.6432691562813,636.6906183679296,1284.8925613891304,1283.565056070328,908.4907580702644,951.4634355278636,180.47762770564265,1205.8185506267555,425.7339970583255,1279.6600175032333,1422.8899253896489,1245.8455541934445,1130.9159375222316,398.124410196261,1085.1367035675776,1137.6994815067917,1445.0586591377053,701.6595844359528,1196.8571669661999,806.1389787314586,955.559918456144,2319.0793789889735,3394.794628874039,2539.4646845347606,2887.836116958401,3302.263714814194,2328.514292943013,2501.795847950299,3353.9069038942753,2071.0840056607117,2576.0222276086156,2846.939502713648,2524.4223700795455,2958.6508688979957,3282.7625380975173,2772.787811086043,2419.317022166968,3492.098079751662,2281.4773619875896,2549.288260543576,2722.567504072006,2461.3988575780822,3084.491956256155,2316.198791697144,2479.3091607774377,2967.510721936411,2922.938918997948,3359.4377636761865,2309.680861708348,3711.223526775064,2748.7009286153148,2664.3507991443507,3622.146059363914,2812.785639977604,2448.955226914856,2479.748181899523,2427.9835239595404,2025.2529567793517,2405.994639431748,3513.9027168976895,3154.809816245707,2569.4722635374674,3606.7042687251615,3181.18431181689,2109.0340355861017,2140.255892789859,2455.5494577095305,3514.0090992468427,2455.6429418741395,3116.39717405509,3360.0881439492223
60.37548941175913,947.5701253282587,734.5412093969072,1353.5195543280322,946.4882765202777,482.8416760468649,1144.0904638005757,177.26634755363125,0.0,810.1766215162038,706.7047396801121,558.6657352470988,698.0190443623345,951.9385320573216,1116.7407677193687,1340.940883363752,773.630752964428,346.83099562713187,1423.8706867776518,1027.5927933825385,287.56426108367174,325.4522127243672,662.2251164647192,667.9007119503316,387.060919644928,943.4099117149258,1073.5872290975267,1022.9061209794813,1047.4577442215732,1163.051727286159,531.7897861736335,1141.3370950164278,1108.7961692703407,734.384689294456,804.7656430957464,134.01954085460855,1045.4490369426135,461.176418719606,1138.1853068315593,1261.0499331098713,1120.622443340006,954.0721289531041,272.54604177629597,934.8251136645407,1028.2870565725627,1329.6320128099464,773.8727469648451,1019.806062448845,808.8248515901861,953.2951199735003,2431.873674192816,3263.857937630939,2603.081463797733,2981.9318403056723,3143.0653352050454,2476.6908096684897,2506.354426449573,3201.5740297842945,2243.667884084853,2685.238083788199,2745.7549154263343,2698.233743096199,2957.5962960101283,3105.5728482682107,2806.107963718938,2474.4088189032136,3354.0651762487023,2350.827012102662,2715.247986021848,2746.5100813355884,2621.532348083328,2907.2286068494927,2409.2354765793934,2654.5852791659513,2913.0380184458795,2890.2907539876915,3233.4919199091355,2458.940370466871,3536.9672548617445,2729.1334863974907,2692.820462208036,3445.246394117722,2878.185320468868,2622.983881387879,2601.7308353109743,2572.9644648914605,2190.3422754191615,2574.611456829515,3341.372869538574,3053.3897566370874,2704.1200448731347,3431.008837419475,3115.9924219099566,2285.641278905334,2317.0706592685146,2517.2272521395503,3339.202730517914,2614.7917027119597,3084.172710998543,3195.3850444243967
98.80147172974382,742.3302513715106,1504.9817383283466,1322.9966129748013,1496.5890682929553,466.97474495027393,1018.0003903846211,878.3551370432,810.1766215162038,0.0,1153.0018247318856,1063.798022945242,1244.278008967985,1121.393040825532,313.5161042011784,863.4406844431709,799.5321349371022,593.353215143475,1439.094920875859,598.1437598798314,958.413475493631,1115.3357171289588,1262.5163364233297,156.15419444950166,450.39366789033306,1184.9849402663428,1240.5009921102658,1065.3243578272707,319.59870531903573,1315.7221690112963,1240.704755642448,660.9286978287931,1296.1931802781203,1046.2189994334963,1327.7689702191815,708.8314738149918,1432.3055813132073,541.1838488386677,641.9560136724283,929.0550872365884,514.6612348621742,1108.3942530395823,1007.0570982670414,1412.242139360016,351.65213920767627,641.0012944458372,634.2001465011011,1140.143593102978,338.0680449709825,358.2825083546088,3188.173834955231,3696.9393250352605,2047.464343585627,2544.035213454098,3377.404963231019,3134.2000670407206,1769.961337752754,2649.7380987237398,2441.542226109294,3447.304596671999,3322.786538970353,2897.041632401543,2203.2354411852134,2947.8424488347828,3614.494556496736,1891.413864371168,3743.982715709199,1830.545764475008,2793.09086906411,2053.8640002784377,2639.334325937443,2776.4569887128237,1993.239363893635,2889.5095952182915,3618.3501190157303,3636.685164624782,2540.3669053309536,2387.5033851703315,3239.7172051245507,1945.8650341052646,3499.7711787441876,3354.839374225383,2319.5669142795355,3082.399426502456,3338.942189183832,3242.3349170427596,2758.9227257388184,3104.1264411344027,3011.361820858163,2288.7382535897145,3407.7847464616043,3177.8944139886967,2307.4468144244142,2581.246512685789,2621.150866076698,3324.75936359467,3336.8458475475722,2623.0573795886353,2284.885784735174,3368.7826085499855
67.18508891498134,726.5146405897954,668.1888910192674,805.2197887388114,349.80961067315604,1080.5505260456464,740.2884259688547,869.8814986106615,706.7047396801121,1153.0018247318856,0.0,149.1608654778205,150.02794600335702,377.2215152989631,1370.2650320842922,1169.0308095117389,487.69798576705045,996.6423735721567,830.7055209858163,948.4858574401741,963.9199188021065,597.1199658328486,230.09035603321286,1081.4998826429767,936.3058371826304,309.77972328088794,453.93371662252423,527.4941533024214,1467.2371177146774,530.8265262320766,412.016620463226,1047.776586961841,466.022797815372,172.76655924059241,184.41006769076486,809.0305592542205,339.5465985610679,1094.7930226527124,1059.8385146803255,987.9775913862676,1146.4850186459196,392.11383602912446,494.23817991886165,262.2142402808159,1156.6792418366074,1368.4010548954675,1415.4630832012845,456.87306310927374,1331.663389889419,1444.7112829883495,2707.6147625972267,2599.7932510483815,3167.3468081068577,3607.0367096653727,2436.539430250587,2915.194626195383,2916.7451230807605,2880.886464180886,2936.5881290008183,2936.0192443768487,2171.0270494784486,3386.5425233524957,3338.717815890981,2499.352646837206,2734.690203877441,3020.9964847321444,2674.351017124179,2932.037148566026,3419.1260414254016,3206.82568176323,3328.133231310365,2293.098693192983,3037.5476023268648,3335.776260955645,2497.047538874731,2556.6223578018635,3082.741249623821,3162.780346912361,2998.44632953987,3056.2449284475233,2606.6051314985284,2801.8612304660037,3442.635298017731,3220.1098695172923,2912.2344185251654,2992.9666316958255,2727.8829093573854,3128.709130789663,2829.935386635218,3038.1831389608315,3070.367835134063,2868.2494551639847,3261.5841214648235,2956.5692354071293,2985.045958230835,2573.9263988145276,2666.3843254370313,3321.4829264444425,3357.3300407895294,2490.2581402240694
53.17468208219121,739.1410068980662,603.227931269819,913.8232670786208,438.93041968882005,949.2476574943919,805.2393053466305,720.7591446745372,558.6657352470988,1063.798022945242,149.1608654778205,0.0,180.74770105842788,480.2769729026737,1303.4302222878077,1188.50710350429,496.47861246377374,857.2532243106239,952.3736810182127,937.898835627552,814.9531008884834,461.0222580794498,210.49889407749347,977.9363114097703,808.1201147033963,432.97630354081576,576.7858684508581,610.6074363932003,1371.2339750063034,659.6178400799797,317.6942384072018,1044.8006056951303,597.0905589730282,244.55744087826045,273.5628887546931,664.4055555639119,486.7855146554193,958.7228389154882,1053.7692162737458,1026.832548611264,1120.059675748055,491.13794632301483,348.5423069981843,387.72945569371797,1108.834642967793,1345.452523008435,1280.7763023569682,559.7593282468127,1215.7508517136325,1335.7170659391097,2622.062857226464,2731.48959515235,3053.2544980159932,3480.461333329656,2584.428689613541,2802.0890393820982,2833.5434415752125,2951.8828534315335,2787.7444122877896,2856.0922831327484,2275.466047702135,3238.0796018960355,3262.905264884801,2631.2579417696206,2718.504003280459,2910.2825020720293,2811.1808439789806,2813.971273655125,3270.032308249078,3114.3271238000834,3179.6592182904315,2426.358894164059,2909.683240493158,3187.94603560424,2560.17798475203,2599.5805645065857,3117.703907640298,3016.389299448484,3116.867497098624,2990.595296758551,2592.8926518832764,2941.576262319352,3328.962396773558,3082.882424112124,2821.2777304820765,2883.185257325961,2598.6201198440594,2997.7015619054737,2942.2600318689874,3043.9530154233144,2970.071751434578,2991.5808338207407,3234.3875074553557,2809.6862490045796,2838.489751763378,2529.903647128065,2811.4882949057646,3173.1586439292523,3303.908585983609,2639.3408710600193
78.95327682631395,871.3082119122481,525.6608077837531,940.815303558622,261.1734854504266,1118.2111486021693,889.8317856460758,844.9392223835152,698.0190443623345,1244.278008967985,150.02794600335702,180.74770105842788,0.0,520.5294589561845,1479.9640402948974,1316.2566033777916,630.0337108460594,1017.1480091723321,956.0071444446444,1087.0235588649884,927.6666481540735,521.5047759914927,87.71593643709826,1158.3200110289126,980.1885809978555,443.3299293774679,583.4983867218872,675.0907757621875,1551.9672374156394,652.6509569275654,295.9588083588578,1189.141893553025,586.5812971926848,322.1843899110398,106.84748220379561,815.4326236597371,382.1264565912103,1122.6451281536395,1200.2252701432624,1137.565862537212,1279.122294799097,536.6771451090242,449.1153320537401,240.84997682354032,1278.3670945311446,1502.9434985819698,1445.1515895775049,598.989265347228,1393.1203183596178,1514.9690260814218,2567.754457215197,2569.9531534137927,3230.235175270415,3650.345759170369,2461.7952080883338,2793.0149323951805,3013.8160217194923,3028.0714551301435,2890.447955847618,2793.693300751588,2097.055270052872,3335.495198266848,3442.1796648206737,2606.3278698058725,2586.1619031935525,3088.4428858672823,2656.529915300128,2989.3310962797113,3385.993645476497,3295.0723221557437,3304.62548520384,2398.2775589369544,3078.7718582841335,3279.6847254044515,2382.6143408083217,2428.987521928777,3232.508920338423,3153.5832200637597,3121.0289105935344,3167.547204374477,2458.4331205053077,2894.0147203425345,3506.0377324173764,3129.5161373026554,2774.8359366431177,2867.8593003084716,2624.305709666812,3027.2539162952644,2957.9657515249282,3183.4280790485354,2938.263683365902,2985.896054706954,3395.407662366012,2895.2941022106315,2922.0973345837956,2424.1301077722233,2743.2127159060765,3299.4290120241885,3477.016538961399,2530.1414125909605
81.89211136493748,481.89983728340275,1044.746573878899,433.58542566067035,618.7447293644832,1202.4170416601828,389.2580109617869,1128.5078979967914,951.9385320573216,1121.393040825532,377.2215152989631,480.2769729026737,520.5294589561845,0.0,1260.9699160765906,872.7775091220129,322.3998674327684,1162.6868885756885,478.8655591295982,729.4597000848108,1235.2530434056484,936.3551605148384,605.4513622155832,1100.3213627960108,1054.9985980835625,100.68138837373584,129.23666156313558,164.53808939774353,1439.053732969889,217.8383885106155,785.0437563810267,803.4069604136228,179.18545491484838,237.49389785724156,504.6347497485742,1018.346904282798,386.72260572197484,1238.1554943717317,821.378946043463,665.5775339295437,948.3493043650504,20.511743120578288,810.1485534723707,476.6767024678263,1010.329815220191,1150.2817081230532,1537.982875334886,80.11389477285107,1378.005651412143,1460.9267902029687,3084.8312039053194,2579.6841171979936,3168.4844265413853,3657.157056894277,2282.172291524235,3282.0607245139054,2817.3369339435167,2508.8372562964587,3190.424690953181,3312.9605809082145,2273.1364025479024,3647.0251505866822,3214.209200214744,2164.6340982668175,3072.3151760341857,3010.7640218035785,2622.7020254723525,2951.0631526403236,3645.0626225498904,3132.836793112434,3535.1423649992903,1962.7184572519325,3097.9864345183,3605.7062154629302,2708.167729978597,2808.7531998337035,2741.7454945683044,3340.8066743672794,2637.2952392698,2906.720515973232,2942.0071009524777,2493.9251817792024,3439.8986278917505,3547.3278974508758,3289.067968533109,3362.3865888599603,3074.2125065001155,3471.3994035090245,2462.028353342177,2738.4692094998327,3444.860070315711,2514.485632600312,3021.0489904753863,3237.5162684153315,3268.7448341141016,2936.353702972977,2390.9584235525313,3525.537401745002,3174.5679872714245,2300.2280682149603
133.9866920410824,809.2828893357307,1790.7938606602852,1366.6758601850338,1719.8994319536132,771.4300900281282,1061.1438026550168,1191.5345680931905,1116.7407677193687,313.5161042011784,1370.2650320842922,1303.4302222878077,1479.9640402948974,1260.9699160765906,0.0,753.4005789055464,946.1561841331134,904.7233318839043,1490.0830515288935,590.1868847628258,1271.8064125715744,1412.4308903809965,1510.473206096887,468.72260175650365,763.8977024691961,1340.4622941998873,1365.5877602040107,1168.1532750438876,332.6635799350066,1428.4076708698738,1515.3888872659575,597.2356918157774,1422.6615642141314,1238.798030035151,1552.3475743918157,1020.441065354584,1611.5415310291855,844.2251634094457,573.3534200973365,889.8999679867209,406.25828013730694,1244.586633601809,1295.7745159190697,1619.3053916092254,265.6927849796218,416.4705954984814,871.9734262339605,1260.7126977702462,554.2304605752556,483.80427253746547,3500.9944833284244,3833.0856517749735,1955.5373051462748,2502.6455986823953,3442.0071369436173,3435.3274186339568,1559.1374417979737,2414.0317646075205,2645.3976129976545,3760.375101796975,3517.6300347961514,3093.232700668893,1970.184882723836,2867.5464490573863,3914.5131969687195,1787.9327231363466,3863.1451946286616,1766.807274305833,2953.726423257882,1872.0924064288579,2783.177913023996,2710.481735503059,1979.039773631762,3096.2394274581166,3862.549965192302,3899.1481617655954,2251.3909229590727,2506.2891073363585,3098.789728564618,1687.5994847333532,3798.05217555131,3294.2317661728534,2218.60907021364,3344.73762127209,3650.1886097622346,3545.040802092589,3046.2582425907185,3381.6818594603765,2860.6105872031903,1978.9200567001865,3715.11136859547,3055.4923116541086,1999.433073063108,2809.13113451633,2850.622477771613,3633.747649384046,3310.9877638672697,2764.021452476365,2005.5622908944586,3410.2727901680328
136.6431528017383,449.42198390990194,1787.326318714857,747.2400718766585,1479.1267939799727,1252.036985625602,507.88081375838465,1489.7485589820099,1340.940883363752,863.4406844431709,1169.0308095117389,1188.50710350429,1316.2566033777916,872.7775091220129,753.4005789055464,0.0,692.1466553911547,1319.8295165656766,868.4963147036942,317.76832629609726,1598.1156235862486,1520.4097811788542,1383.958223029201,968.2070925562672,1156.5093245522226,973.3006802259163,917.9082966748897,716.7061711305964,1070.4823902105486,940.1092920147433,1493.3958815222186,213.68172457110356,967.19741176416,996.9495592674674,1340.0178523171273,1314.503767212228,1257.271170178941,1321.7685420575706,227.05457173131265,224.36111027462002,358.68367456323654,852.2681494976295,1376.720879628269,1342.5626348935205,526.0454700293334,401.57308685997356,1491.9374046617024,826.0442198185079,1200.8641668046985,1190.0217434263177,3747.301182374632,3268.3948074700183,2667.5508810954398,3239.42125548547,2771.81443133649,3816.6124291947426,2139.0996413199277,1864.601479345004,3300.028242193456,3993.348731831734,3089.573836151789,3757.2095807870774,2482.4128465583867,2114.8503781618297,3901.82965022086,2493.9456693215316,3267.6697169632685,2498.377307702215,3655.864231597211,2488.1683897630037,3498.7812214172764,1957.1771862743626,2727.4268131298923,3746.012334956516,3575.7045243464645,3681.5247708832208,1933.4325669918298,3237.3973581311434,2376.6578507085815,2144.6074827225575,3774.5162490304483,2541.0529946398783,2920.1170593892025,3884.330019646026,3928.763790026234,3913.7852554704573,3504.9756627833785,3874.210334852243,2148.015309745531,1871.8938921435372,4042.4007629432945,2319.080999572678,2159.3622099359445,3426.4726317835075,3465.0054483681356,3715.945600939164,2566.3025043879543,3481.6863399335225,2363.756989576214,2714.158180553499
50.22216590225235,243.10518703110338,1097.3405406772536,605.398736787681,822.4791712907424,922.3753486902633,370.61853473030254,947.4873871337023,773.630752964428,799.5321349371022,487.69798576705045,496.47861246377374,630.0337108460594,322.3998674327684,946.1561841331134,692.1466553911547,0.0,908.7916360661221,698.8238083954558,462.3649101489892,1059.7370495850287,867.0234693598403,693.4720500140256,785.9344078520279,779.618478172568,394.7245358205882,441.55544902592635,288.6183256110945,1116.7468359050565,520.0138403402939,805.2601711870545,560.0813041793326,496.83737236985576,322.74893846215514,667.9065659457391,803.8783616259512,668.3496073196773,967.8713499777336,572.2789715474518,537.7170814576982,668.1096118070121,308.90468779362214,723.9309620641533,700.5049310649495,704.3783484907569,885.6861892320635,1249.7252113787908,343.83702165891606,1066.2641579922315,1142.465300441156,3088.9913742416484,2901.664778118458,2846.226140009362,3338.7293505502953,2590.822429910935,3215.720439529628,2505.1022629816694,2483.3898246940157,2962.2869548987464,3329.185146304999,2574.302428329666,3421.9428248991658,2909.4956410787145,2349.9202161010994,3211.513397938269,2688.364330181765,2944.9557497254623,2629.8189766106443,3393.9774970212866,2815.8082691004524,3272.4955529685976,2157.001915275908,2781.842856282349,3389.0406595385625,2964.416127777623,3038.3653176184685,2621.957649271752,3063.0470236675696,2763.7412840690235,2610.4892278001516,3084.8950387231216,2711.1883532261063,3117.5292678244914,3396.2931588593583,3280.0008237789298,3304.9370281583388,2958.3662587675835,3346.0843267048804,2567.943777730741,2553.8574507434087,3412.2199899614325,2660.6564473333583,2777.491103062259,3033.254170385772,3067.003096850144,3025.5990136576124,2639.663462274644,3261.1775119137587,2893.9197398955002,2597.471455940703
84.21105116417597,1009.7803952862804,1073.4777983979366,1514.1859266861388,1273.9585999611802,153.73056249367804,1256.4439304856023,318.9521926814086,346.83099562713187,593.353215143475,996.6423735721567,857.2532243106239,1017.1480091723321,1162.6868885756885,904.7233318839043,1319.8295165656766,908.7916360661221,0.0,1604.1437766215763,1004.8209584656023,374.7607334870186,664.9897990927857,993.2984106697479,437.209215114699,164.12671286508447,1179.471095227336,1291.2946918312043,1191.4989318551216,757.2598860931104,1380.5089338891853,877.8448325202008,1106.8540684731129,1335.5622459508224,979.4937760504587,1121.9087442109096,213.1652509756842,1333.5785031625387,114.74805190470757,1096.5484258879856,1297.98459519467,1028.3482993351026,1159.4114591204889,617.4378132612109,1244.4586945184067,896.0728545552206,1204.990894649555,430.7099855949554,1217.349292094185,487.2828182594829,636.6241294490515,2596.8623505174282,3586.549872448547,2256.3271207284915,2640.5122904743325,3418.80807531616,2549.158499735374,2184.8294063052704,3174.5348401808346,2055.5222530409,2856.7863977034935,3088.521649782756,2515.7151866430568,2640.787567999512,3252.7929445255663,3091.4657370900795,2128.519676601159,3668.4258773319707,2004.0641197098294,2487.3792729695524,2412.094831151534,2372.7520524975557,3062.8388401832362,2067.935453948358,2486.6614777470554,3257.0437286551182,3226.4196272026193,3121.1440566036686,2181.965532672943,3631.6171603578277,2429.8976316093326,2983.2728067175,3619.848129454758,2531.3825671463046,2564.9389906517395,2745.7161444274143,2655.195441198022,2196.7053971330956,2557.8624405059913,3420.835195432347,2882.0906902874267,2815.867545861704,3543.2203087836915,2876.8611757297112,2140.627527364347,2176.376692750534,2768.425488778601,3543.8391550052384,2362.929704265114,2799.1097506079523,3454.3225071989896
146.31713521507407,698.2877658060352,1476.286500292475,124.95142423203721,959.906519737794,1620.9577467569495,429.5481885577233,1601.0802099039156,1423.8706867776518,1439.094920875859,830.7055209858163,952.3736810182127,956.0071444446444,478.8655591295982,1490.0830515288935,868.4963147036942,698.8238083954558,1604.1437766215763,0.0,900.222170062301,1709.520055544393,1412.2361625609074,1043.7191294520908,1459.629282374182,1478.414693771013,521.715044162202,377.05204389356436,412.65213745411245,1737.1085336473666,303.58630376807133,1242.0629478954356,916.5046588252374,369.7084195749095,714.5590337298112,906.1988806478239,1479.8471652817918,661.2161010149115,1666.5398719332422,940.2823926819872,651.1383295657483,1104.507664255315,473.1652486672208,1288.5239209888014,821.5247501787547,1224.3974357754878,1247.5377216968025,1945.5860286244845,405.3286004756096,1740.7191885578138,1796.2264189397695,3515.1905397237547,2400.075331987993,3444.7060853864004,3974.4889201576643,1952.257121241071,3745.6780338560748,2989.3331962317993,2153.9592574191915,3651.109988554398,3734.400029570231,2258.2281897679413,4109.526769490401,3347.0969350073274,1685.9803478308784,3381.893125225472,3277.9409401007265,2403.6420258594876,3247.8329026989595,4091.2522938217835,3328.88789841759,3971.274479638415,1484.8619707962832,3430.431915364878,4071.999170176725,2824.819833049441,2981.8204857774854,2499.036596279786,3760.2478924252755,2167.74207190617,3012.515208851172,3248.6324478191095,2023.2310048565203,3708.6727489191603,4026.1927103375583,3726.252563808889,3822.5187301785027,3550.6045820605877,3948.785613768001,2001.963514662799,2596.5018806852836,3893.904936963318,2039.3279892708833,2986.066539574033,3708.136325240547,3740.1723750352667,3301.6315369211534,1940.956983274548,3959.998748528378,3228.073485099992,1930.8263456080717
94.25753383995489,247.6921806265413,1520.727745708285,776.5651338703767,1284.5440075288243,944.6954735024269,472.2431263128293,1173.201909210141,1027.5927933825385,598.1437598798314,948.4858574401741,937.898835627552,1087.0235588649884,729.4597000848108,590.1868847628258,317.76832629609726,462.3649101489892,1004.8209584656023,900.222170062301,0.0,1281.0155589964977,1224.9537080687194,1143.9896344719405,677.7906448078253,842.3253225041381,822.5408995833797,813.784488055805,606.4879526734263,859.1459728951403,864.28579802074,1225.5379490153475,115.1677326790628,869.849787356821,785.0943963044889,1129.9735359333822,997.1977828869747,1109.6030314294737,1012.4599390605404,117.88548100974702,330.9238852742678,220.35308743286456,710.3931783616756,1083.0451811893129,1159.8388834597959,324.74906330156716,425.22341728209597,1205.2062361946853,709.6638831757875,933.0509809980285,948.9574621359484,3445.301104893955,3263.491312355696,2545.627364552354,3085.7863934817246,2851.855234699738,3501.116148971433,2111.2574963646093,2182.093713078849,3007.23093495745,3693.8438864319423,3001.3705725403697,3466.150514684474,2493.982458942855,2349.839764662037,3654.5271775085494,2378.0862470851353,3284.8617167865114,2353.600228116898,3381.4974352659947,2440.886523374572,3233.157948718029,2178.5293738898763,2551.939780156178,3450.5207535912295,3422.290148799942,3500.571858620054,2221.697230831445,2985.3173349553654,2658.9642799617823,2179.8460373967273,3529.737989959973,2757.6337950122306,2808.7096720774343,3569.752423595021,3622.8730473981773,3599.1685027713206,3187.2258495200253,3556.9840680595926,2437.509017585156,2108.1065437316847,3731.3304717079345,2588.633659223747,2315.202588410746,3123.6836497979775,3161.5047594812886,3444.1210552551697,2748.215198625712,3217.564129994915,2445.620731615504,2821.545743201791
101.17223104978909,1224.1167401535454,804.6614163413219,1640.7611117825809,1154.8045642726222,525.4464783408109,1429.729275598037,112.57047690567104,287.56426108367174,958.413475493631,963.9199188021065,814.9531008884834,927.6666481540735,1235.2530434056484,1271.8064125715744,1598.1156235862486,1059.7370495850287,374.7607334870186,1709.520055544393,1281.0155589964977,0.0,439.41135537982535,874.167319188344,803.2394784197982,508.83109322035267,1220.9440640839703,1354.662763252214,1310.2355232261186,1130.1771065563132,1443.5804028952143,697.11720160602,1391.9303343808526,1387.3971385298742,1012.0309858519663,1033.1509118835706,284.066277455523,1296.273507436142,467.2162141691448,1386.065057374653,1534.4833524463093,1346.8172118686045,1238.260097118467,478.6751266674289,1168.5158740548877,1233.0862386083595,1541.7611518429196,705.0926891625644,1304.7434093260101,851.5375522345042,1001.0632570513092,2230.72480146173,3458.8446852236884,2533.2317067827853,2859.1442279609532,3389.095063557247,2222.881619653926,2533.805463382081,3462.6447889804135,1972.8669112415796,2489.254548651474,2890.1878407015147,2424.156098278424,2993.1106158700077,3392.50198547553,2729.353265474969,2419.206664228671,3561.48346697956,2271.952711073992,2459.1028804816406,2742.0757241402057,2377.590907674945,3193.64405226455,2289.5002205059673,2376.6037835687566,2979.042008863324,2920.377419913573,3458.4002931385357,2236.751906155734,3823.470027948397,2794.4478830801395,2624.075766493502,3729.174274373155,2804.729720201255,2336.5897290737857,2386.4085322905435,2323.6732785922272,1913.7082101320868,2293.6947589522624,3626.4197102675525,3243.0231679626263,2469.8014748514424,3718.392497541644,3251.4010392440887,2003.5367623542602,2034.1415181429757,2395.8179667012073,3617.101090180192,2372.8565250967254,3168.7694994866606,3451.942113538215
