0.0,32.92478772090074,50.11395510968097,59.301270071464955,48.189937744940536,48.11776117156245,77.3666052050815,48.8602856368693,92.22390549077251,59.300491549739135,36.880121430282244,46.57021883783829,72.63563548272438,41.076670430414076,61.07796948240767,36.66351705412242,69.8701079945603,40.023464705437235,17.54601904517734,63.93302462895059,75.7791064786012,50.87007939777526,44.269122580689945,61.606417404564006,70.43875828978786,833.6700483734513,839.7991505715017,816.7013800916759,848.1024245009895,828.5106400661767,893.1805637056364,849.9543230243528,808.8739194477885,886.7690869204636,824.4905446880155,881.7833505566274,810.5878470112549,804.8389153460582,849.5618939731174,841.6011274585368,842.7379660571808,808.7966632765587,825.1630732235952,851.2620866364564,840.825196522449,893.4785874325127,867.3046716781971,846.0974753623792,871.5965757224706,815.2994260317622,325.93588966504734,295.9602599736979,267.9440725649616,262.45611286028077,329.9388654495459,335.7887517665183,307.24419858567694,299.6073225290856,264.8103437125417,296.18767622994847,316.84498224101077,301.0842423105956,330.70943429182154,309.7526260629306,325.02150752558475,326.8240561055425,309.84814362832054,306.7876887097832,301.6152564085043,299.3779634384271,305.7442096095046,329.2273814311808,298.59841068875517,309.8061347311221,297.54545940493455,838.8630472928417,872.0103935181469,837.5549917851072,792.582726051828,810.7033737260799,836.7245181854826,816.8061201157824,873.7867081267653,832.9542178291547,803.5791837006913,813.2074505105965,836.9018217858651,818.0446925219278,876.4342085608081,861.9865413310165,839.9616276006308,833.5922111283545,867.823934371468,829.5578266993571,849.8286912573019,828.3862214708148,852.033696375174,834.9170769846264,820.9060755243383,824.1540380843661
32.92478772090074,0.0,21.36427372538878,32.5281822296003,31.269905419871325,19.270077406340928,45.737908719683226,19.509785528482407,60.40197987366158,39.74100616982403,10.847345959636112,17.685280023978056,40.15709122213606,21.563500505379928,54.43669247795303,13.395830905090099,61.18021677646672,7.488680812918742,24.568362294304603,31.35323405753025,42.91273411224363,20.90862157349721,13.134509505506712,36.574489093424475,48.077099963044994,816.8536165432766,822.8583989083446,800.6331319256562,831.8771113590235,812.5941192677697,877.1160236775326,833.6587618743736,793.6794605147727,870.6898615445552,808.5907532946181,865.2441672283575,795.0611442044082,787.6926983842236,832.3231388846251,825.3746927935265,826.2656208636283,792.9139223441186,807.379786549481,836.5310998604923,824.4963205605586,877.1953534343623,850.4888938747131,829.9755461966212,855.8021593979835,799.3923986157537,319.148601596333,294.10082591358804,266.77278861324106,256.6240479306721,327.2984255135686,328.23039659382846,302.5995509516847,296.38140106212325,258.8452057444194,294.70226360777957,312.59020354649454,298.7064930590316,325.83127512215685,307.662099411545,320.4505330897239,321.52905598914106,300.6549421494479,297.1299554997513,296.9586875060889,292.64665940075565,299.01069333168317,328.6035718687794,294.1007365619589,304.9504901674939,290.94417249806537,816.2065768632423,849.1773226312117,814.9200366142531,770.5610042440456,788.1303656825705,814.1924653831171,795.4427890269376,851.4251737938058,809.9001674215784,781.1285082280896,791.635691297433,813.4665247506612,794.5875409625667,853.8028612489715,838.7163071950241,818.6863773110617,810.7611684218166,844.6037278715812,805.9866853918684,828.0505632292289,806.123245605198,828.257699692128,812.4089734773993,798.464865633259,800.640261389475
50.11395510968097,21.36427372538878,0.0,11.294540411780398,18.933727667431288,2.12270525234069,27.94061341196135,2.022020500767152,42.7070984291766,22.18152857470798,13.269888622607812,3.7487854736299546,25.303428232656366,39.02678715805358,43.4171967573971,13.684201600022522,47.784438607628225,14.981756663536846,35.795242609317334,18.305042740815406,30.519728889663927,2.6677607497684237,8.807969626454652,15.812490361688914,27.8303523925152,796.133014261024,802.1138143674219,780.0621424330584,811.2695623603566,792.0526578961064,856.5349212356396,813.0368897827809,773.2974273242171,850.1066052483825,788.0534082601706,844.5703163084155,774.6055225725935,766.9150404425305,811.5232937338799,804.7678394398037,805.6098195841342,772.3826673392307,786.4892701125209,816.2473146630995,803.8690868011745,856.5702242815051,829.7641734879295,809.3891842922985,835.2798219437391,778.8550063683997,332.54069037123816,309.9027159769148,282.9755912667903,270.7849228828561,342.6437243089667,341.18769025375036,317.11267779404284,311.57460430494496,272.9286859154384,310.6608901136039,327.2487234922517,314.2668591715406,340.1461326561839,323.3148992681568,334.9312166056616,335.6575577007404,312.8448610222853,309.07764713576853,311.489072545361,306.17818085047264,312.5128018178016,344.8104039828189,308.71798878190117,319.353867611412,304.5493050474321,794.8456001694674,827.8139882317115,793.5594254854657,749.2187962263637,766.7711150340923,792.8338144009987,774.1342568889619,830.070226933475,788.5358957849154,759.772056771215,770.3148216530917,792.1051337913871,773.226379102923,832.4420456953452,817.3530065157016,797.3827738281224,789.3979914363539,823.240044957061,784.6277504673343,806.7179844637567,784.7717232122461,806.9043165615756,791.0508527659503,777.108449525915,779.2801331534574
59.301270071464955,32.5281822296003,11.294540411780398,0.0,17.975162865512257,13.312215064996671,23.38146110526984,13.281467560273152,36.88326575792244,14.899889421045511,23.39992309469995,14.858024082865422,24.36908577800642,50.06202070251347,38.946712360612715,22.82048069200021,41.4014062445622,26.273151986465443,43.54763173235629,20.932240591880685,30.729902540484133,12.62329956465514,20.080761895707756,5.095145130573038,17.084161914528636,784.8599275382865,790.8375358171918,768.8128591822444,800.0137593649333,780.8086834563037,845.2834642606864,801.7786834996938,762.0858437377324,838.8548005370475,776.8102231394039,833.3037760668407,763.3784001632395,755.634806726148,800.2404662282667,793.5121847137226,794.3461901308633,761.140719767565,775.1985073874588,805.0575075256376,792.6100383018643,845.3112999946071,818.4904256838621,798.1370309223109,824.0391825328643,767.6118684375375,341.3977465600933,319.717358945704,292.9540774578134,280.002312079128,352.26761804435307,349.86000846207077,326.42921235770126,321.15830715138026,282.11364023994776,320.53335928404834,336.6154286895821,323.9883487798357,349.3691352265159,333.0660644085145,344.22314160925475,344.80928872813706,321.2226972534382,317.35777579289066,320.8163643654684,315.11287914592185,321.4302723216157,354.75794089298967,318.0812188705153,328.625695768007,313.51502552294716,783.7168445589425,816.7016448968541,782.4288120090999,738.0397276126663,755.634420460425,781.6946552209748,762.9152779724094,818.9186723317933,777.4425591296532,748.6252126121124,759.1075836384256,781.0499659158879,762.1728221774904,821.3123707817279,806.281755069271,786.1596936221309,778.2842031607379,812.1639930145805,773.5868204523805,795.5245101680146,773.6112383920271,795.8870337212663,779.909688604732,765.9614578429824,768.2328191535688
48.189937744940536,31.269905419871325,18.933727667431288,17.975162865512257,0.0,19.151149300811824,41.35314684916932,20.134275004262868,54.649562914152305,11.132816244161015,20.500257064922376,19.40071892912929,41.611422662009524,52.512613120854304,24.805652740971674,17.888563034613668,30.31703626999418,28.554617083079133,30.84378276126241,36.29996226997798,47.64808055243509,21.60037929692724,24.319792512495006,16.93327272917015,22.561987904984505,788.0462964215978,794.1072607646973,771.5057580128604,802.8188574431617,783.4072625025248,847.9977937934623,804.6299861245186,764.2121551666933,841.5767912416068,779.3966073272545,836.3227781882243,765.7189202150084,759.0293958611279,803.7089431788356,796.3159784958605,797.310356358503,763.7105762498308,779.0211320020583,806.9038119390742,795.4801837571549,848.1672491630673,821.6859747204744,800.8744193830114,826.5728207396223,770.1997542961211,349.2740859787527,325.14125541311785,297.90071994665004,287.0801642866694,358.2169300583651,358.1378379690805,333.2182789854213,327.24430105275843,289.2687518764205,325.7815343221065,343.26823868273544,329.682453361385,356.376693219731,338.6658827833426,351.0615923995301,351.9948099630307,330.1283204016493,326.459508118792,327.58246695043147,322.8306198274798,329.1828430095056,359.74287429764155,324.75746990208455,335.5260169900544,321.16269994032064,790.9196795843558,824.0337388427457,789.6160065986209,744.7821661436031,762.7755079106321,788.807363004016,769.1909231177889,825.9103173668457,784.9344957818903,755.6773754778919,765.5306104073279,788.821704939917,769.9605613564852,828.4985525607283,813.9324501145173,792.3755567955593,785.6135646320769,819.77812945176,781.4587886032766,802.0974598010725,780.5294938545968,803.9105960983243,787.0050027840193,773.0077324882418,776.0623896594906
48.11776117156245,19.270077406340928,2.12270525234069,13.312215064996671,19.151149300811824,0.0,29.697408499200648,1.1225001589704835,44.51177053363058,23.399790707296884,11.24274068504182,1.6270452332918848,26.646795467120043,37.27856763338091,43.85954358272451,11.862412389287105,48.56874039760173,13.029906371553427,34.03922212150755,19.237126899994475,31.612157909245205,3.2776258632069415,6.9438500090065265,17.6857360691374,29.621445973802913,798.0843575924682,804.069083888582,781.9896408402833,813.2028903992626,793.9756087870398,858.4642408346243,814.9724802333686,775.1960185116673,852.0362425740806,789.9757077653305,846.5142570385354,776.515234533973,768.875656976582,813.4877148919386,806.7010376131923,807.5507682732753,774.303967869361,788.4690324917165,818.1314807750753,805.8054960750742,858.5064550057948,831.7162770517134,811.3191826387963,837.1999638435803,780.7772800848204,331.44151294691625,308.53903511414717,281.56433760196217,269.59419757800384,341.333789798166,340.1360519857216,315.8908240345934,310.2780290493739,271.7466330719879,309.27994916675675,326.01229150718314,312.9303028763266,338.948452252628,321.96913069693244,333.7149732646748,334.4795414663482,311.8707453429598,308.12848003953906,310.2646403204763,305.0605261123221,311.3991986907103,343.4051138312713,307.48378420629035,318.1441798563263,303.42353709052935,796.9365000666941,829.9078496448291,795.6499730446229,751.298525545022,768.8604709544258,794.9226921328614,776.2016983671563,832.1565368771284,790.6328268501859,761.8593412804431,772.3863252312465,794.2073892337972,775.3288275208131,834.5327883702225,819.4531601431844,799.4486912270935,791.4915871840882,825.3395352882827,786.7317329589445,808.7937578736644,786.8560216256628,809.0109221685434,793.1393252548462,779.1957111993378,781.3833525546592
77.3666052050815,45.737908719683226,27.94061341196135,23.38146110526984,41.35314684916932,29.697408499200648,0.0,28.801787071115836,14.865180519251988,36.43652673666607,40.690816194465256,31.112268887096892,8.390130607683698,55.54274015525792,60.65514063066066,41.55957032781164,61.22117490041592,38.24966879068055,63.72498910363212,15.623289555098305,13.082720171669424,26.66938036931018,33.18436595317342,25.681978403451744,31.573562822049873,781.92171979787,787.7850170579908,766.5362019616143,797.5654593138069,778.6463251636337,842.9224027617252,799.2683555595253,760.5579917179396,836.4880125057416,774.6670311400687,830.5505150579378,761.5686823293245,752.4457388046358,796.9191054617728,791.0704894594686,791.6930667343455,759.0319173407828,771.4290774763338,803.862558117486,790.0818313679139,842.7642160091144,815.515264698376,795.7790865357905,821.9298869427539,765.4740912318688,331.7619629649117,313.467882574634,287.4737895539441,271.71743644583364,345.18560191130115,339.65257188598605,318.31763968694764,314.0146818504945,273.71231044597744,314.5153672864317,328.64740682392915,317.35841735310635,340.87752226245993,326.52465890669805,335.97722993359395,336.0940624939676,310.261527028824,306.14327715409337,312.7587873954748,305.7918240114844,312.03635540336165,348.95405403106935,310.15635745069955,320.3553912233954,304.29569848601597,775.4438438260263,808.2336521934609,774.1776713872623,730.4174647794127,747.4642824649317,773.5438886310607,755.8981528355417,810.905382108323,768.7858796652145,740.5796122900418,751.8964077407559,772.0147805965559,753.1291172120607,813.0370529233327,797.3927760219336,779.2053586688796,769.845211451997,803.3204034612831,764.421847641224,788.0867020123552,765.7267248522398,786.5033143005611,771.7834785114628,757.910898774268,759.1285838950258
48.8602856368693,19.509785528482407,2.022020500767152,13.281467560273152,20.134275004262868,1.1225001589704835,28.801787071115836,0.0,43.63701848090709,24.01690972559488,11.98669952099462,2.312584977123845,25.597994643240614,37.006567315165924,44.794584027814885,12.787849867543565,49.38954813545906,12.993886536497028,34.9731112042439,18.12715378273209,30.515204009665595,2.2136792877395006,6.801436329783122,17.833903909654968,29.85084530159724,798.1349319074174,804.1143642967727,782.0711608061422,813.2770185582576,794.0628122939884,858.5434505654389,815.0437117672119,775.3126507840135,852.1150518743849,790.0637212722802,846.574640424862,776.6186405400617,768.9136412264432,813.5204165506257,806.7753328487615,807.6150727277134,774.3932229780729,788.4798383860884,818.2647869812304,805.8756770995201,858.5768550810164,831.7658231148513,811.3975429934297,837.2906400368506,780.8653274169877,330.74601801474637,307.9866456138019,281.04112765100575,268.94459578804776,340.74985275134975,339.41787848705707,315.25789947332765,309.6863448270148,271.09252487949306,308.7380406914711,325.38725777855615,312.3617729627557,338.302785547412,321.4060744345712,333.07911367469916,333.8236086816005,311.1171413183721,307.36392679798706,309.63307696361386,304.3739789438981,310.7106820773346,342.8783548336605,306.85747629451953,317.504778643303,302.7409997434958,796.7290387239045,829.6912449040033,795.4435702137093,751.122288077406,768.6576223537743,794.7212284822531,776.0555313033908,831.9624227731979,790.406302265756,761.6625035439445,772.2306060300645,793.9621485448744,775.0828803686138,834.3257767349127,819.2155415967483,799.3060087347228,791.2758428658299,825.1042518863114,786.4799324774908,808.6275742766933,786.6675368919545,808.7485469548216,792.9390435337484,778.9989271275516,781.1344911857752
92.22390549077251,60.40197987366158,42.7070984291766,36.88326575792244,54.649562914152305,44.51177053363058,14.865180519251988,43.63701848090709,0.0,48.02174430945513,55.54986691597291,45.94925842083778,20.834205516567707,68.51024315771113,71.33819746736259,56.366129934512834,70.40031984064412,52.91897528972996,78.5008692644005,29.47474255812013,21.404361874505273,41.51920681495691,48.007727206789546,38.035069755734895,40.45100283612698,772.8856614120375,778.6884589690184,757.8479062756815,788.776948671415,770.0134212799283,834.1648547815099,790.4470943320028,752.2667158735529,827.7294327278482,766.0455857934567,821.5938435383235,753.1275197728559,743.2917626505961,787.6826595152588,782.2875986876326,782.8004390083622,750.434239659906,761.974999388261,795.733337526221,781.2543857753362,833.9102518312337,806.4493374290206,787.038153267254,813.3101801035607,756.8588280743851,334.40687893274486,318.3866628526362,292.9387984708557,275.4511853715657,349.50323713288935,341.87893325005865,322.0278581300971,318.3662768359999,277.3617375023596,319.575450044644,332.4269076104775,322.0284392064838,344.28128727308865,331.2280905084749,339.55586530683945,339.3584452067133,312.0202838523205,307.72863477498396,316.5190354650863,308.7202903615982,314.8977954853915,354.0676164904019,314.0108919010558,323.95526115351834,307.2980776057991,763.8802438778728,796.578467945458,762.6238439896337,719.1512966838242,735.9524273137583,762.0337734334452,744.8964142255669,799.4462738455069,757.0591058066548,729.1239285179266,740.8080663049063,760.1271697219919,741.242377319072,801.4637148384394,785.5609787109018,768.2256783304124,758.2113791559639,791.5064728874262,752.4816728813458,776.8870408596748,754.3349673729665,774.467401717717,760.2844832981922,746.4484248943659,747.2150359217386
59.300491549739135,39.74100616982403,22.18152857470798,14.899889421045511,11.132816244161015,23.399790707296884,36.43652673666607,24.01690972559488,48.02174430945513,0.0,28.98112545144169,24.359604893288097,38.883538634971806,60.02077277212957,24.35289723400439,26.92022238769261,26.536567026031108,35.44333357878201,41.97658767345023,35.8092164968703,45.357177895084746,24.5619744392906,30.00922103602445,10.914512698561818,11.618303348321025,777.8384797371896,783.8788042368484,761.4252904246603,792.7101580791119,773.3527426370914,837.9152296581689,794.5092106516529,754.2874592233024,831.4919051862889,769.3451771012764,826.1598205763393,755.734141639705,748.7683002159762,793.4318794197334,786.2073107848998,787.1597976858048,753.6627926454212,768.6585908139865,797.0621124510737,785.354030162553,838.0472057315035,811.4773817655305,790.7835651812198,816.537997982421,760.1474383516114,354.7154146895923,331.9157242774524,304.9025268190916,292.95943494065307,364.73153087249005,363.3415094481266,339.2746155190338,333.6774968976493,295.1055954550521,332.6446792494439,349.4023875878613,336.32059884154324,362.3186277897744,345.35539387701226,357.0960140192626,357.83558996684906,334.9371802756671,331.14307004067024,333.6496294324894,328.35733313479943,334.6911742056891,366.747709155704,330.8729554431583,341.5215974134449,326.72966129227495,779.9581504691755,813.0579138741134,778.6563041516816,733.8778039239822,751.8206825534573,777.8566085704798,758.3542976517322,814.9754468538337,773.9401889110874,744.7332295986483,754.671869172827,777.7989381019914,758.935898123938,817.5398250587609,802.9221324963573,781.5487862272671,774.6372374728949,808.7716556710637,770.4264110263538,791.2181499291214,769.6029095359878,792.8650195477255,776.0563290838286,762.0647609107154,765.0338702052045
36.880121430282244,10.847345959636112,13.269888622607812,23.39992309469995,20.500257064922376,11.24274068504182,40.690816194465256,11.98669952099462,55.54986691597291,28.98112545144169,0.0,9.6906846575193,36.80408215615978,32.039630410293135,44.239281017312074,3.004012887785618,50.62190784005167,9.18698064387653,23.467778979990143,28.574333822590564,41.006078147243706,14.042187642133193,8.776384391222795,26.822548209591854,37.825333174247405,806.4815041376471,812.5009492078494,790.1791098347345,821.4411345821329,802.1254066354415,866.6656834319008,823.2302937320468,783.1412572979776,860.240716583233,798.1201432112633,854.8436926739581,784.5535465817482,777.3572328800907,822.0015613802753,814.9384756411811,815.8557250634616,782.4407163102723,797.1249223439157,825.9550526516587,814.0708851321697,866.7678452385564,840.1186294224759,819.5286965112751,845.3235834135365,788.9219900811892,329.24254005910103,304.6858876264921,277.4172047199692,266.8787018319638,337.80900651603656,338.21998044378796,312.94242980554407,306.8587041274961,269.0832469529175,305.31300054655924,322.965280654329,309.2510278109619,336.13672527268255,318.22407195377605,330.7901912916905,331.79310918880856,310.437856459529,306.846103553217,307.3039691515556,302.7670862581897,309.12585203027584,339.2568417482943,304.46350247964256,315.27065114359044,301.0815498794856,806.8148724494384,839.8293013945973,805.5232578027701,761.0238496058892,778.7172590737704,804.7719881056842,785.7709437457195,841.9687763511631,800.6022293817678,771.6869601292676,782.0057140512446,804.2633353546768,785.3884588089417,844.4080126224218,829.4735276988299,808.998756852835,801.4099096480214,835.3489615378799,796.8176135108008,818.4660681835381,796.641628759489,819.1435930130546,802.9828996823611,789.0225489693767,791.4560725334544
46.57021883783829,17.685280023978056,3.7487854736299546,14.858024082865422,19.40071892912929,1.6270452332918848,31.112268887096892,2.312584977123845,45.94925842083778,24.359604893288097,9.6906846575193,0.0,27.795284120063286,36.01205191825367,44.19235318323263,10.497884634993943,49.15504656848291,11.611603611989679,32.679483331998135,20.136167475276434,32.57853869841455,4.473544253897576,5.69096304270131,19.124838833527118,30.98425863347772,799.549864112156,805.5379016379628,783.4351070063016,814.6532177080247,795.4172533881024,859.9111649233835,816.4247062621955,776.6173486309922,853.4834385433741,791.4168110066379,847.9734816537677,777.9458314142008,770.3490275854009,814.964272238585,808.1512617763879,809.0075062745481,775.7442510341857,789.958652732892,819.5407729522142,807.25841835225,859.9591825418746,833.1823978723542,812.7667170837534,838.6392163642722,782.2183710574843,330.6705876148843,307.5580726829754,280.54578400958513,268.75222127806626,340.3951981661371,339.4025226256693,315.02290974578796,309.3506906567932,270.91148749308707,308.28514065311055,325.13256846097624,311.9709634678974,338.0992875562246,321.002248137064,332.85115754092004,333.64607694484243,311.1990144195452,307.4764938458537,309.394797598567,304.27557634327115,310.6173042462482,342.3901858783027,306.60622619125155,317.285892342142,302.63219954663873,798.5248065380283,831.499013583454,797.237941077327,752.8762714788464,770.4473021300389,796.5090603699437,777.7681067069548,833.7404525379549,792.2270000642582,763.4441981693769,773.9564527986979,795.806872926109,776.9285093358849,836.1209364600167,821.050525784364,801.0137029689424,793.0824998525219,826.93623781885,788.3329753491832,810.3678114781026,788.4380443715828,810.6148731106999,794.7253068445696,780.7805423198848,782.9838166354668
72.63563548272438,40.15709122213606,25.303428232656366,24.36908577800642,41.611422662009524,26.646795467120043,8.390130607683698,25.597994643240614,20.834205516567707,38.883538634971806,36.80408215615978,27.795284120063286,0.0,47.88499641957168,63.19095238994325,38.20834175630569,64.86587814329975,32.7537851397036,60.25457111712436,8.819622013858849,6.54119940606972,23.385088863977572,28.516160323119493,28.006142414526675,36.34807242436935,790.3006628751834,796.16167782315,774.9241179684105,805.9515795306656,787.0350476593375,851.3092516755947,807.6537478064065,768.9477715522565,844.8748287727242,783.0558881105554,838.9323090841768,769.9587774005485,760.8198290302502,805.2896092182087,799.4567135822423,800.0766219990186,767.4210212905759,779.7872892137141,812.2505598781078,798.4670539716348,851.1489283491602,823.8932317693905,804.1661554248973,830.3188281840048,773.8630077238734,324.2356533949764,305.44757600833645,279.36622492989545,263.94902987007606,337.27276001847383,332.2342896034259,310.5394087138464,306.101933472732,265.962238930017,306.46988849857553,320.85113380195435,309.383022040815,333.16293944034214,318.5410678607054,328.2238588815232,328.4133844175255,302.98438525644923,298.9181845170915,304.9710044647293,298.202196833989,304.46136924679246,340.89330407305863,302.34859931645997,312.6013597878243,296.6882214266924,783.491235221397,816.2579799549538,782.227491318167,738.5335993511954,755.5240925671909,781.6044984116734,764.0681443406432,818.9787936463257,776.7905621915181,748.6528720805511,760.0496315863979,779.9740748774049,761.0883945766457,821.0824916169315,805.3685831641707,787.3797913542733,777.8745967325142,811.301372418348,772.3654068834949,796.217791120904,773.8153207809352,794.4176852487187,779.846774048009,765.9827954511895,767.0800319782651
41.076670430414076,21.563500505379928,39.02678715805358,50.06202070251347,52.512613120854304,37.27856763338091,55.54274015525792,37.006567315165924,68.51024315771113,60.02077277212957,32.039630410293135,36.01205191825367,47.88499641957168,0.0,75.99956538680762,34.8116181640141,82.64531650777647,24.585187530747312,41.31801758922779,39.9529139171126,47.671352022578965,37.438921779553354,30.346027080924628,54.813933146710276,66.85713385336935,834.5423912643936,840.4905803167303,818.6448937383069,849.812611908368,830.6637676599184,895.1035850300337,851.5642464078288,812.0424717048772,888.6733436790709,826.6686431243785,883.0358867996594,813.2937154916535,805.2474156954827,849.8194408243003,843.3119803763861,844.0990294975177,811.0044528711343,824.6361103992996,855.055999038888,842.390999655049,895.0917587249303,868.1660576347181,847.9546968446685,873.9069222386775,817.4706646917737,297.626539657907,272.6463534366135,245.38815941807005,235.06424407675522,305.7871828323457,306.75127989357804,281.0371355813082,274.85248884594967,237.2876176350711,273.27468886996013,291.03133935015694,277.21756664123296,304.26779652931435,286.18694822797306,298.8879616376647,299.96770709905803,279.2972751932059,275.81917682134485,275.3964241713008,271.11657353474214,277.4820995515803,307.2307802395505,272.54012737615335,283.3870754932041,269.40883507655707,830.7246046716518,863.5611812778377,829.4530837035367,785.5164444893152,802.7177192638525,828.7944708517737,810.7954891870145,866.1230952828269,824.1502868274295,795.8004391404538,806.8627517868457,827.4469159362905,808.5616046823271,868.3209320845858,852.8020327930354,834.0817292019219,825.1638713226985,858.7220074276712,819.8731848257249,843.1326351677725,820.9058589621587,841.9843439687072,827.0277042172523,813.1344598739228,814.5707136922935
61.07796948240767,54.43669247795303,43.4171967573971,38.946712360612715,24.805652740971674,43.85954358272451,60.65514063066066,44.794584027814885,71.33819746736259,24.35289723400439,44.239281017312074,44.19235318323263,63.19095238994325,75.99956538680762,0.0,41.32742173555199,8.953753043600312,52.93282683975043,44.431477916265315,59.51146670493075,69.63043200209616,46.070230448762544,49.08507173590543,35.267170850289034,31.18552706177417,772.7764432457935,778.9268420532632,755.7033131219517,787.1202879706417,767.4957125938946,832.1767198753911,788.9808536076863,747.8085247198093,825.7672405002337,763.4742390075036,820.8406005213542,749.5411540826527,744.0108986208054,788.7463217049615,780.6196551226922,781.7891396133942,747.7797617437104,764.4775683447895,790.1844010613764,779.8568383910799,832.5001439532084,806.4071413876461,785.103230154253,810.5677087123415,754.2844601780729,373.47497011802704,348.3603922040305,320.912921487515,311.0446890001975,381.65584574740797,382.45843756497874,357.0362335815883,350.77042253039065,313.25967511826104,348.91322774067316,367.0240939783253,353.02676369786536,380.2654487665893,361.95700630771296,374.8872255099102,375.95379681275983,354.62571361755226,351.0030463551624,351.3953410534246,346.99342786230307,353.3535810668635,382.7062182450092,348.5363827721939,359.3862674588198,345.303215846406,780.6243479137004,813.8937524465556,779.3001399104136,733.8967336350428,752.4163085420105,778.3900859105748,757.6684438587096,815.3029207259968,775.0434895057969,745.2021766051031,754.204434300943,779.3209090590228,760.4965120824145,818.1548235114085,804.2432355097634,780.7585769443549,775.4963590721777,810.0336271822097,772.1056534615691,790.94376106198,769.8537858743459,794.7577523649129,776.5652579316051,762.5113318055546,766.653033824827
36.66351705412242,13.395830905090099,13.684201600022522,22.82048069200021,17.888563034613668,11.862412389287105,41.55957032781164,12.787849867543565,56.366129934512834,26.92022238769261,3.004012887785618,10.497884634993943,38.20834175630569,34.8116181640141,41.32742173555199,0.0,47.83656421070738,12.17430433657552,22.185346588702867,30.249453125205406,42.7258196854829,14.971387404511267,11.034682319735886,25.777594056312974,36.30198122042098,804.6807120062225,810.7112164974376,788.3137708412479,819.5901597877679,800.2478218058804,864.8026659128741,821.3853301626402,781.2037977006611,858.3787274868989,796.2410165376949,853.0205563972929,782.6431088349358,775.5843278069336,820.238423008332,813.0873682443226,814.0255682326185,780.5595749092843,795.4099644270585,823.9823170821253,812.2284313930489,864.9232623221593,838.3189130885233,817.6689356072703,843.4373707987374,787.0431198541556,332.14756124986695,307.4420931987838,280.1411990310242,269.7482391796677,340.59879875382427,341.14327842369767,315.7892068819533,309.6612505247825,271.9568365519939,308.05607215886664,325.8026351920334,312.02618061500755,338.99414683186944,320.99141011189744,333.6380859447354,334.66119913084356,313.38927121862713,309.80489469700115,310.1499884481871,305.6666711253049,312.0265539968594,341.97585217839867,307.30436215860675,318.1238447764087,303.97773064152665,805.6056369932954,838.6416742454189,804.3114553105613,759.7398890644957,777.4975794148525,803.548063984413,784.4139376479615,840.7257227909435,799.44040297766,770.4527757024308,780.6716372168675,803.1482423845679,784.2757280436377,843.1965551032521,828.3385532166417,807.6326931460765,800.2212965036757,834.2079715213723,795.7192816044957,817.1559252683213,795.3862087331198,818.0713831497424,801.7561304312883,787.7876536501183,790.3504910482925
69.8701079945603,61.18021677646672,47.784438607628225,41.4014062445622,30.31703626999418,48.56874039760173,61.22117490041592,49.38954813545906,70.40031984064412,26.536567026031108,50.62190784005167,49.15504656848291,64.86587814329975,82.64531650777647,8.953753043600312,47.83656421070738,0.0,58.87153063991091,53.02838417996772,62.33147846382045,71.40024340110651,50.35361965806535,54.425729313584256,37.01790784304615,30.048009929462378,763.8910773002334,770.0365485284084,746.8519801594485,778.2622623853933,758.6526302736415,823.3281924741833,780.1194822226852,739.0053843137816,816.9177648894027,754.631884534285,811.968844901538,740.7186382630041,735.1114690706836,779.8447868528926,771.7613516214915,772.9192042079461,738.937704317427,755.5571615121984,781.4120879952387,770.9935617668218,823.6407587692771,797.5228417242298,776.2502541767791,801.7326378137225,745.4413779058715,379.5793101159534,355.2758832628187,327.9491397485897,317.394491291772,388.4291539085934,388.41525486322615,363.51797661674715,357.4804693783333,319.5845096125253,355.88225791919206,373.5581154721717,359.86232802064484,386.68573143075923,368.8278661348183,381.3628124663252,382.309499988222,360.32165399769,356.61749177405835,357.88126472887535,353.1413438884363,359.49255357394077,389.775852275062,355.05078055111073,365.83146387174924,351.475631796062,771.7293850751452,805.0054594418245,770.4042630228357,724.9783843156189,743.5190111570976,769.48968745399,748.7304236126623,806.393877976597,766.168611839306,736.2999047889601,745.2716154895055,770.4677563002501,751.6460648523895,809.2569633296025,795.3786284481228,771.818111754163,766.6099600677418,801.1658255653354,763.2616085544005,782.015581533503,760.9427602248159,785.9256879291091,767.663911701677,753.6078095343976,757.805708231639
40.023464705437235,7.488680812918742,14.981756663536846,26.273151986465443,28.554617083079133,13.029906371553427,38.24966879068055,12.993886536497028,52.91897528972996,35.44333357878201,9.18698064387653,11.611603611989679,32.7537851397036,24.585187530747312,52.93282683975043,12.17430433657552,58.87153063991091,0.0,29.767721892519877,23.976604212702085,35.774166947706206,14.021088549870585,6.2153886628470145,30.713145786034833,42.59450287304688,811.1081748273831,817.0908946809342,795.019480866315,826.2321820125212,807.005492718388,871.4939725133132,828.001404442495,788.2208362470444,865.0659491531482,803.0055710977921,859.5410491068396,789.5434295851013,781.8942244841569,826.5036141074769,819.730347204985,820.5784649081118,787.3337871586028,801.4707982626635,831.149438390241,818.8342646733488,871.5352628563496,844.7397339726991,824.3488571108741,850.2297091251293,793.807142695624,320.7291989413689,296.80731242640707,269.6723206461624,258.53076550933775,329.7898458791372,329.62071004850674,304.6879136970511,298.79084643611486,260.71712470567456,297.4870160204404,314.7498611352164,301.29514314355544,327.83425488444817,310.298623613268,322.52912409927495,323.444710263964,301.701128756074,298.0708072304745,299.05330197642434,294.2806674441319,300.63380333150724,331.5213478101138,296.23518880490695,306.98834973759773,292.61078391477866,809.5295416726626,842.4727348759126,808.2462008563797,763.9805330494722,781.4674393002043,807.5335981615675,788.9593205128167,844.7886122492257,803.1666038676941,774.4839374685891,785.1209299400476,806.679094115777,787.7982682900273,847.1269746520996,831.9504119883163,812.2144069160032,804.059373765106,837.8445059067735,799.1808487688911,821.5018935278786,799.504288545919,821.4223362478584,805.753713891275,791.8203649282631,793.8427185066822
17.54601904517734,24.568362294304603,35.795242609317334,43.54763173235629,30.84378276126241,34.03922212150755,63.72498910363212,34.9731112042439,78.5008692644005,41.97658767345023,23.467778979990143,32.679483331998135,60.25457111712436,41.31801758922779,44.431477916265315,22.185346588702867,53.02838417996772,29.767721892519877,0.0,52.026830410136235,64.42609480250589,37.15246744629323,32.05386597615334,45.21852629671818,53.28970963222392,816.4732460541686,822.5875694350299,799.6006683040292,830.9826556076108,811.4317794588237,876.0855849284087,832.8252910623755,791.8988889119137,869.6716857163668,807.4137228855247,864.6244325053981,793.5633529348476,787.6007683501874,832.315726982576,824.480765135558,825.5852392953841,791.7210268959183,807.8558425205712,834.3630973106807,823.6911327074479,876.3539616266302,850.1100050524235,828.9915469641746,854.5379946751366,798.2208957395306,335.622852647029,307.65661996430543,279.86052491931105,272.4635471322186,341.3731026097534,345.142276900222,317.8305528123627,310.76685043610945,274.76462295212724,308.0293171217781,327.6069632253688,312.58476125644745,341.22793717187847,321.3782083286567,335.6621332086723,337.1610148038325,318.4147045929308,315.1299779365866,312.1886175013206,309.05402030365985,315.42841833390594,341.4405004110035,309.23388388627524,320.30730372966724,307.27624482698934,821.3215129745163,854.471979270825,820.0131173349741,775.0367705303393,793.1607415263211,819.18117609465,799.2678275453245,856.2415277990991,815.4218426739213,786.0350626445861,795.6654040881845,819.3829783520711,800.5271153698068,858.8920313148727,844.4608548300012,822.4255147425974,816.054094677665,850.2964043585131,812.0451568218632,832.2843038611179,810.8405731272017,834.5308846016665,817.3734481861418,803.3617733166017,806.638838503816
63.93302462895059,31.35323405753025,18.305042740815406,20.932240591880685,36.29996226997798,19.237126899994475,15.623289555098305,18.12715378273209,29.47474255812013,35.8092164968703,28.574333822590564,20.136167475276434,8.819622013858849,39.9529139171126,59.51146670493075,30.249453125205406,62.33147846382045,23.976604212702085,52.026830410136235,0.0,12.477827857621529,15.98757085434827,20.038131886200706,25.55050162096977,35.99372717905814,796.3793523579328,802.2719371311323,780.8193505360797,811.8972527111673,792.8995414657015,857.2345031241407,813.6167125181456,774.6314976919148,850.8011618636039,788.9146614993082,844.9646959678378,775.7226102078529,766.9636739225875,811.4731946118595,805.3999869852962,806.0782483058155,773.2687061714223,786.0878874082591,817.8427090676993,804.4341439465973,857.1256299627216,829.9849097852868,810.0866359738416,836.1722341103468,779.7194092329738,322.23964922199326,302.0977529395981,275.7177607125388,261.3794449749546,334.2513282898245,330.4818448121798,307.9152526744468,303.0947180805332,263.4406832412981,303.0334021942043,318.1725400394958,306.1791076585916,330.69744332337876,315.3065884391343,325.65823439645953,326.03753554074757,301.55465317843965,297.59994487915566,302.32362932975764,296.068974600453,302.36000724939356,337.3892079160832,299.64745843916614,310.04147730404685,294.5122766901385,790.8809384656953,823.692661044894,789.6123167086512,745.7748706176334,762.8888110895055,788.9673019165141,771.1735433456855,826.3144278615258,784.262522312701,755.9895485870985,767.199431920423,787.5263658425565,768.6408487463815,828.47577396483,812.8922193673408,794.4727432555591,785.299856986546,818.8158893478521,779.9441249754474,803.4226197648543,781.1186199733196,802.0433753746246,787.2040332752866,773.3221702178389,774.6456536481047
75.7791064786012,42.91273411224363,30.519728889663927,30.729902540484133,47.64808055243509,31.612157909245205,13.082720171669424,30.515204009665595,21.404361874505273,45.357177895084746,41.006078147243706,32.57853869841455,6.54119940606972,47.671352022578965,69.63043200209616,42.7258196854829,71.40024340110651,35.774166947706206,64.42609480250589,12.477827857621529,0.0,28.339961156361902,32.37978860389908,34.50380633589118,42.82919287581605,793.4865527601447,799.318865227408,778.2716879735656,809.2539187451722,790.4082266516319,854.6270229089068,810.940954999154,772.4728924082133,848.191970526433,786.4341577613583,842.1569247064165,773.4177124517116,763.9485992515256,808.3795474228474,802.7614800006442,803.3303781763932,770.8095985384987,782.7696033153741,815.8475432895971,801.751150718789,854.4219761684147,827.0656943561594,807.4903973991717,833.6991930132099,777.2438105833676,318.68051645201666,300.527234199699,274.61731590536584,258.65699940192434,332.17579274973485,326.58174722719724,305.25878670175604,301.00568536807464,260.64762673933467,301.59552644514946,315.5932030276716,304.38533588373207,327.8053068431805,313.55668783120007,322.9123198802536,323.0171961197839,297.2179376213246,293.11320786538005,299.7025196849456,292.70921166070434,298.95363543507494,336.04639534665677,297.10582795764884,307.29082389602365,291.21352653943296,785.2686659365934,817.9740978308375,784.0113888057529,740.5032896622109,757.3358021277387,783.417156586453,766.2013033082096,820.8245288766354,778.4587064770753,750.5012710262887,762.1299260468612,781.5314101282833,762.6465996398795,822.8531870401952,806.9643999262493,789.5263377014128,779.6053710378319,812.9094669672842,773.8859705363836,798.229065339765,775.7048829474601,795.8698298986584,781.6667274700367,767.8266665123946,768.6193942738603
50.87007939777526,20.90862157349721,2.6677607497684237,12.62329956465514,21.60037929692724,3.2776258632069415,26.66938036931018,2.2136792877395006,41.51920681495691,24.5619744392906,14.042187642133193,4.473544253897576,23.385088863977572,37.438921779553354,46.070230448762544,14.971387404511267,50.35361965806535,14.021088549870585,37.15246744629323,15.98757085434827,28.339961156361902,0.0,7.844308471335123,17.45453921181955,29.550067392472773,797.3752195876439,803.3448101532578,781.3692647388231,812.5611084235688,793.3715242471569,857.8368375373321,814.3223761005129,774.6770845005195,851.4077180519214,789.3739777605075,845.832916836759,775.9579969651634,768.1307850172456,812.7275796676741,806.059768705557,806.8808446619769,773.705901655453,787.6469383482233,817.6607621463415,805.1524253786386,857.853756448906,831.0040351136805,810.6895667323383,836.6056634938893,780.1756980836226,330.16350474854175,307.7393119956797,280.8602245810971,268.47440055952643,340.429794556565,338.7796667056405,314.8251785872897,309.3495404844976,270.61154791679036,308.5142470847978,324.97267490578895,312.0777601716611,337.83935168083923,321.13416429815265,332.63893234916276,333.335997929645,310.3915280504519,306.6107380576315,309.20374210959227,303.8139900987665,310.1457139110053,342.68728827469727,306.4405430276265,317.05676373987166,302.1907473359057,795.5132568204162,828.4600111401971,794.229570905569,749.9594736349206,767.449716163254,793.515534831671,774.9440489720823,830.7689592660188,789.1586806489792,760.4647525344207,771.1027293843752,792.6834794860878,773.8031254216462,833.110594970668,817.949377036989,798.2004203336471,790.0462064333174,823.8419347776648,785.1904783373623,807.4816241182363,785.4837785082561,807.4416320762339,791.7353470110552,777.8011858154812,779.8499022688746
