0.0,32.56989945861916,53.71742471708195,43.27892558988919,61.87916114231837,60.755609879806634,43.15709154381813,69.70904111385508,44.352520812593845,86.33827634245041,43.38878960588541,49.87952626513799,25.190856468107825,37.9293129967186,48.61881434650554,61.03165126799361,43.27701503405634,56.76077878024011,45.14001905049023,19.324221090617748,56.3355349441706,32.11661655871701,40.12747696515505,44.64033654072611,40.54661917025515,580.8391214667408,562.9270301259858,545.9109953516391,571.940210459336,589.8127087373545,607.7616825716077,560.2153659753022,568.8962413605195,549.8765656578174,529.657326823184,531.685712136336,596.3813918713271,565.1522934224525,607.1066834707082,582.9315001503211,558.7528892908359,529.3626589090373,579.3307416690031,582.45269195178,534.9022401952526,571.6943423231813,612.5637379565926,543.1312756887925,567.3535177981064,585.4463827905444,537.2306847890396,559.8074736532358,542.4987697372865,554.553252187467,523.2668559786895,549.3410130757533,505.0616743673584,541.0700425762356,521.598990841913,519.3012862410272,576.385175067661,544.9102276966544,494.13870056092316,546.530537163798,539.5935302464336,517.747670983286,527.3502540365348,571.2194524015121,551.9674189228009,524.0416423589005,512.8405031895102,568.0403397145487,564.7213239436226,559.610066914147,535.8417989152798,635.8964120533024,674.5114178795327,650.9933251199265,662.5219277658737,644.0510620535705,642.3769855662588,626.753457541137,668.1814254083013,658.758190500313,663.5730772847104,678.0450914688184,662.7081882602946,624.6937415206738,606.9471907921509,684.4548233943287,640.7226864046443,619.5891571901938,633.0274431370839,642.7309238573298,664.833550934719,687.3377199205136,647.5198689456373,651.7755411463049,669.7860905085794,642.0437640857668
32.56989945861916,0.0,33.10007394156599,33.06167893549017,69.85331821459198,60.536348704517735,32.09353183415077,54.03564191981357,33.140400437148124,61.71535615747369,37.151168271096324,17.31004451957708,23.395548747622975,41.62508655525944,55.142538294485234,28.690964586815046,34.93852947447143,27.799309281946528,42.58844523637871,16.749543896225777,26.307370283626366,11.57386488920781,28.83407885852567,33.86301802971797,41.93135127408499,570.0270172935983,551.6091559591829,533.8496642583034,561.2187721454691,577.004639181709,597.2177227277157,548.5233978549409,558.1871880466987,540.2574812859584,517.794267526215,521.5225756797796,586.2866126788708,556.5658305768159,594.6745834471091,572.551090077606,548.7290473765825,520.0514450746493,567.803741648704,571.4576970104414,523.8322023710826,560.8818034450277,602.4565259923237,531.5268833602545,555.7675516686727,575.9932820953817,509.1934544010611,531.2422045633743,514.1993264496426,525.2487840361777,495.18713213485285,520.8513404956382,477.77508600974335,513.6110379615443,493.34135699588404,492.00145556295814,549.1428773313953,516.5758020720117,465.7097441304193,518.7951823323754,510.86540394027094,488.6525362254235,498.4682822767715,543.0730398505142,524.6765448884275,496.7343949394203,484.0203355094377,539.0740991637734,535.2886274934318,531.4711844894523,508.0052535699011,612.8588570072764,652.072706668617,629.3051575092819,639.0356123394463,620.4946601542747,619.8818725139095,606.0581186063915,645.2020441978714,636.1892564299026,639.5216737393334,655.3487999508644,640.3127476638232,601.5356331346669,584.1810888041207,661.3218543722663,618.3616142478567,597.7154218074822,609.8376547451713,620.2144701020635,641.8867991445029,665.4840756554285,624.927591479427,628.8696108721851,647.6922791641011,619.5479709194493
53.71742471708195,33.10007394156599,0.0,15.589833139959694,53.34457808840049,38.422764614603864,14.716939385156511,21.29896844607028,14.26186068814607,32.730090110731396,20.388494242275957,31.8906713539181,29.261102366879626,32.36620613030506,41.556194695117156,31.2681058717368,17.760741314520015,16.71012883558118,25.834199333195052,35.031906327438556,19.57258369178105,24.119409472164975,15.74590755951538,14.713289552284118,29.990562281380672,596.5881144186761,577.8736026037551,559.6505768111475,587.8503965644807,602.2153174147546,623.9097674482426,574.5468049626446,584.8312313697536,567.5939273677394,543.7578462701464,548.5632376370972,613.2712692193977,584.4712648481238,620.1221632018562,599.3791668856996,575.8106032122255,547.5995590075511,593.9055022993983,597.9000266519748,550.3033883581236,587.4563489892574,629.4123257305303,557.6373358678683,581.8493621091999,603.3762665257126,516.9475074634973,537.8543077657196,521.4115831739075,530.2303489904805,502.8994962409932,527.6511993857274,487.0514391237724,522.4586801335714,500.7017831205204,501.20723968259597,558.2901866395822,523.7095763257851,472.8098603704739,527.1080646627336,517.1867231705489,494.22682832368395,504.49044167900024,550.5155643309406,533.8012210572759,505.91178185663665,490.2239827854704,544.7940798914308,539.9383723848943,538.9596901329388,516.1552148285407,628.2170828950159,668.1103231923238,646.2860442591771,653.7595803155851,635.160997493229,635.9088486253703,624.2121477352697,660.5735520898239,652.0941367910127,653.4822962166066,671.0605837789049,656.4244552495944,616.7617393957194,599.9433286830026,676.4678085250061,634.5564245239566,614.5385398064241,625.0058757250208,636.2144165442022,657.3059206911744,682.2065358831966,640.8244603741226,644.3647522345493,664.1578155229256,635.5747495870643
43.27892558988919,33.06167893549017,15.589833139959694,0.0,40.45253735824431,28.125941613589838,1.192170306430339,26.436199699532594,1.3834882839760403,46.31508138668934,5.432682869293385,39.391685093187604,18.20872666273593,16.810214985215623,27.200828262875728,42.84100068394917,2.5261153266030942,29.65364954958799,11.58091000456204,27.17972232766199,31.764321992437825,21.555893349344505,4.272206667111249,1.3711470447005205,14.635032877270651,602.5791142076566,584.0697004062706,566.1576331588751,593.7902198637847,609.1120042227604,629.8103940202617,580.9071036450075,590.7618330053821,573.0126355942004,550.1537026586005,554.2014774796371,618.9579751779421,589.4459743731222,626.8697102318819,605.1789694169627,581.4217223432115,552.8536137995121,600.2153159808595,603.9749290849155,556.3517618686615,593.436715884882,635.1218420127082,563.9360687290045,588.1711050471181,608.7629109141664,530.6230798828813,551.7876871050141,535.2100896814748,544.4882678784693,516.5795636883437,541.5413742623767,500.35187140323364,535.8783366143836,514.460249758071,514.5308838047272,571.6479645062876,537.5260879918776,486.61509546314835,540.6575250453576,531.1745269705191,508.3584015770808,518.535580883794,564.2722599245424,547.1567218057022,519.244279117721,504.2268259809175,558.9127977858773,554.2611365685196,552.7025405368076,529.7391412918372,639.7513800339315,679.4117392555956,657.2307847296006,665.5184864926008,646.9348646611264,647.2065919359296,634.688312918887,672.1110111209639,663.4399563555326,665.4941900058395,682.4800279201996,667.6962454819108,628.3391689181761,611.3270932950396,688.0874145438866,645.7926167161851,625.5355018677541,636.6055479967628,647.5220423619037,668.8259155647334,693.2574281192361,652.1704821623209,655.8549200931636,675.3010214800314,646.872482323545
61.87916114231837,69.85331821459198,53.34457808840049,40.45253735824431,0.0,16.89292166992474,41.644354586201885,46.8843919525014,41.25077053274399,73.55622912569163,35.0759980562177,79.49575708915066,47.2277925126057,28.31348213017874,14.776738846207971,83.1980293111499,37.94622619057806,69.45889619592232,28.901811763059214,56.92254448349713,71.86954666963084,58.75880441744586,43.61510258075255,40.516468200958805,27.996777577770843,638.9728454578299,620.7173844363682,603.170908411983,630.1298329549068,646.520296650262,666.0765321334765,617.7449634694957,627.0928265527441,608.7327459250862,587.0552555285456,590.2110618438903,654.972113265915,624.5806747236984,664.1074189728007,641.3415953317777,617.3733923831925,588.3855372561683,636.9819337826218,640.4666531727589,592.8500069457175,629.8247743845192,671.1520364856672,600.7169304155246,624.9598874473181,644.4111688379079,570.2920504974828,591.1646797819715,574.7481785933758,583.3920072210889,556.2440115457566,580.9721963116177,540.3408036343851,575.7779477725222,554.0427058860871,554.5034475140599,611.5963979325987,577.0437686470827,526.1463242542453,580.4468463981807,570.4818229247825,547.4646947607721,557.7657527538031,603.8562057096321,587.1063959919592,559.2104697088802,543.5152058544068,598.0353380563159,593.0520988696584,592.301502714493,569.4968269688699,680.1849852304603,719.8090599376668,697.5428007551816,705.9689684277165,687.3859578235216,687.6041845477181,674.8363232419271,712.544442308564,703.845815162638,705.942733265641,722.8974938827577,708.0881778726035,668.7775300262003,651.7407556455611,728.5289240634473,686.1780706864361,665.8640803282976,677.0459039394977,687.9214750057054,709.2573578890012,733.5972550215228,692.5766867746945,696.2828898524012,715.664728712633,687.2700834512086
60.755609879806634,60.536348704517735,38.422764614603864,28.125941613589838,16.89292166992474,0.0,29.260193875894856,29.991488084914028,28.508980011626512,56.66375962890511,23.435979414158947,67.31497532805132,40.428770443779655,22.896111875184115,14.825742690366079,69.33110122671872,25.893424354733604,55.0323654428375,18.0687770675519,50.69745192351984,57.7142183150271,48.97833170057714,32.06181023669511,27.732560242996918,20.67745797660738,630.5049923139222,612.040745785635,594.1859583986924,621.7050938855845,637.1915803347039,657.7131010148763,608.9095613184064,618.6748226135522,600.7929263062699,578.164484227834,582.0452659443656,646.8078589875795,617.0827109727442,654.9303899317534,633.0591324991572,609.2551803343106,580.5870263729079,628.2072847224441,631.9192647951066,584.2942453519469,621.3609274003878,662.9762704341836,591.9284089441683,616.1660646336112,636.5295031815607,554.815345850622,575.4684597709654,559.1674413817323,567.4288035617436,540.7658287643156,565.3137139742003,525.1863519732696,560.517029842783,538.4990581086925,539.3271999505354,596.3836409150377,561.4475630295258,510.5687407638076,565.0751056361584,554.743802993639,531.6120591760144,541.9825015982005,588.3060620080817,571.8986036869754,544.026022662737,527.769742152737,582.1841048656642,577.0342132396391,576.7647325254298,554.0975688005722,666.5704247961977,706.4062841390116,684.4617686458705,692.1536906032795,673.5569243392093,674.2028830524908,662.1793066776986,698.9282830171907,690.4020484835876,691.901279197295,709.3881798985863,694.7115347099651,655.1238362474521,638.2599208069802,714.8393220854606,672.8322294100775,652.7328361829833,663.3725764979774,674.5112780475216,695.6568008909815,720.4226316311606,679.1321269583708,682.7086593040597,702.4050046608638,673.8687714002812
43.15709154381813,32.09353183415077,14.716939385156511,1.192170306430339,41.644354586201885,29.260193875894856,0.0,26.568540662377142,1.239928403455806,45.83633433733486,6.612569856409043,38.21565651666885,18.005288931095848,17.786489081635153,28.364928611661842,41.65772465453479,3.7096551598984946,28.516898274767286,12.769111378795623,26.705841932651392,30.602633306393717,20.626611168125173,3.4931732995780425,1.8124254809007208,15.705434763353546,601.5014953644169,582.9847520200645,565.0620219404833,592.7143240509638,608.0042368497358,628.7362405915447,579.8165345908031,589.6862335389961,571.9555487038369,549.061620109463,553.1360167609599,617.8914494435677,588.4061588903392,625.7668147669555,604.1081991280664,580.3575768375791,551.8025121486319,599.1266393032739,602.8943778401223,555.2716395118009,592.3593812673689,634.0546367678903,562.8474069799062,587.0819092732115,607.7074324392895,529.4621478242127,550.6369269866151,534.0537653918287,543.353890449217,515.4188475477289,540.3887839875084,499.17948590213877,534.709119572796,513.3024511889669,513.3590632419421,570.4768893720159,536.3704713435047,485.4592457215186,539.4922667477515,530.0262984323396,507.21729336841526,517.3901076647296,563.1142057290838,545.9856572985112,518.072680113073,503.07941221435465,557.7708128172804,553.1305481795725,551.5440011369578,528.5750510348821,638.5592377784135,678.2200743258567,656.0408508166239,664.3264384973419,645.7428469298101,646.0149250476593,633.502341876909,670.9188696812615,662.2481530841312,664.3029356840132,681.2880546504293,666.5046746127094,627.1470027094367,610.1351758566605,686.8952445033688,644.6011645571242,624.345210713042,635.4133779160561,646.3303444725465,667.6337890537684,692.0668793473139,650.9786742035711,654.662824930564,674.1099831949233,645.6808153196412
69.70904111385508,54.03564191981357,21.29896844607028,26.436199699532594,46.8843919525014,29.991488084914028,26.568540662377142,0.0,25.362128457521816,26.673626261218388,27.357039680809613,52.61247424470789,44.57367398741766,37.951646106588804,40.37120060592133,49.623702030260894,26.699927308825732,35.350198126411975,28.828243147273845,52.84253691772172,38.52649262591015,44.03377715344587,29.745113307156803,25.07141998833656,34.69044065746239,616.3745006060466,597.551434355842,579.1531296277589,607.6664639696149,621.463260020658,643.738476956282,594.1315512518804,604.6529735718536,587.6790171755813,563.3309649270896,568.5454940826314,633.2137659080086,604.7553485013002,639.4602924699743,619.2664672012719,595.7996510594295,567.766702514984,613.5142845591618,617.6402646325246,570.0706949668452,607.2507117016979,649.3397959711585,577.262471699743,601.4544501339898,623.4688631906516,527.5756334467156,547.7984906705669,531.7255464227637,539.2465635500306,513.5291600660358,537.7198005422351,498.5824619854071,533.6901873547071,511.1368905121163,512.673666213241,569.6336012774271,533.975015794799,483.1529736394786,538.0331826381796,527.0000941312521,503.6543447617781,514.155692551491,560.9125609719202,545.1686368858685,517.3542788248803,500.02118050016225,554.2137598204378,548.7440534704942,549.4009856172374,527.0073614732406,642.8165554671613,683.0273139528312,661.6994458717735,668.0077080787969,649.3950526662995,650.8456343497436,640.2277623801633,675.152959870237,666.9552942886947,667.3297412902333,685.807743369768,671.3882840174299,631.3031723730124,614.776158124354,690.9177595895784,649.5800933984897,629.8975919310384,639.5099180117337,651.1371153057705,671.9125733734289,697.463172198051,655.6905532414293,659.0212007252036,679.2965547745218,650.5117093625922
44.352520812593845,33.140400437148124,14.26186068814607,1.3834882839760403,41.25077053274399,28.508980011626512,1.239928403455806,25.362128457521816,0.0,44.947896312030316,6.44273342229929,38.8555642136546,19.216676022445988,18.110207585894766,28.208388454769402,41.96638379592916,3.5940329977003147,28.604214800948178,12.479277517890313,27.94533074469282,30.78816996527815,21.714422111334322,4.709353261953191,0.7764233027175935,15.850027538877049,602.394631867605,583.8652661236771,565.9230425147002,593.610366349756,608.8410502399224,629.6351193207486,580.6869364930704,590.5827751202153,572.8813406998281,549.9292902212605,554.0490128895601,618.802660376394,589.3566085140895,626.6135323391529,605.0126468963266,581.2725798402618,552.7371521801223,600.0004565383997,603.7825197656239,556.1606013741006,593.2530119177759,634.9647490194691,563.721315760299,587.9548053782679,608.6355627713879,529.6261182048612,550.7578112963189,534.1975066437598,543.4150033450088,515.5818700973537,540.5170238276904,499.401127122061,534.9134287172525,513.4525631111621,513.5775027078103,570.6910937909798,536.5112154186166,485.60108559562,539.6765443581635,530.1373261448214,507.3019077110432,517.4906947807526,563.2653272786233,546.1998514559954,518.2898778960396,503.1873699441511,557.8584867734785,553.1790294377298,551.6972623555343,528.7537180063429,639.0063698432582,678.6927882049075,656.5502117927848,664.7489168543048,646.1634006566711,646.4876238633881,634.0574079425066,671.3660655147726,662.7159507648593,664.6962676879637,681.7481922143534,666.9803799315484,627.5892457619987,610.5982103331235,687.3335788819654,645.0803377161783,624.8488411426255,635.8532804285694,646.8019998943931,668.0828552305924,692.5658738548715,651.4463068983988,655.1149811295384,674.5992410818493,646.1535108485008
86.33827634245041,61.71535615747369,32.730090110731396,46.31508138668934,73.55622912569163,56.66375962890511,45.83633433733486,26.673626261218388,44.947896312030316,0.0,49.516917363793326,52.42933009179797,61.97279254080966,61.50859153331459,66.36351289306076,43.83165153008381,47.72790131331007,34.68168481898097,52.94915662187395,67.36288887710262,37.140997120908985,55.4388156904301,47.8407090327876,45.06658759336096,58.480682368602245,605.1171835443539,585.9902047599013,567.114608006918,596.5092450924908,608.7027577745846,632.5837992527706,582.3058814944037,593.5164990652563,577.419108837413,551.5087084615656,557.9622152765642,622.4293434396577,595.195249718302,626.9155303808795,608.319445981489,585.2067559248344,557.8185707023154,601.7360952683072,606.2422940385985,558.8076772393863,596.0273687151279,638.4913514351954,565.5715748353862,589.6785899785675,613.1960084899035,503.7806518293337,523.5598246189882,507.72448146136026,514.4924083922323,489.7451212840872,513.5623917586842,475.44671755346434,510.3068113660498,487.22728010700166,489.47788826140436,546.306513465217,509.9419041568471,459.20534655389645,514.431428396646,502.6960456746184,479.14322723283505,489.7731463085518,536.946302052782,521.8754239592208,494.1370121391653,475.72510012538027,529.669103942226,523.8769433532539,525.4699899745208,503.36328872348383,622.3827465477247,662.9268478656647,642.2086969875313,647.1764415934971,628.5608708002762,630.7895615008348,621.5353587199644,654.6754810059465,646.8008054798456,646.086291216951,665.5112051865809,651.3497513034603,610.8133016517256,594.6266360181614,670.2888105902998,629.6265572869576,610.3630255163365,618.9731024169915,631.0644737724284,651.4673313936403,677.7562231166282,635.5493293430222,638.6398414254597,659.4592561525013,630.4560729434149
43.38878960588541,37.151168271096324,20.388494242275957,5.432682869293385,35.0759980562177,23.435979414158947,6.612569856409043,27.357039680809613,6.44273342229929,49.516917363793326,0.0,44.580050251941785,19.235798388477917,12.22624910422634,21.78182149082577,48.270185812955404,2.906941305263594,35.04049296832115,6.1753449660495985,29.10552314512328,37.18757994848179,25.579082773074308,8.740615108889314,5.815591332219143,9.617859880283056,607.0701840803478,588.6049903454503,570.7579135590385,598.271153400773,613.7868681121264,634.2804329723142,585.4764333176918,595.241049832387,577.3831785576346,554.732708113543,558.6213694482763,623.3830419766243,593.7164097894794,631.5140386047608,609.6293046192228,585.833397459295,557.1897859406621,604.772890819825,608.4835101145915,560.8585300806618,597.9262286543785,639.55067629535,568.4940946902797,592.7319972055577,613.1234645467798,536.0423823895663,557.1904888735316,540.6224501230894,549.8575389412819,521.9985698536143,546.9474499674741,505.78305664023725,541.3071944851839,519.8749471369293,519.9617209445701,577.0782913964396,542.9372986546136,492.02672217965033,546.0823572084237,536.5726470215591,513.7423309958797,523.9283780266122,569.6873238227748,552.5870435105543,524.6749713164485,509.62342056666284,564.2984841280812,559.621745510713,558.11834951958,535.1625889019879,645.1104819034637,684.7497470413156,662.5337997259479,670.8951603809675,652.3128398503557,652.5446947670788,639.9391761299051,677.4699952017866,668.7822579280337,670.8884767967755,687.8287078561494,673.031642055595,633.7019911071404,616.6735506187894,693.4530005805326,651.1249635520829,630.8444982189444,641.9700854608262,652.8610555930373,674.1834645315014,698.5708554205878,657.5129527123072,661.2100828007538,680.6239465446563,652.2105889240306
49.87952626513799,17.31004451957708,31.8906713539181,39.391685093187604,79.49575708915066,67.31497532805132,38.21565651666885,52.61247424470789,38.8555642136546,52.42933009179797,44.580050251941785,0.0,37.01019690720132,52.56460948047851,65.40805341359261,12.080259951220603,41.80574244460073,18.43895679455456,50.69812982695466,33.119339035974,15.523991880765742,22.885115558259784,35.90807948593937,39.62951457707878,51.899953131032525,564.8182701159753,546.1471848799728,528.0041288145336,556.0701925769006,570.6976057378612,592.1237622610334,542.8609101881403,553.049142843871,535.7366412365063,512.0794550727983,516.7317788019747,581.4492375532603,552.58413065033,588.5539424129039,567.574459327613,543.9765026152232,515.7269828728639,562.20767098469,566.1475441181914,518.5428698393798,555.6839746994674,597.594291733005,525.9346292092083,550.1539039302081,571.5167397899667,494.4390014938459,516.1786036924368,499.2934598772563,509.76737494127696,480.41489543775464,505.83460226711145,463.4651513427302,499.1834956091817,478.46841800688287,477.67583892326076,534.821569241793,501.64905276894626,450.75188262744734,504.20808927813636,495.716828862184,473.30300695976416,483.23675898952536,528.2425146381388,510.3390961216616,482.40195892887766,468.82993202273235,523.7803174947503,519.7314270522168,516.649488887011,493.3656047340921,600.8652501338272,640.3900859156927,618.0527708275545,626.7773569839115,608.2072680247471,608.1863905008563,595.3729942864246,633.2226585529751,624.4431271222746,626.9483346751715,643.5213526417206,628.6607347341717,589.4815252552326,572.3570623741882,649.2487436396243,606.7416999494574,586.3803619803482,597.76089483649,608.5069029788978,629.9273472544132,654.1186983178903,613.1749961587527,616.940093937146,636.2036255128829,607.8523119034952
25.190856468107825,23.395548747622975,29.261102366879626,18.20872666273593,47.2277925126057,40.428770443779655,18.005288931095848,44.57367398741766,19.216676022445988,61.97279254080966,19.235798388477917,37.01019690720132,0.0,18.982015077018154,32.45524367182877,45.133937231578024,18.527113107223144,36.25704588691124,22.70190959412591,10.269551702285806,36.90472966092433,14.128962705545213,14.937774176744837,19.552142508747796,20.093276718709205,591.8053755073457,573.5192399731974,555.9470963489837,582.9694910139823,599.2954650220155,618.928981322797,570.5308043650573,579.9335653924165,561.6837148920268,539.8364012990868,543.1022230357398,607.8669843786386,577.6794093442502,616.8796271755026,594.2093725193942,570.2775005569466,541.3775016178932,589.7736127467169,593.286556229228,545.6669658663391,582.6576351985965,624.044922774952,553.5064460431465,577.7494846956334,597.381213554664,531.396183986041,553.1822718385164,536.2785235105067,546.7592819164997,517.3754402658708,542.8338828926808,500.28963798359905,536.0509880209572,515.4477944999162,514.5067961721985,571.6533338577827,538.6372341930902,487.743349805313,541.1244133799032,532.7254470394006,510.3093615802144,520.2469536731377,565.2155818037684,547.1757777913833,519.2356228579774,505.83970784657197,560.7891931939089,556.710076772705,553.6206832078994,530.2956269723938,636.1925354074366,675.4410418106334,652.697609925898,662.3295635266248,643.7829721254607,643.2485586732201,629.446620467776,668.5383260789008,659.5515707133948,662.7527749629276,678.7032357383182,663.6834722470372,624.8607284520766,607.5344410346311,684.6456815293717,641.7345630039972,621.1048229005964,633.1597178044109,643.5800819272928,665.2255643291256,688.8728167647133,648.2890827436955,652.2118232681976,671.0746128282151,642.9146355833765
37.9293129967186,41.62508655525944,32.36620613030506,16.810214985215623,28.31348213017874,22.896111875184115,17.786489081635153,37.951646106588804,18.110207585894766,61.50859153331459,12.22624910422634,52.56460948047851,18.982015077018154,0.0,13.545690412794158,58.089457625385485,14.623374693531977,45.876491730434324,9.158769977629873,28.94238710914789,47.65922861022921,30.781814222811313,18.117325611518893,17.65954210876394,3.293520274845321,610.7858737172842,592.4937916966205,574.9044477875906,601.950624243232,618.2229614152797,637.9107766558647,589.497855039554,598.9147787002614,580.6598784878959,558.7997871085784,562.0835533440419,626.8481747423815,596.6315810049853,635.8225271915326,613.1913825825324,589.2580992634903,560.3481219539036,608.7440247998576,612.2653662666025,564.6453168418501,601.6381750366347,643.0262264039828,572.4757890704778,596.7188235653831,616.3550927833227,546.1315728494087,567.5087549537808,550.8211114924902,560.4749276936752,532.0941270734547,557.2279177698056,515.5465311240687,551.1683268514844,530.0409443271034,529.7425199038091,586.878619070499,553.1518239888294,502.23942590051547,556.057566129373,546.9431584845961,524.2473166436343,534.3528770442433,579.8441646847658,562.3895761507932,534.4625799722028,520.0114524030184,574.7854137916827,570.2986812611412,568.2643890334102,545.1702770004433,653.3294438707952,692.7637564236932,670.2540310183603,679.2983589758036,660.7326056085927,660.5629346184287,647.2756996248752,685.6844777719427,676.8371370965044,679.5067190383234,695.9414476132928,681.0233362267991,641.9599849623394,624.7729451080208,701.7336750682023,659.0918986050983,638.6165246371344,650.2448983770843,660.8875178392235,682.3839003945855,706.3715104088037,665.5705782744883,669.3881909611363,688.5059920105176,660.2288995746129
48.61881434650554,55.142538294485234,41.556194695117156,27.200828262875728,14.776738846207971,14.825742690366079,28.364928611661842,40.37120060592133,28.208388454769402,66.36351289306076,21.78182149082577,65.40805341359261,32.45524367182877,13.545690412794158,0.0,69.95599785440048,24.682766881758376,56.81145858415229,15.806106947621874,42.217945566044506,58.96514978634986,44.16239632400577,29.826163888450814,27.54201090867345,13.52518497899286,624.2314623601585,605.962548210988,588.4020245531858,615.391378908302,631.7441648307989,651.3433438554204,602.9821096966843,612.3548086903369,594.0367871300333,572.2896898890731,575.4927460648125,640.2554545264733,609.9373342770457,649.3336751092174,626.6144253520201,602.6600947279862,573.7042668729789,622.2221659798051,625.7199195333878,578.1019248531294,615.0835120270822,656.43467350293,585.9560285260462,610.1990423145714,629.7223599568226,557.8232631889099,578.9657094652893,562.4037926047121,571.5837693668626,543.7795962214566,568.7254122308052,527.532178559468,563.070563419508,541.6567403757351,541.7137500529864,598.8338695725532,564.7182397642728,513.8078318325306,567.8571944144826,558.3430955328716,535.4936485282909,545.6923683280507,591.4691377123236,574.3426911967815,546.4280956609583,531.392162914261,586.0523120110103,581.3314599166931,579.9001630577573,556.9396612909834,666.2709325773752,705.7912354684003,683.3895254913186,692.1569095774872,673.5828937184673,673.5880113978642,660.5303198260063,698.6286491106254,689.8479319631017,692.2587989322791,708.9289989585844,694.0593462145072,654.8840732485452,637.7643264704294,714.6490178316244,672.137046823561,651.733231604376,663.1617159715782,673.9093347767765,695.334077891744,719.4796000634806,678.5800066602832,682.347659411651,701.5840250928816,673.2539403689664
61.03165126799361,28.690964586815046,31.2681058717368,42.84100068394917,83.1980293111499,69.33110122671872,41.65772465453479,49.623702030260894,41.96638379592916,43.83165153008381,48.270185812955404,12.080259951220603,45.133937231578024,58.089457625385485,69.95599785440048,0.0,45.36633986811138,14.653155812282462,54.41638927468168,43.209257325891684,11.695933162374985,31.415370773092356,40.211986637135226,42.690991438788885,56.799393401707206,566.7888494496665,547.9438986765675,529.5298716627071,558.088991043294,571.8561595688234,594.16355367025,544.5127125352545,555.0772084189927,538.2162610040863,513.7114683716054,519.0307582918628,583.678681008133,555.433385377321,589.8427885760716,569.7110678021841,546.2865229886881,518.357532667917,563.897502849353,568.0438817347675,520.4816485724707,557.6673628392792,599.7981081284327,527.6479412676441,551.8374244744273,574.008144121626,488.05680611285817,509.42412577128823,492.7326085778123,502.4991285077857,474.0179446111104,499.13988944443895,457.6000189874119,493.17105826362973,471.95472279771553,471.78644061598015,528.9129933630687,495.0626809618584,444.1502184787776,498.01380468852494,488.86719171569945,466.21423553517604,476.2904991305748,521.7592401095269,504.4222579390116,476.50280449738347,461.93985111799884,516.7430122257214,512.3629214695732,510.1806548613133,487.1158826627532,597.2822287827141,637.0813251436983,615.1439643597387,622.9354408588672,604.3442611170553,604.8774876064219,592.9782371262987,629.6411625140605,621.0814503197627,622.8046060028385,640.0777606021218,625.3842521533763,585.8461959677057,568.9437300023603,645.5740654648522,603.5028680827513,583.4095386040112,594.1010347178424,605.1867359657293,626.3656190624536,651.0948461161488,609.8114929834419,613.4109437953915,633.0739703290724,604.5433737354304
43.27701503405634,34.93852947447143,17.760741314520015,2.5261153266030942,37.94622619057806,25.893424354733604,3.7096551598984946,26.699927308825732,3.5940329977003147,47.72790131331007,2.906941305263594,41.80574244460073,18.527113107223144,14.623374693531977,24.682766881758376,45.36633986811138,0.0,32.15221879887599,9.060667668762854,27.99033384651789,34.2836227006272,23.37701534572226,6.177331759791203,3.0502029956263845,12.270117794082307,604.683196252925,586.1939805163161,568.3116100637156,595.8896285926409,611.3002120230224,631.9049227493313,583.0469605184855,592.8604449330627,575.061343676564,552.297887556155,556.2727538974996,621.0318564625222,591.4487866091326,629.0440062510743,607.2643907644077,583.4893337972848,554.8864618542502,602.3498506754194,606.0870382185101,558.4628798980117,595.5400549804538,637.1975008520645,566.0706946117241,590.3071218077235,610.8071671260207,533.1405108824734,554.2963072677296,537.7237584332256,546.9797012789961,519.0968306927199,544.051710614489,502.8763408437922,538.4012719210477,516.9751716360425,517.0551083590955,574.1718434816003,540.0391429999869,489.12836692122204,543.1780628731336,533.6807051486552,510.85727140454657,521.0390034198015,566.7873836363426,549.6805971070619,521.7684040237751,506.73220828736356,561.4125772344665,556.7482063318547,555.2180662103075,532.2588870253234,642.2481461541252,681.8993600594462,659.7030545035667,668.0228022487155,649.4397320259335,649.6942450748953,637.1374697609886,674.6077336581595,665.9294432916017,668.0059498799629,684.972291976818,670.1827240382966,630.8375372429992,613.8183729382858,690.5869850197594,648.2777568688208,628.0103928583679,639.1046569291788,650.0100924945745,671.3220175113643,695.7342924824071,654.6600395587712,658.3499872375212,677.782047864448,649.3601370069549
56.76077878024011,27.799309281946528,16.71012883558118,29.65364954958799,69.45889619592232,55.0323654428375,28.516898274767286,35.350198126411975,28.604214800948178,34.68168481898097,35.04049296832115,18.43895679455456,36.25704588691124,45.876491730434324,56.81145858415229,14.653155812282462,32.15221879887599,0.0,41.04365634110187,37.55923672938501,3.182468368872174,24.702063233179405,27.766227514261345,29.271117228906757,44.14125451787258,581.0567287907462,562.2574299417,543.9090341395954,572.3430413323742,586.3153810128758,608.4132509488388,558.8625388496669,569.3285091233354,552.3288984057293,528.0646559699817,533.2000113326003,597.8724315739709,569.4184082714264,604.2764028710814,583.9318323090037,560.4538013708072,532.4182867649026,578.2388112396798,582.3320385196977,534.7560348654168,571.93128450044,614.0002586608657,541.9817610617436,566.1797776094986,588.1186998599013,501.04815511468183,522.1542638566121,505.6029056818846,514.8369983329492,487.0030232715936,511.91521947649596,470.91651215567265,506.39315879910436,484.86238488468274,485.0856566331771,542.1894885182643,507.91484405147304,457.00547558667085,511.1234529161229,501.533136450297,478.7054364043475,488.8879074827427,534.6757390182638,517.6985876205232,489.7953102903242,474.58336405235,529.2604477781201,524.6154090795189,523.1093927409155,500.19299682806223,611.5483924665393,651.4198214657507,629.5777572153535,637.1214788785011,618.5249273409562,619.2177626842669,607.5084525990429,643.9056551673444,635.4070523278098,636.8893829109305,654.3803195485813,639.731639831692,600.0979859532792,583.2589364357855,659.8102094665874,617.8609535959789,597.8315019230224,608.345002637506,619.5240915134933,640.6359883975659,665.5016690855895,624.1372765804658,627.6913742331601,647.4570595704824,618.8836595563434
45.14001905049023,42.58844523637871,25.834199333195052,11.58091000456204,28.901811763059214,18.0687770675519,12.769111378795623,28.828243147273845,12.479277517890313,52.94915662187395,6.1753449660495985,50.69812982695466,22.70190959412591,9.158769977629873,15.806106947621874,54.41638927468168,9.060667668762854,41.04365634110187,0.0,32.93543292222069,43.26604882020372,31.076250607257435,14.795812696129044,11.784537441641563,5.873716574916513,612.6149480080217,594.18897782142,576.3986971624691,603.8071603214378,619.4906426118374,639.8060454176642,591.0901398542965,600.7756073994262,582.8212863213031,560.3554642449009,564.1041710524545,628.8688855982194,599.063372797762,637.1915303020605,615.1379520758262,591.3081560951535,562.5974922341114,610.3759900179087,614.0436649729788,566.4181593864943,603.4698161764259,645.0395404220741,574.0983427599484,598.3382236925438,618.5516692583124,542.087559076322,563.188658684246,546.646450113012,555.7792275168721,528.0428316394875,552.9541697503771,511.8801107440738,547.3899618171656,525.905852179517,526.0562182060767,583.1693086272976,548.9580238373685,498.04886088540053,552.1472096988649,542.5592156571428,519.6959427660782,529.9022401685185,575.7191279051124,558.6780736729023,530.7684665322823,515.6064346854643,570.2557093769777,565.5254901762237,564.1524436430205,541.2221770689948,651.2835868777519,690.9176831650573,668.6890766174229,677.0703907116781,658.4881248081531,658.7126733126505,646.069548784903,683.6430717990482,674.9514337769227,677.062770675429,693.9995470647434,679.1987933755012,639.8757408778214,622.8438561395458,699.6271581302575,657.2911675658465,637.0022533094163,648.1440983801352,659.0293017691426,680.3562682674662,704.7303019219604,663.6821797719382,667.3824068015502,686.7869423395664,658.3785687405426
19.324221090617748,16.749543896225777,35.031906327438556,27.17972232766199,56.92254448349713,50.69745192351984,26.705841932651392,52.84253691772172,27.94533074469282,67.36288887710262,29.10552314512328,33.119339035974,10.269551702285806,28.94238710914789,42.217945566044506,43.209257325891684,27.99033384651789,37.55923672938501,32.93543292222069,0.0,37.32890448677328,12.857870901093056,23.29327040503301,28.429586162865164,30.290369957994113,582.0590162474623,563.8255065000106,546.3362216003349,573.2133646552857,589.7785053640939,609.1565924652313,560.8783814712743,570.17601704642,551.8206560981191,530.201398940993,533.2887549825612,598.0500920409097,567.7296270065,607.3170592765753,584.4195769222347,560.4521706365125,531.4863240785453,580.1038387098282,583.5593488864931,535.9449661593487,572.9108482322124,614.2298944236173,543.8430808734258,568.0855844733562,587.5048564668257,525.9029929132223,547.9812512284981,530.9255501995802,541.9965679481852,511.8991625673749,537.5871224667991,494.4154161430019,530.2713284252128,510.06465273008604,508.6440881394744,565.7823670767533,533.3039824216862,482.44152422848856,535.4813903830237,527.6095796184799,505.4020684915421,515.2158333765707,559.7908865611055,541.3200325022792,513.3781000635933,500.7665335966086,555.8230143333025,552.0333657233019,548.1882433752754,524.6995021449043,628.7595078737204,667.8369276742249,644.8803740622474,655.0402181977886,636.5126956507861,635.6557618398701,621.3685277199676,661.0930141104953,651.9828468441206,655.6472164748906,671.1748317249446,656.0651273011634,617.4624989761907,600.0147995267471,677.2496902238539,634.1029060024952,613.3331748248294,625.7727257808496,635.9935289241073,657.7698664359795,681.105809603543,640.7253841488439,644.74173076595,663.3717482645,635.3219812778237
56.3355349441706,26.307370283626366,19.57258369178105,31.764321992437825,71.86954666963084,57.7142183150271,30.602633306393717,38.52649262591015,30.78816996527815,37.140997120908985,37.18757994848179,15.523991880765742,36.90472966092433,47.65922861022921,58.96514978634986,11.695933162374985,34.2836227006272,3.182468368872174,43.26604882020372,37.32890448677328,0.0,24.556086034492026,29.55945952273102,31.483573153392296,46.08391994301023,577.8933065828006,559.099211527131,540.7601657189535,569.1782479088366,583.1819252410329,605.2479710951116,555.709164697384,566.1634545174115,549.1536604745311,524.9118443863686,530.0282763302282,594.702368342877,566.2381084997154,601.1373188956954,580.7639754351711,557.2818822650042,529.2406019063849,575.0841936933459,579.1707919215364,531.5933907299424,568.7674750031596,610.830823440515,538.8262067415916,563.0253318503206,584.9433009776292,498.8595408011677,520.0526590251553,503.45486349887796,512.860290108229,484.81621782372855,509.79862036497553,468.6148708356594,504.1254551041713,482.70145599476973,482.7904187079712,539.9032616435834,505.772859192922,454.86123334421166,508.8947950304378,499.45189625666876,476.679516208389,486.82841424184824,532.51291446027,515.4120260852793,487.50253658603594,472.5086699385361,527.2274910295475,522.665513673876,520.9422528194177,497.97526471946526,608.8606367495321,648.6945103712483,626.798035786837,634.4730731963891,615.8789943630107,616.4913995470433,604.6643629806028,641.2188600968831,632.6886022185647,634.2877847674013,651.674056797729,637.001480583292,597.417394601462,580.5458146297807,657.1376070956691,615.1248795656066,595.0588353002407,605.6683348258864,616.799303198706,637.9462122944202,662.7380895153224,621.4186954909246,624.9964362225306,644.7071006420077,616.1572896133209
32.11661655871701,11.57386488920781,24.119409472164975,21.555893349344505,58.75880441744586,48.97833170057714,20.626611168125173,44.03377715344587,21.714422111334322,55.4388156904301,25.579082773074308,22.885115558259784,14.128962705545213,30.781814222811313,44.16239632400577,31.415370773092356,23.37701534572226,24.702063233179405,31.076250607257435,12.857870901093056,24.556086034492026,0.0,17.304312261592568,22.416910630466873,30.762739704732642,581.5515827382751,563.1156757231571,545.3236627774755,572.7468765152739,588.433466425252,608.7499329791196,560.0139578286638,569.7158596202976,551.8155347193812,529.2792551124197,533.0690946228727,597.832255474485,568.1373441146023,606.1240594109328,584.0893658088966,560.2779108349799,531.6154432073852,579.3003685448676,582.9756220743844,535.3501606226356,572.4068286173967,614.0012603195668,543.0226116388399,567.2623755726183,587.5534005287949,517.3028332199302,539.0630063382984,522.1707069512096,532.63135060905,503.2803929441213,528.7176383192749,486.25650220927,521.9992155946255,501.3430512089375,500.4709507139027,557.6174749446358,524.5276723658666,473.6318625602873,527.0505611886376,518.601908837558,496.1805495545849,506.1203691609255,551.1142264595087,533.1376360632764,505.1986300958836,491.71459736654947,546.6609941289745,542.5844536069372,539.5202866341992,516.2153512810024,622.7623874243446,662.1202387998306,639.533637221806,648.812183911537,630.2557858056445,629.9220777556434,616.501965264752,655.1138899622513,646.2077332282603,649.1360001814335,665.3314619735164,650.3731967947854,611.4098624264824,594.1615530301962,671.189939525627,628.4349803090327,607.9083768787865,619.7014916800847,630.2493286743951,651.8078394367909,675.6681016746392,634.9425925435512,638.8039815999965,657.823701697858,629.5880798805359
