0.0,90.86509990093569,181.87844762999103,272.63236133251,363.60036003048157,454.5507619663758,545.5293198151435,636.4545018919875,727.3373385997643,818.1383859968225,90.86841937219052,128.62541461028098,203.15244390431016,287.441738959692,374.93421409931307,463.5947016893694,553.0287802355189,642.8014721896986,733.0200860895538,823.4592786244767,181.70395272978172,203.2752911600261,257.1489836664859,327.86168997902325,406.71163875859907,489.43298042840723,575.0406815750702,661.9721298378705,749.6159073415517,838.1667342422498,272.70623300086936,287.45214502975034,327.797604792464,385.69520723765964,454.48271795739305,530.1473958936112,609.8161017124642,692.375637333178,776.7171036539866,862.3450223435191,363.6065701966671,374.6991062704285,406.5311291388069,454.62271687934015,514.2751834098277,582.2431969611093,655.608742196069,732.8564433105377,813.2334271744304,895.2045187312,454.45305122604924,463.5429347616487,489.5823026316567,529.985927294899,581.9194554731807,642.922190218922,709.9608725988146,781.9140266410824,857.7215810382733,936.0127030929258,545.3887769148008,553.1009316728118,574.8494339815342,609.8945882319221,655.5429446585717,709.9143354508207,771.3768476884903,838.2137340924878,909.273613660705,983.4557136279421,636.3346008705097,642.8373640328014,661.9143219275933,692.336247896239,733.1093794391912,782.0983225493723,838.3207859374902,900.0084601142771,966.4432013179036,1036.6059819130019,727.2224713446502,733.100911343148,749.6223610092242,776.8811857403715,813.0436018327717,857.8415524212763,909.141296934785,966.5855605183476,1028.4383328254046,1094.6905701142578,818.0541055776591,823.283229646636,838.13647460263,862.4380427539539,895.3559544787522,935.98623794784,983.2965592201306,1036.722848863882,1094.7088742852713,1157.1640008343784
90.86509990093569,0.0,91.0133547030361,181.76731125501234,272.7352944438475,363.68568208105563,454.66426151297105,545.5894592381587,636.4722683929909,727.2733229461722,128.35461662409284,90.74996630647327,128.42345043590606,203.22743014989302,287.6030789253435,374.9002184831274,463.6270937045035,552.9824270264503,642.9459949492935,733.2094238462737,203.11975062522123,181.65427534042658,203.22686174607213,257.18312072554045,327.9191616486137,406.4341937092391,489.65260896078803,575.1171322543777,661.8040598250237,749.70398696641,287.3814318955302,272.5824289946059,287.4336378338233,327.727501352488,385.61122068999714,454.58430256529624,530.0677574046338,609.867785735651,692.3373554630318,776.6458595194588,374.6509222567446,363.40612981127936,374.72466150743884,406.5659463446975,454.5306810531541,514.3627460590211,582.1310089104943,655.4718650829378,733.0508484036229,812.973385285732,463.3544946784283,454.49199476027746,463.5120819007277,489.3971996184282,529.8505166525027,582.1650295838559,642.7306641886734,709.8910027365883,782.1184281977835,857.6768222834529,552.8140792166446,545.5074077111055,552.8040250733692,574.9652772114829,609.7829894485566,655.4143189682856,709.976765835948,771.4325111402089,838.2972365942348,909.2091548973981,642.7173659389906,636.2888100109062,642.8331890386248,661.7467657981757,692.4706461466135,732.9392580584046,782.1804619357772,838.1672212385548,900.0087525647,966.4478737792051,732.8022836787313,727.3475136401544,732.8323003920699,749.742634627171,776.6094673530312,813.2605131729698,857.640536806899,909.2611231704296,966.2609319146675,1028.4982813750842,823.0014491203553,818.163630979077,823.1263651843399,838.0810338867626,862.3968811606042,895.3156300263475,935.8824110679042,983.486314414204,1036.5100017016046,1094.739514155821
181.87844762999103,91.0133547030361,0.0,90.75400494501118,181.72195354637282,272.67232952758565,363.65092071084223,454.57612822157955,545.4589188053017,636.2599766225019,203.14694309058777,128.3572203038148,90.75426649261938,128.3553857042894,203.2818368201841,287.4395007164631,374.79799949848547,463.4356847010134,552.9927112132367,642.9931592865671,257.0682217937339,203.0611002097867,181.68074638083883,203.2172317622312,257.14749162647337,327.5411578813705,406.5352424651561,489.6005266487812,574.8170461879195,661.7636423993824,327.72206964602617,287.29929920387974,272.6265869400537,287.338134600264,327.6032999090124,385.6124196536885,454.4232520467523,529.998978856123,609.7139712793141,692.1490284908921,406.34986853334203,374.57311119396354,363.48184561855294,374.7431228572925,406.46388115150586,454.53214982776973,514.1709830621004,581.9131030053599,655.5655446215221,732.6807684976841,489.36664318059,463.5078485042988,454.48290754682915,463.32041935658407,489.2418493348754,530.0575700573055,581.9035498140357,642.5922252544543,710.0204576117095,781.9649433204479,574.7865246403512,553.0196887141658,545.2526788942284,552.9372061252644,574.845981641424,609.6264543859415,655.4171916173261,709.9626088135651,771.4349922806241,838.1625626868065,661.7252748503365,642.7214578915804,636.3295892040737,642.68032751816,661.8948733937065,692.255805094397,733.0074250137467,781.9689653919614,838.1134967768155,899.9328990894224,749.5237318726302,732.9698848503581,727.144235576853,732.9684488799794,749.4910250600577,776.787174285664,813.0405161817807,857.7150748857417,908.878014930226,966.2646252924279,837.9136807133733,823.1708930086398,818.0442707466468,823.1212058397296,838.0547641054421,862.3364899000916,895.1910400041033,936.0324493650943,983.2354181577202,1036.47823453277
272.63236133251,181.76731125501234,90.75400494501118,0.0,90.96800440985781,181.9184239010353,272.8969585757858,363.8221486533628,454.70497939602257,545.5060246715386,287.2489156524408,203.00801097323077,128.54483329957216,90.77284729178211,128.72305928680615,203.41593068505532,287.62727866380493,374.88030131808165,463.73390591985276,553.3158189365339,327.694924041483,256.8853731573196,203.18096481339063,181.8416804360895,203.42310503521063,257.0737994748932,327.93091696243005,406.7694497220952,489.5870265860811,575.0688477736844,385.6332713698519,327.6055837308694,287.44456887930545,272.69069379036927,287.4683816262753,327.84214178461616,385.758670633989,454.6283162301619,530.1378719486404,609.8227677551677,454.3115188349496,406.34332235926155,374.74735884069696,363.63748733912485,374.8839931356241,406.6786793237346,454.6117360030622,514.2510831483073,582.2953901370266,655.4865395033356,529.9130739525532,489.6008419202438,463.57966109715994,454.4329135978291,463.36594132485084,489.68114455356744,530.046744115386,582.048277569044,643.017911007778,710.1402210818994,609.6930608814448,575.0654789611112,552.876890948352,545.5322579667576,553.0090879998941,574.9143877531942,609.8600441551364,655.6567727480272,710.2316375920371,771.5997200328741,692.2925980363525,661.7850850327865,642.8721226668041,636.3196936608703,643.0216018789113,661.8656558741563,692.5825292492528,733.0421629152626,782.191819588591,838.3051190274099,776.6534208925303,749.7470717971961,732.9029236096541,727.4140056640833,732.9106458082451,749.8386663106851,776.8034426325459,813.3528621330368,857.5859665347895,909.1581324078915,862.2699550714644,838.1636581104287,823.1600233466855,818.205886556371,823.270309334079,838.1744438329077,862.4287092009758,895.5672109519769,936.0396909180671,983.456345603605
363.60036003048157,272.7352944438475,181.72195354637282,90.96800440985781,0.0,90.95042489919724,181.92896774985877,272.8541766987914,363.7369785739441,454.53802900994896,374.64310382157083,287.2494818618732,203.3119300968487,128.41299719086078,90.89732338881481,128.616862252834,203.35712216139933,287.4504577073173,374.9509643679233,463.81947418583906,406.5222528429149,327.5421162151465,257.01300470493675,203.2121396977137,181.81792773010218,203.156496046936,257.1951432957961,327.8994189222937,406.4989516834352,489.5951344435789,454.5050567064358,385.51464863547477,327.7135885399946,287.3865110979842,272.6666826242361,287.4368147400421,327.77438908798337,385.68510448034664,454.51117848247094,529.9977976016952,514.0060885165178,454.3242558620708,406.44672092468096,374.75310351315017,363.63733908316044,374.8407841284186,406.5255028922197,454.46426188561145,514.3762357877193,581.9609687844899,581.9233560087924,530.1305143091952,489.56965315715354,463.39486149254077,454.3144168090213,463.592880165726,489.4411694708775,529.9641862409803,582.2391296220839,642.8666940299178,655.3965132964624,609.9211407953393,574.8394103640661,553.0167009025764,545.4424323957795,552.8897416374289,574.9141214909816,609.8566485412202,655.6732930871937,710.1678296914099,732.8743343175273,692.2688772175801,661.8330033534838,642.7268044804057,636.5061015191092,642.7803366649518,662.0080594814608,692.3877033214052,733.0412708043143,782.1307048487611,813.0291589376745,776.7744935667508,749.5985479676949,733.0237688543344,727.217134210493,733.0376286392759,749.6665256399963,776.8907340327477,812.9932101117315,857.6366203350443,895.1619350793412,862.4283254503767,838.0368728019157,823.2082116624051,818.2003656083515,823.1945283572634,838.0699986958805,862.5817279028829,895.3617309298031,936.0184765439792
454.5507619663758,363.68568208105563,272.67232952758565,181.9184239010353,90.95042489919724,0.0,90.97866457964217,181.90389781769943,272.78659264647996,363.58765739417794,463.3888996448109,374.62218944039967,287.5420040392986,203.16494726674762,128.42944121958396,90.82319596514743,128.5468222165814,203.14775267991902,287.5399369587252,375.0382965793227,489.54566535463226,406.3237943225421,327.6484438484567,257.0054206840991,203.13935198588558,181.63816933659183,203.21771131163467,257.1289995217338,327.61440176422576,406.50911712275723,530.044187762262,454.3468373812937,385.5963988106668,327.6302416116173,287.36586831138555,272.5537712200427,287.3877515678895,327.64566442302896,385.55213547879964,454.36825029828265,581.8141262752644,514.0150631589759,454.3905850264817,406.3979182731847,374.75475531298474,363.5131321384424,374.6671353396276,406.3814349666556,454.56090470927086,514.0286519981499,642.6163481106297,582.1211002102193,530.0483251559857,489.3505672246846,463.2516007613828,454.48777730346893,463.32388906549994,489.34684536271595,530.1437622174647,582.0471576358173,709.8235963396256,655.588634325804,609.6722286980729,574.9304942676633,552.8965748819779,545.2976840703494,552.8366941861856,574.8676834243557,609.8340372980002,655.6106645546579,781.9325129457327,732.7987559491335,692.2756651494844,661.6496537641731,642.8794293696244,636.2082267983974,642.9120387074378,661.7786420866535,692.3716308893719,732.9448294180844,857.5034379802956,813.0864657870055,776.6115672288478,749.6639259929259,732.8125007012947,727.2662247115059,732.8473723832957,749.7118132596427,776.5035123218776,813.0260122488054,935.7254441809662,895.2719714131028,862.2571401232049,838.0656510188816,823.167212966277,818.0708169939355,823.0555078220414,838.1754236347625,862.3585984406254,895.3018463520398
545.5293198151435,454.66426151297105,363.65092071084223,272.8969585757858,181.92896774985877,90.97866457964217,0.0,90.92523452653889,181.80803379794324,272.6090666704111,552.9140991290052,463.4426316881208,375.00365349519245,287.5058240336955,203.26918710578835,128.61855924869099,90.97616540165463,128.40268015497765,203.32776817884894,287.6556442101346,575.0658514010208,489.4489209590651,406.5615051706575,327.78687101205674,257.10726383851545,203.3171112238844,181.84056368454077,203.29269995166342,256.96523044315376,327.72089193436756,609.9248289659703,530.0234546898635,454.59013336369253,385.702244415532,327.84162179363716,287.42827136060737,272.77486884102905,287.40897837962905,327.67195985555935,385.54723789423707,655.393625301648,582.009435164149,514.2568750233229,454.52282894130207,406.64160230990916,374.80672498046476,363.57240033011357,374.7610224723959,406.6387618381272,454.3720173362263,709.9596515327167,643.0027086823377,582.2197020438247,530.0412609537349,489.4363352079869,463.6165665734702,454.4453773197596,463.4530559896839,489.7218651027693,530.0944130743704,771.3356731054095,710.2030110657158,655.5563180068006,609.9603290352777,575.0352868763521,552.9834516319527,545.4393485132541,552.9818801321433,575.0225214693634,609.9758630840388,838.1972578577152,782.0417132915823,733.0078987379509,692.307677381348,662.0196469135481,642.784676594449,636.5759793109349,642.8902700814335,661.9736129937261,692.44803194506,909.1142165352152,857.7390742853653,813.1565734642511,776.8742758276102,749.6958470292354,733.0370868853179,727.3105969405048,733.0902882006692,749.5313213548445,776.734650683997,983.2437809685732,936.0315977150782,895.3087441419281,862.5195754125328,838.2453581461323,823.2399023704578,818.148957057759,823.3541631132166,838.1707247714596,862.4808156702908
636.4545018919875,545.5894592381587,454.57612822157955,363.8221486533628,272.8541766987914,181.90389781769943,90.92523452653889,0.0,90.88304073309354,181.6839359329967,642.7916049513266,552.9090280066184,463.76371817289316,374.9061725480597,287.5130478395923,203.3899367627782,128.72295808988815,90.86122342160057,128.7055874824981,203.48838959267184,661.9855422037467,574.8995997128525,489.6210690290886,406.62534130160327,327.8107668212618,257.3133518928105,203.3990171632259,181.8979343685031,203.1922697226708,257.1342994982015,692.491266407312,609.8383426807624,530.2014909957816,454.6365632460321,385.8683081222294,327.82225071156404,287.66854570493575,272.7609592024102,287.4708051109783,327.72644271053605,732.8331415370426,655.5445513384168,582.1849728353561,514.317345698733,454.73393028261574,406.6170017733951,374.86403460644993,363.70893962197863,375.01024808681706,406.4975204468151,782.046137514231,710.2930307601839,643.0351878876127,582.1676187744283,530.0935319832262,489.7311095745667,463.5697826585674,454.58948495775235,463.83916473211065,489.66843228577756,838.1709086825317,771.6556433944393,710.1337328193373,655.7818317125092,610.0310861257879,575.1025324598576,553.0827874975695,545.5598958354784,553.122502076385,575.2092676830338,900.1052358930215,838.2438724540043,782.19792389801,732.9988554631358,692.6351899043741,661.8840885992156,643.1476691771445,636.546462410167,643.0986860147251,662.0471407184159,966.4987476501752,909.2785125838517,857.7853883619371,813.3603538735966,776.8957766897861,749.8491864094916,733.0818888197567,727.5284001445239,732.9181659168624,749.7760838387305,1036.5352280398686,983.4931740684455,936.0225752822,895.5477810558824,862.6678574230775,838.2763687085608,823.300692308632,818.416033104468,823.3628334873304,838.2833766817159
727.3373385997643,636.4722683929909,545.4589188053017,454.70497939602257,363.7369785739441,272.78659264647996,181.80803379794324,90.88304073309354,0.0,90.80107565335588,732.8488488622734,642.7011576164356,553.1370082238319,463.5646151254387,374.7789030247944,287.48907527783723,203.2928632345832,128.44279139995004,90.93347935269763,128.67724964133075,749.7429421090308,661.6887857196251,574.9314531981498,489.5228488444932,406.4626209086193,327.8512094356384,257.0757468822493,203.13822184118038,181.57689794825706,203.1498217286706,776.7828428846194,692.2427718260965,609.8376901574946,530.0540202370365,454.58874776932845,385.5773975643892,327.80782297341574,287.3302134771918,272.5494643816639,287.3037236221739,812.8995969841524,732.8081746746877,655.5087100368332,582.008980044981,514.2926738986271,454.41267780347124,406.40511855003473,374.7454428313967,363.6337675454024,374.6378632039671,857.5275503957561,782.1709448700597,710.0900708237787,642.7452916534452,581.9665755867713,530.0708162245186,489.4112271683838,463.4352095961104,454.6771410696676,463.4903861903039,908.9841701396125,838.2565914924162,771.3566917832864,710.085212407962,655.5844609676009,609.822589209846,574.8853786533653,552.8888480695911,545.3894363745243,553.064164828645,966.3851832367636,899.9000601205346,838.139630180724,781.9232218373496,733.0373525005492,692.201956341984,661.9599762200777,642.8256462135879,636.4749075598794,642.8793182077055,1028.4907567937212,966.3893280469682,909.0795030077312,857.6955800159452,813.119441020049,776.7141517645975,749.6170880420196,732.9868940510746,727.0795847795247,732.8868129890523,1094.5458617517795,1036.5126622225096,983.2103209177513,935.993078542838,895.4079867806762,862.3905256448516,838.0422916522839,823.2494659072659,818.1518353913176,823.1782742522661
818.1383859968225,727.2733229461722,636.2599766225019,545.5060246715386,454.53802900994896,363.58765739417794,272.6090666704111,181.6839359329967,90.80107565335588,0.0,823.0345895559658,732.7128571147606,642.8888885518304,552.9071561039794,463.40730100880234,374.75186816350845,287.4156442434016,203.16364427564406,128.54497967080115,90.96244999370087,838.1424158609269,749.4318393493817,661.7189552768366,574.8429267556389,489.3894507950274,406.59028102761613,327.6776565681932,256.95564250968147,203.10294321505555,181.7529921157796,862.4176757476303,776.5548331167103,692.2755179323443,609.7458264704115,530.0869918603637,454.39192803023894,385.7165197200686,327.64016604791806,287.35192080854586,272.6559764029,895.063650031876,812.9351783657969,732.8339063007974,655.4105768972886,582.1016055900834,514.0919931587675,454.38774276042,406.5218114449189,374.8562199067531,363.55525212288296,935.8040329586345,857.7294606894411,782.0547962105371,709.9202925585311,642.6887261434982,582.0707558470433,529.9597269287977,489.5050745412131,463.73838444394755,454.5588464932276,983.1779612574711,909.1620742210156,838.0853226328709,771.4284202715335,710.0482269913126,655.5635179568534,609.7868440284013,574.8961810616224,552.9364653281966,545.6126126091601,1036.4953965841823,966.2886991044849,899.9243277913919,838.0194818884414,782.1221882753115,732.7908534260735,692.4911216591117,661.8714968311201,643.0048741953425,636.4956014156115,1094.6345062558673,1028.495168625339,966.3555885051837,909.1375769761809,857.6578254062191,813.0980755882366,776.7173480873403,749.7361430946769,732.8010674887837,727.3059390964628,1156.9185824394924,1094.658732911707,1036.3885422377857,983.3664254022949,936.0444667478548,895.3248500884669,862.3801925042918,838.2024851595432,823.2509582717358,818.2080723754373
90.86841937219052,128.35461662409284,203.14694309058777,287.2489156524408,374.64310382157083,463.3888996448109,552.9140991290052,642.7916049513266,732.8488488622734,823.0345895559658,0.0,90.94136778520087,181.56687423573393,272.5977242671535,363.6048764056859,454.45243280597685,545.3612578587446,636.2292560806816,727.2140880789196,818.2844821272129,90.83585461691423,128.5535427478729,203.2153109918985,287.45346524288095,374.8647467258596,463.30038627687753,552.9344021995888,642.8501221838679,732.7841999157432,823.1207653917506,181.83798615688252,203.24597957961169,257.0874355074655,327.69865433834485,406.3905202051697,489.5264129051516,574.8167432826616,661.7553045687782,749.5365747801413,837.9277316077248,272.7381878744511,287.35626575259664,327.71711386921726,385.71887117624544,454.4721825677579,530.1474535989561,609.8033690556339,692.1604495323018,776.7308743354882,862.180585409995,363.5847263509598,374.8235250050584,406.55082989932225,454.4023394593534,514.0203449297684,582.1208813318489,655.41349198799,732.7214680501539,813.0822050455099,895.2906113237915,454.520451142451,463.681353572641,489.4368475037953,530.1053925924566,582.0325745185423,642.6435327461472,709.9350029716721,782.0234987290696,857.7348390700029,935.982283021754,545.4663069775393,553.0111200922609,575.0435448923598,609.8117488686435,655.6867362854119,710.0480816200946,771.494869004269,838.1158336762654,909.0596910195723,983.3172918990066,636.3541701027598,643.0160575767603,661.7959466770304,692.4811164630169,732.8234161146355,782.1982082497323,838.1352423882855,900.0976483541882,966.2278466972957,1036.4385278592056,727.1857883434077,733.023451920531,749.6619418965996,776.7141818119978,813.091357606122,857.6186032034765,909.0083965555464,966.5220013255228,1028.4683804547128,1094.6988740722504
128.62541461028098,90.74996630647327,128.3572203038148,203.00801097323077,287.2494818618732,374.62218944039967,463.4426316881208,552.9090280066184,642.7011576164356,732.7128571147606,90.94136778520087,0.0,90.6255209953732,181.656357155243,272.66353281169484,363.5110863038751,454.4199116648248,545.2878917249684,636.2727414604614,727.343130975178,128.71103706897452,90.90443517219276,128.52372908381756,203.25312116124203,287.5044106667579,374.56120174909046,463.48160280591145,552.9790688624392,642.6479333957353,732.8093983927454,203.4209969196468,181.83267022710635,203.2945679763001,257.06993908058433,327.62005078134604,406.51322492332173,489.41074473241144,574.8680700586909,661.6882071684552,749.4221394623215,287.5010670696416,272.6564021686486,287.46995377781633,327.8241654922505,385.6499472022555,454.6053740035772,530.0450828943517,609.6482610575439,692.3380942973769,776.4549770325237,374.83650840291733,363.742395621184,374.89631813576773,406.45191712398685,454.3253099168621,514.2969221382021,581.9627431086396,655.3457989311343,732.9075368214742,813.0491772069722,463.5770057211058,454.75773333512007,463.4883289433485,489.6367416122257,530.0618183464838,581.954698545577,642.7515711387132,710.0210077756321,782.1266813091707,857.6564077048777,553.06354395787,545.5390870672927,553.1122736982849,574.969511115475,610.0145784098836,655.593595328755,710.1602544103332,771.3831947642276,838.131138036629,909.0871926876544,642.8816011433561,636.5977709203577,642.8523145694913,662.0133057107946,692.2864461164453,733.1225523685306,782.0487947624647,838.3020333310757,899.8130385330076,966.3046795756189,732.9004223238643,727.4139100260937,732.9765017992914,749.6991378974122,776.7581530842765,813.1329421105293,857.5790476636279,909.2545179183221,966.347115891146,1028.5387154675389
203.15244390431016,128.42345043590606,90.75426649261938,128.54483329957216,203.3119300968487,287.5420040392986,375.00365349519245,463.76371817289316,553.1370082238319,642.8888885518304,181.56687423573393,90.6255209953732,0.0,91.03087453739711,182.0380119346684,272.8855653849179,363.7943907873619,454.66238452793255,545.6472207324189,636.7176112888432,203.21032988572696,128.34063700470554,90.92682216314296,128.75967553595848,203.55919799746786,287.4796774991897,375.0348014853831,463.82115948785685,553.0750763824201,642.9781180180019,257.0884598017672,203.16043009422927,181.87254954257435,203.35964930040439,257.18777240104845,327.9579845084218,406.6636581726946,489.7222610966929,575.0793619259023,661.8612684895111,327.588000091808,287.32042482961987,272.72779487803024,287.60528848539866,327.90640661123706,385.9392969155914,454.71550906984146,530.135822436826,610.0809832963097,692.3237615284836,406.42827119453966,374.90615567220544,363.72880679995205,374.79332011578924,406.45869115598623,454.7504870223019,514.3072138575499,582.1085177695534,655.7716931635423,733.1046423980384,489.46726187830797,463.7088185721457,454.4985753290966,463.6900814235954,489.6514055656031,530.0929925956153,582.1990310723654,643.0090612394283,710.3199817327898,782.2804612355966,574.9535042350747,552.9994915444364,545.5755248078635,553.0174692181993,575.2274807378732,609.9765268346626,655.8520170340981,710.1931920023517,771.5853146352613,838.3492346242293,661.8006727257149,642.9887575937468,636.3901378853154,643.0386387897847,661.8563090861727,692.6209796255548,733.0810254757209,782.3427265661566,838.1667168462393,900.0748362614319,749.5378466828743,733.0184937160853,727.2902144652628,733.0108744979528,749.7590060372662,776.8319521001629,813.1740187944291,857.9305885003358,909.2225901409313,966.5687127946427
287.441738959692,203.22743014989302,128.3553857042894,90.77284729178211,128.41299719086078,203.16494726674762,287.5058240336955,374.9061725480597,463.5646151254387,552.9071561039794,272.5977242671535,181.656357155243,91.03087453739711,0.0,91.0073064326509,181.85479801782836,272.7636100483537,363.63153753641416,454.61642711975026,545.6868031786266,287.56004397758824,203.15899268030495,128.60008955449106,91.06883425357643,128.7921494817789,203.20690029213935,287.5989960444875,375.0022524546356,463.53696873921353,553.0255090124365,327.87003927612744,257.1017149004135,203.39382802895136,181.91787252603368,203.3503467590477,257.25707513336255,327.83464712144087,406.6404366349638,489.59325300139375,574.9033197874681,385.5931832722906,327.72264117411845,287.55152407978943,272.86465473175434,287.63861240307494,327.98627921501617,385.81564006523627,454.54652515759693,530.2710104874591,609.7460713358457,454.5308065449618,406.76777719446255,375.0141022279497,363.6601135416239,374.7585121134609,406.7665716998869,454.56997472013813,514.2369190943323,582.2911302705772,655.6717676378425,530.1009675913263,489.8243317238814,463.5984061603266,454.75946271501647,463.69290615931783,489.6037971605041,530.1830169271539,582.2627353597454,643.0796543323829,710.2408410956388,609.9505394360865,575.0705059212067,553.1731681295481,545.5468820119082,553.2961357545519,575.1060825141328,610.1556011902807,655.7260956961219,710.218556532994,771.5776040642654,692.4311231983286,662.0694398361451,642.9430054768937,636.6411994518544,642.9227746294482,662.123629672287,692.510228062388,733.2471475759579,782.0429324559657,838.2474733979334,776.717260506675,749.8308715154315,733.0203965685308,727.4330989511819,733.1085015733838,749.8005952743748,776.8132418315063,813.4180222803784,857.7726983068443,909.2710257577608
374.93421409931307,287.6030789253435,203.2818368201841,128.72305928680615,90.89732338881481,128.42944121958396,203.26918710578835,287.5130478395923,374.7789030247944,463.40730100880234,363.6048764056859,272.66353281169484,182.0380119346684,91.0073064326509,0.0,90.84755675497432,181.75638145678872,272.6244400992045,363.6092116889005,454.67960695552733,374.9640525645696,287.38659625296816,203.2923345216613,128.57598003509685,90.92062623292233,128.3508291195794,203.25341533581297,287.51405362816115,374.6817111454448,463.46866180141683,406.65565661912444,327.7171503049748,257.16696107645004,203.25297977572305,181.76953917278163,203.20748388621874,257.0356933297873,327.69029950062617,406.43213833739287,489.3586041356693,454.3907976216841,385.5856294666112,327.75082557443625,287.44915428110454,272.7401481114638,287.4770415245676,327.7006997505738,385.52808491284947,454.5667663936396,529.8375031989533,514.1869091187604,454.6924976725557,406.64069140683534,374.72102850198536,363.41723252799903,374.8561501221253,406.3954358147872,454.3507552177111,514.2949484829343,582.0505156273396,582.0363943038585,530.2495418137376,489.5070154037419,463.6239571783867,454.5452443742892,463.4405715390756,489.4779284972613,530.0563426048968,582.1626064974103,642.8767342883224,655.5861154846432,609.8306278194888,575.0151153675562,552.9129857210173,545.6088836494955,552.9281571296763,575.1077500686351,609.83153612688,655.5887331817063,710.0412507816203,732.926916153372,692.4462640340311,661.8216346144335,642.9451273273912,636.3199530465771,642.9255816766107,661.8150066291254,692.4687228854535,732.7575258828371,781.9602967939104,812.9991605438258,776.7728007569881,749.5935726739874,732.9535643553894,727.3031775477948,732.9056192635634,749.564294378619,776.8385204337806,813.0755443854944,857.6283515024174
463.5947016893694,374.9002184831274,287.4395007164631,203.41593068505532,128.616862252834,90.82319596514743,128.61855924869099,203.3899367627782,287.48907527783723,374.75186816350845,454.45243280597685,363.5110863038751,272.8855653849179,181.85479801782836,90.84755675497432,0.0,90.90882545292236,181.77692499555104,272.76165569237713,363.8320502083706,463.6299750901896,374.6799831353177,287.4423780481072,203.23541713218438,128.4887154538859,90.81507395621134,128.57828151238866,203.353527776182,287.37755728117895,374.80376892885926,489.60636878730935,406.4484384979593,327.7715984279088,257.0836880302952,203.2745598265835,181.73057536897323,203.24562097516912,257.0682423359142,327.6892929310178,406.40683738762874,529.871221309127,454.40397386470886,385.63831792349026,327.7034631702115,287.5031086161933,272.68993665954366,287.4012296496322,327.6551766552765,385.7593819269668,454.34562442511435,581.9876870010343,514.3841547486659,454.60678702465844,406.45000707741514,374.630212639859,363.66458471704675,374.68158689302305,406.40406006271365,454.6420619925701,514.2498412962779,642.717114453255,582.2284011764115,530.0267265909613,489.6272445190687,463.55938122341354,454.4745103302361,463.4834957142913,489.5429623835391,530.1574988841838,582.202509593723,710.0241085940905,655.5130444322084,609.8605569330055,574.8728699269383,553.1231742704895,545.3850319342175,553.1453588627134,574.9809191063868,609.920134152214,655.6172497099026,781.9964656861672,732.9887102226297,692.3248416982485,661.9271883027457,642.7971127747044,636.4430294916051,642.8200017581781,661.9617350538055,692.187676858248,732.8995736103632,857.4900527800362,813.1287321414629,776.6362471260829,749.6756811338355,732.9743869721541,727.2476282495288,732.8520978422196,749.7694087380526,776.7145457472868,813.1321138441257
553.0287802355189,463.6270937045035,374.79799949848547,287.62727866380493,203.35712216139933,128.5468222165814,90.97616540165463,128.72295808988815,203.2928632345832,287.4156442434016,545.3612578587446,454.4199116648248,363.7943907873619,272.7636100483537,181.75638145678872,90.90882545292236,0.0,90.86826637273664,181.85283031204983,272.92322709490793,553.0622647938067,463.3987014946217,374.788704032947,287.42729023268583,203.16976149248592,128.59054738991497,90.86441295437025,128.58219021525488,203.14186409635428,287.44158202220956,575.0020494846632,489.44700192937586,406.5448269333081,327.72890229306915,257.14541067373705,203.1511713312983,181.79870370438843,203.16651391313283,257.00531395621937,327.610031894007,609.6067353632826,529.9461274853139,454.48357055521336,385.59440685896044,327.79369576154204,287.37642875221843,272.5962485315197,287.3505462561345,327.81840244616177,385.4818472907172,655.4330788213097,582.2259851703761,514.3122651472338,454.4395721317656,406.37462223074084,374.82314472122385,363.46921480798494,374.66961508459093,406.65927733573534,454.51524421448687,709.9032109030013,642.9327110631527,582.0443622792044,530.1390860361513,489.5682120600267,463.48644219176157,454.46318631537895,463.4924751213398,489.58132061711905,530.1765079612451,771.3823162702562,709.961631320893,655.5535706686893,609.7268195966286,575.0758452177785,552.8650479959443,545.5998190854963,552.9819091704466,575.0433025140744,609.8889069355245,838.0975096659188,782.0513157709463,732.9048888128717,692.4129477885725,661.8013177956304,642.8551795577564,636.3344370903756,642.9215333844332,661.6473449408605,692.2960100651331,908.9334896951649,857.6239748014752,812.9970779665075,776.7382200287113,749.6917981268273,732.8855466139051,727.172795496657,733.0085886849005,749.6261486093696,776.7176841682585
642.8014721896986,552.9824270264503,463.4356847010134,374.88030131808165,287.4504577073173,203.14775267991902,128.40268015497765,90.86122342160057,128.44279139995004,203.16364427564406,636.2292560806816,545.2878917249684,454.66238452793255,363.63153753641416,272.6244400992045,181.77692499555104,90.86826637273664,0.0,90.9852068129457,182.05536879595044,642.9032406094411,552.8296958897638,463.5153882822035,374.7908788253047,287.39856053755136,203.42667433168094,128.63326001165524,91.03688313781444,128.56255584546074,203.36149663586687,661.8963131151179,574.8827934718544,489.5962085511505,406.5822466411924,327.90711884840204,257.1348221933668,203.4790740150222,181.89979383073245,203.34441280930048,257.14459478769305,692.1621432169013,609.7715745244785,530.1129490132356,454.54373585640013,385.85007533620023,327.80931146589836,287.5302913686613,272.84773617465055,287.7327415749891,327.7812035259192,732.8924196619241,655.7793254355985,582.2694462764019,514.3026520622861,454.5529973444619,406.7259089605979,374.87851053909156,363.72828181906044,375.1793944749119,406.74082595260035,782.0105859161843,710.2416826508055,642.9140494810724,582.308424131431,530.2803046315274,489.72451777780276,463.6829568676569,454.6987295672188,463.75953352855464,489.87970124033507,838.2556923691143,771.4574628133507,710.1629797180734,655.6085183434726,610.1266230811137,575.0280890457982,553.3341496167711,545.6852790868029,553.3100407045446,575.2454756803222,900.0481343957752,838.2922238326464,782.1704215126443,733.1687345333273,692.5271006345663,662.0372298291671,643.008790672656,636.6672381789782,642.8687546643653,662.0142309628869,966.3674090499073,909.2315039705187,857.679729686133,813.3192570257662,776.9741849337817,749.816976777745,733.0538249682437,727.5548712432081,733.1355160500874,749.8658270054417
733.0200860895538,642.9459949492935,552.9927112132367,463.73390591985276,374.9509643679233,287.5399369587252,203.32776817884894,128.7055874824981,90.93347935269763,128.54497967080115,727.2140880789196,636.2727414604614,545.6472207324189,454.61642711975026,363.6092116889005,272.76165569237713,181.85283031204983,90.9852068129457,0.0,91.07040914497448,733.0534639389903,642.7112568792558,552.973740708486,463.5236302057029,374.73836016640746,287.6093431927541,203.2367330110487,128.4107288577343,90.64343917648111,128.42883030793797,749.7294016103838,661.7468752095317,574.9745629821397,489.54709437373015,406.6269870229685,327.67071219553344,257.17165627782623,203.12027868753103,181.61598964365103,203.06475429383966,776.5156708597264,692.2419076801082,609.8047546685492,529.9937111945683,454.58439674865485,385.54707697564965,327.6146117583698,287.3898385639293,272.7002882816457,287.25219084333753,813.0205090030105,733.0872520249376,655.6279406411951,582.0375377852132,514.143901025702,454.5167220726089,406.40223143712086,374.7036147947305,363.7436676846149,374.7440189589199,857.5330116038288,782.1425347420494,710.0022619358793,642.8835302452449,582.1311421500504,530.0741983014361,489.4730088423903,463.43517444078896,454.4559584793007,463.60547928283603,909.1044649587295,838.0828190767629,771.3794267056768,709.9090899650197,655.643170772098,609.6761306281427,575.0712084745031,552.9588113806003,545.5414344272409,553.0056737492038,966.3510447335744,899.9502531336904,838.1274029030807,782.0752219282282,732.9325323975181,692.3047514640308,661.77037888004,642.8544240952358,636.1461076416634,642.7512261997603,1028.373703461768,966.3561308592746,908.9569947215568,857.6543271788381,813.163876733203,776.6621261592974,749.5389541087962,732.9408225922948,727.2183587484861,732.8686335211422
823.4592786244767,733.2094238462737,642.9931592865671,553.3158189365339,463.81947418583906,375.0382965793227,287.6556442101346,203.48838959267184,128.67724964133075,90.96244999370087,818.2844821272129,727.343130975178,636.7176112888432,545.6868031786266,454.67960695552733,363.8320502083706,272.92322709490793,182.05536879595044,91.07040914497448,0.0,823.5054349818879,732.9872312536347,642.9878126738857,553.1225054805737,463.6254741606405,375.1388024035646,287.61352673684684,203.30526798616054,128.57153971950373,90.7911707076268,838.3836899224362,749.7450277872696,662.0132379211227,575.1195409069186,489.8074066344568,406.6271392580591,327.9985762212872,257.1474054125507,203.22610268212551,181.6942309225606,862.3948063341289,776.8016497508771,692.4831465322205,609.9099001865872,530.2938637286604,454.55082166025204,385.6886157768785,327.85843016418363,287.535120663777,272.5934691140956,895.4261407011429,813.4411115977337,733.172455197733,655.6646085919873,582.169890142911,514.3751701433482,454.5468947995514,406.5870705823669,375.0328537178364,363.59687429587996,936.0311379501895,857.9069527696381,782.1802579236521,710.2379278380705,643.0109608977448,582.2530267009874,530.133543864472,489.5443045761835,463.4999498872111,454.65063310157063,983.5105160979804,909.1903726461128,838.2801402253209,771.4248397764472,710.241510133869,655.5139356007581,610.0537435693564,575.0385177405193,553.1530216792802,545.5336362536841,1036.6582044353088,966.5142493863475,900.0953375515038,838.3188730988752,782.1779896810737,732.9931142601743,692.3905288892117,661.9273515468724,642.6796920473347,636.3439806888383,1094.7016204417957,1028.6416418666165,966.3812424610209,909.2523162984264,857.8185487333039,813.1651571092244,776.7166459577376,749.7281420586642,732.9486384524594,727.2460631723823
181.70395272978172,203.11975062522123,257.0682217937339,327.694924041483,406.5222528429149,489.54566535463226,575.0658514010208,661.9855422037467,749.7429421090308,838.1424158609269,90.83585461691423,128.71103706897452,203.21032988572696,287.56004397758824,374.9640525645696,463.6299750901896,553.0622647938067,642.9032406094411,733.0534639389903,823.5054349818879,0.0,91.14543106080856,181.94968072301052,272.8849686448906,363.8618878291582,454.5046325992249,545.6079067766726,636.5960245593716,727.3461373883889,818.2941494960357,91.00230299059956,128.72971680770456,203.42300195669196,287.60812976280283,374.8605577309557,463.7312345746633,553.0331173435001,642.9705005818307,733.0332241328836,823.2167968086565,181.90283641478695,203.3124744721362,257.25413749125204,328.00716898520346,406.6760556151006,489.8389631193331,575.1488936245736,661.8567728026106,749.8640623038448,838.0958001124246,272.74915121694534,287.58866081831286,327.92141220171374,385.74104928767974,454.51505281802895,530.3047049636939,609.913024946797,692.3428757443431,776.8834671246793,862.5901813767126,363.684868420982,375.0734851828218,406.5796870102716,454.72657648177733,514.3671772521739,582.1094744521605,655.6704751758398,733.1384780523189,813.4338286902345,895.5654774455343,454.63066296832426,463.69030426280654,489.7833052727767,530.2277673180951,582.4029227236125,643.049997843995,710.3122588861572,782.2018571000859,857.7921235674537,936.1499579108248,545.5185353522246,553.2759994875709,575.0548060328925,610.1245647530226,655.6055011392405,710.3776866707271,771.5737091935198,838.4799523492699,909.1500557239559,983.4485391316391,636.3501782630174,643.0158265972303,661.9617285336725,692.468392759818,733.059982500501,782.1863111072419,838.241512347737,900.2921587298226,966.5193027085298,1036.7340924990365
203.2752911600261,181.65427534042658,203.0611002097867,256.8853731573196,327.5421162151465,406.3237943225421,489.4489209590651,574.8995997128525,661.6887857196251,749.4318393493817,128.5535427478729,90.90443517219276,128.34063700470554,203.15899268030495,287.38659625296816,374.6799831353177,463.3987014946217,552.8296958897638,642.7112568792558,732.9872312536347,91.14543106080856,0.0,90.80425155512819,181.7395402716587,272.71645749164657,363.3592035887208,454.46247601814264,545.4505953332107,636.2007139354185,727.1487213987381,128.7479580003357,90.92824127458731,128.53398052607832,203.1876364341782,287.28600606866706,374.7766716252443,463.3693597670444,552.8870523423728,642.687050343002,732.6951747639075,203.28878036513382,181.75197276273167,203.25595937726087,257.1653528640608,327.69644680427103,406.61208071528307,489.5184128358869,574.7579075566906,661.8062132800142,749.3762164604332,287.49810600327777,272.83800147307403,287.53514832583414,327.65999254520966,385.4668200956908,454.56424983012556,529.9430229182102,609.6153520937944,692.2834624841555,776.6505565699345,374.8646043304949,363.85330823822585,374.76378374363406,406.6194520874335,454.5006401193851,514.0900294068406,582.0180789237198,655.5481368970786,733.0298660700304,813.1157687810947,463.6424866820345,454.6346530290154,463.6820656777566,489.5704465549783,530.2517373877673,582.1442338784369,642.9413664158807,710.0023922005241,781.9937939137733,857.6123419239569,553.0439438229873,545.6933357614571,553.0063847259545,575.1427167734444,609.7684572247375,655.7457384622878,710.0351911958239,771.5441270721291,837.9983637556542,909.0071581473233,642.7984782909422,636.5094754734628,642.8725245287166,661.8682286154277,692.3645842764599,732.9460360048139,781.9694744513092,838.3016412473656,899.9148620642608,966.3924447308406
