0.0,80.32844292763332,128.5159637145681,128.43464868344645,63.465322041665665,51.79432770416444,140.62107934804277,110.15284061839981,54.90534689221648,72.72045130024982,81.19313499361684,127.93907226649335,132.84632548345004,50.68474048859416,123.40554763747488,119.23147236483153,111.09166134622753,119.75746595650564,142.90684707582756,73.13825298279872,78.22362097439654,114.82893607862593,88.28598552616388,149.57225614083544,69.00726183900119,146.95042253394183,85.45428459392019,68.56541344784183,111.51159987618563,112.49424017782395,113.85065508621311,87.75977301219864,135.5701341310394,136.9878053818924,145.8325927430112,88.18371121077976,54.6309476334839,76.95787976020682,88.24266055046006,50.40330162580663,109.78423578174136,52.515733502404615,139.41624713280282,96.93462551392825,72.08223560034556,52.86690631349166,103.63933546909523,124.31693000882147,137.6886268728201,73.33657040545857,447.17347233859016,375.7651933276834,417.69354201880566,388.7691046441822,413.5359772222867,356.884070195584,363.6340006690607,385.661494516651,409.5072535472146,401.0609253385338,406.34712011558304,382.35263483952065,433.67725783714366,376.6276470338267,436.2626559646616,428.9028724754465,373.94269657869904,436.3067591456077,377.82319479919323,430.6888897138596,376.4204607716195,394.00167648809963,412.21929359435023,387.1117976225128,407.20076947741626,380.642636510781,402.9648358198285,357.16992411770923,397.9460551194436,434.09770564091366,424.1625087429563,448.47592798362814,441.5328973796252,380.0621549190901,390.7952213986766,393.40275105707946,404.70765391570285,358.61894452237317,384.83190255928344,449.33961346550427,363.10713606102235,439.84205154436853,436.471231109099,392.3799253818923,428.09895323422063,426.4910815272518,445.30149994357834,411.41795504665123,354.45514226169104,365.2120187635082
80.32844292763332,0.0,340.3185327880032,348.6119971878503,151.53381616406554,230.13912314904303,483.11069725338274,325.1161996730966,271.34470934245877,273.95897301360714,318.59414834279875,554.2525647639013,616.2928906782657,391.5210881635384,635.0158945041986,648.7886576414703,643.1384562625449,722.4177846346109,886.3274038424352,582.3338781282242,629.4765784062663,832.9923123080782,730.9263051747982,1099.06209167045,699.5047195663569,1148.591926573499,827.4495803165375,767.66906813836,1024.8985192178886,1057.1872326179175,1090.937683646983,958.9191900706528,1276.3559622188498,1309.4182630872,1390.0651562682829,1040.0734812356936,850.2201627577577,1001.5566598569583,1088.5864001945386,858.1221427425156,1259.403343504502,889.8520490537326,1486.685565401887,1206.1754815964475,1044.3265324092538,918.8092488325149,1274.8782817668489,1424.1001227330923,1521.6522503011777,1074.439264758543,3692.2734150601887,3192.422210740646,3484.0177849143292,3277.823992860884,3445.4628910339507,3041.8385064202785,3079.8367347383846,3222.6526002354403,3376.1884307117402,3302.525079568007,3322.916122178014,3137.7771395235713,3475.086600865609,3057.2115372632366,3448.3511630637277,3372.667957136592,2966.244203250069,3370.658745941839,2937.981167762197,3273.4114393648806,2868.499783922198,2957.9247551776093,3050.75471020438,2844.783740580274,2948.733914342295,2731.8994313193803,2849.8934211228498,2501.096347787777,2744.427750927888,2957.0461118798607,2853.158818182475,2985.2303953538785,2902.56474627758,2445.628263270018,2485.4659981518935,2470.485626213623,2516.526724707273,2168.5109260672953,2319.5548317065136,2738.587334446385,2115.384221821186,2623.5308979317974,2578.468155793821,2251.9501189480566,2483.4809271975846,2457.4849256596444,2576.7066211831157,2330.2192140503284,1924.7274360291403,1995.635807845839
128.5159637145681,340.3185327880032,0.0,57.0704193610524,462.36173798205726,547.9166550124199,252.87342731608607,292.9004935634713,561.285877709062,491.37734701900257,488.60382231006406,505.77697276575594,571.6023827390228,667.9620630590466,656.2492418705492,697.8511050663703,729.2388820905065,798.2206011253958,927.9389969372985,797.7358065305995,836.5795683732813,969.1561743203875,927.941208916603,1208.883927377138,944.3086998133333,1289.2988241432424,1056.3664647735575,1026.334229598707,1236.8953528256377,1277.117056884637,1318.3740235871717,1217.0541792551614,1506.0996780082917,1547.701681403395,1633.0975651701297,1321.2346459452142,1156.144511543858,1298.6501921418803,1385.153642877898,1174.3453720272269,1558.9558486809278,1210.10085322026,1791.0867730070004,1522.2317753770685,1367.7800004786445,1247.489298932488,1600.6840122040155,1751.8209302582316,1851.9642050875052,1408.8562236729992,4026.6606615843866,3529.6305924360477,3823.120173370173,3617.9327078838874,3785.732811704396,3381.509762427793,3418.0189035503513,3558.3166163453648,3708.2750717880167,3630.5122749311927,3645.68784838907,3455.3223668650317,3783.969714604451,3360.804236255496,3740.2556008003608,3655.226862327438,3242.4268751781683,3630.559144898122,3191.1327990391346,3508.165075225947,3095.7764874677164,3168.4274770845213,3243.3118769513158,3025.022110786824,3108.6936376108033,2879.0241128847133,2974.3026055916293,2616.5255972721748,2830.808550917418,3015.5463252731506,2892.3384012886863,2997.9310644653497,2894.356783849922,2428.7325709975335,2442.981112656196,2404.2792335696918,2424.5225398432235,2064.724142451162,2185.7247304377706,2570.3924551543378,1940.75703772642,2414.1253713908245,2349.3917127474374,2008.7317680549643,2218.3645606107693,2176.106345654216,2279.7633186208986,2021.8113826489036,1606.8762131401718,1668.0022297834662
128.43464868344645,348.6119971878503,57.0704193610524,0.0,456.55002408428714,541.3482921334507,198.14660965928206,246.60596079280532,547.1981133352845,466.5453430167556,456.68372412653883,450.72671578913344,516.130745380958,648.4094979483802,603.8477521720156,647.107112478822,681.3717635732718,748.7133480116737,874.996518330939,764.8823195122047,801.9487520808275,924.1073969628574,890.8561790523288,1159.9632278719846,914.7913886285762,1243.070298344545,1023.1723247572062,998.786079632541,1199.9388294730923,1241.2017561315731,1283.4913898733985,1188.2311999017124,1470.9055944282843,1513.845652532968,1599.8493476497374,1296.9978903796646,1139.4423168497074,1278.6823683465057,1364.7213729520947,1161.1241101475325,1538.8822860670255,1198.3447973786588,1772.0135834316998,1507.861413713857,1356.9438610581788,1239.6257292419193,1590.4793847486978,1742.3891890936193,1843.9247156338204,1404.3467848393125,4020.4740872559087,3526.3636423463017,3822.5511357726737,3620.086026812398,3790.6868927874066,3388.916454158358,3428.117628262524,3571.2490221196485,3724.090568477126,3648.894185195951,3666.7467035177465,3478.623495598983,3810.5189969167113,3388.967613544423,3771.803367889765,3689.046555299922,3277.546610242761,3669.0420535764174,3230.6681362794475,3550.758227820556,3139.2873755430933,3214.163296301428,3291.1338079877733,3074.0155142568115,3159.5534677100704,2930.812033808135,3027.68591908684,2670.309187637544,2886.111905344211,3071.8526102054884,2949.065794989461,3054.974827726206,2951.404251331633,2485.751348409974,2499.653215561987,2460.3454865936956,2479.5713540742167,2119.384649949189,2238.4679524000294,2619.973281640034,1990.2515364582252,2459.056444103476,2391.490016246914,2048.827439647603,2253.8577007987756,2207.7457806555385,2306.7967010213083,2045.1032566153488,1626.7055811835892,1682.3145830760955
63.465322041665665,151.53381616406554,462.36173798205726,456.55002408428714,0.0,85.57432756200579,546.5655597316497,345.23508971270377,120.56352549515967,163.64491766657198,227.09666328932673,530.0288952630506,583.1848450846766,240.92920171658727,570.5350739030332,570.8574792765314,549.5725311877478,628.2767816608566,798.5050817936806,442.2815383951405,490.5983200877689,711.4574224602161,592.6086005845217,980.6026627838155,550.6950888257638,1019.8108136693959,680.3611268396628,616.8121167675314,879.585533846868,910.2517158497618,942.6656176134286,807.732284376603,1127.2265516710104,1159.275648514027,1239.3998569868966,888.9905797670073,703.2020720793168,852.5792808305516,939.6416162817826,715.3323004836273,1111.345608595928,749.4146473481937,1340.1496139339226,1063.809921964486,906.2196602810648,785.1302765997876,1138.6914446577864,1289.5663789497635,1389.6176860112087,947.9171346387621,3564.899894549294,3069.8358489981633,3366.3653003521963,3165.4487047447064,3338.815183246917,2940.7373391901647,2984.940333761193,3134.5006559870317,3295.1903656079335,3228.469297141958,3256.2927191068734,3078.079039088,3424.5182417100764,3012.868441188193,3414.1112044941033,3346.5447387318222,2946.2961231932827,3361.881304376133,2935.17641128406,3281.8151397205625,2882.8602032721556,2981.9780893304483,3084.5103432276246,2885.7861188892202,2999.5089644039463,2789.585123236701,2917.310016093529,2573.783609899243,2827.777553239197,3049.9995860487547,2953.0895167213116,3093.283476592042,3017.0427127756498,2563.865932550234,2610.219257462902,2600.854490736004,2652.2117834074147,2307.2007606853304,2462.8604759762475,2885.922533223086,2263.9620322751257,2774.3607438853833,2729.954359715146,2403.3900171084492,2633.933501237493,2606.189771031801,2722.682303731758,2473.009670985593,2063.7709179754374,2129.3910038514186
51.79432770416444,230.13912314904303,547.9166550124199,541.3482921334507,85.57432756200579,0.0,622.9417708521123,413.9786221773611,74.23309695275965,182.4498029684025,250.85270408671184,574.9964013030282,622.3818995151998,180.3186803960645,592.2136006206134,583.6875595649234,551.5580657503572,627.9046690079288,799.9835134225416,399.3439873153033,448.2919296542987,685.750066579198,549.3081221410399,955.1365100668273,489.67489210335884,983.9231306977574,622.0998408647216,548.9765311114838,823.4202063718463,851.1012212650779,880.7697378855246,737.6580242286084,1062.9982533522173,1092.4171422630852,1170.807523891978,811.7202603773268,620.3428456638303,771.4384409962447,858.4605705960003,630.5938765364259,1029.3205987230656,664.1896966024889,1257.0838807111097,979.0600100354081,820.7595489095755,699.5922805879874,1053.1442082518133,1203.9922187377201,1304.0916718270157,863.0065011867175,3479.587943304394,2985.0773293334064,3282.3608462029692,3082.4949896089543,3257.149913911812,2860.5893807396724,2906.560924542349,3058.1731677703206,3221.193377100418,3156.9534452637754,3187.537993434315,3012.122527407256,3362.1044390860843,2953.34225352455,3358.7692016970113,3294.9428314363463,2897.9029556849073,3318.549332587372,2895.1841513487557,3247.234550226899,2851.793122468929,2956.0149263633534,3063.806476855011,2869.409093846641,2988.6909443045233,2783.136976205454,2916.6780909397553,2576.898416127647,2837.467179248203,3065.9434617171037,2974.0182882681474,3120.022564930412,3048.7524747750804,2598.9524227859247,2650.622270198478,2646.1900624948034,2702.538940567337,2360.836218514287,2521.5629840088736,2949.892769058951,2330.190290938224,2845.385897538924,2804.0855638143207,2479.8969105164765,2713.2626156578826,2687.5899831759048,2805.8301251983603,2557.312335987234,2148.8258063871467,2214.91713908582
140.62107934804277,483.11069725338274,252.87342731608607,198.14660965928206,546.5655597316497,622.9417708521123,0.0,220.3261063780109,605.0615580449846,493.98829873032867,457.0721177191237,309.6950153200647,366.1985741962234,681.2800749864412,478.600619548831,532.2185827108856,583.8208204428622,638.3106505396142,737.7863468289888,739.7132827837322,767.488723328032,834.9443976660775,842.2670206553406,1044.8442390741557,898.4580823049544,1142.074991010209,988.4816012030391,988.1969694235693,1145.1626002768703,1190.4637509317654,1236.698253571015,1168.5527829049274,1420.4170274280737,1468.7140111752078,1556.4800208259949,1293.7595713137482,1166.7988484730001,1291.8514685667694,1374.9558031185402,1200.301972424734,1548.40375956283,1241.9196773741094,1783.1198263651786,1538.3173379517903,1401.3740829631379,1295.5967887812412,1634.5220228204857,1787.7676570018887,1893.2583297959063,1469.1261517298908,4069.149647450837,3585.571640619837,3890.066203717409,3696.6399992906995,3875.7718117703976,3482.1805275447778,3529.4281658609793,3680.7103164789596,3841.6833576420986,3773.8245274783276,3799.039943347072,3617.1542866103105,3957.238554351704,3540.1685875238195,3931.0472764304855,3853.742664618379,3445.5036390301907,3844.1899299479865,3408.239857634564,3734.282485489881,3324.6662251023754,3403.4070976135285,3483.621971759592,3268.1554095225665,3355.854172589834,3127.9633883683005,3225.736493941977,2868.4435848267913,3083.681666256075,3267.511688034763,3142.842615796778,3245.037398481756,3138.0146540165424,2671.5833813250456,2680.03461508884,2634.905582935862,2646.532154738716,2284.2276364218897,2391.8656013976056,2756.3755226187373,2127.6438495321186,2574.1981203925593,2494.511692497632,2144.6691912236947,2330.186911213722,2269.1119455020817,2350.073983549084,2075.6811123939888,1647.634647815757,1682.8942782210518
110.15284061839981,325.1161996730966,292.9004935634713,246.60596079280532,345.23508971270377,413.9786221773611,220.3261063780109,0.0,388.27219001078004,273.8130803438179,238.60776328221277,244.47328047336228,311.18546084346434,460.9545632719601,371.3805082640055,407.9304721258895,436.3680146912978,506.22402564492614,643.0288645357683,534.0908408473731,566.9462933388327,677.5171077407517,650.8875470903951,916.2402656752707,689.9833945645623,996.8408973245355,789.39767119178,777.9068848836714,959.1961983378685,1001.882167040297,1045.6880643145398,962.7348763072093,1232.21428190783,1277.2076305619548,1364.067223164516,1081.9217451299003,947.5977458369757,1075.3913488611438,1159.363650462226,980.1278953975617,1333.2982919433916,1021.6196456357758,1567.9273427669232,1319.1737961297574,1181.0932746689125,1075.5554909132502,1414.3150908725172,1567.5464323799572,1672.9490450055218,1249.6977879877131,3849.032961170844,3365.2742794133737,3670.125677815994,3477.6597193569787,3658.165484457608,3266.5893001748177,3316.2099292249604,3470.3983766739516,3634.8682426579808,3570.8897466046246,3600.5639581638325,3423.2043821298394,3769.5459168079774,3357.04187268829,3755.8489593515246,3685.2320992013224,3281.967494892197,3691.153393145152,3260.206628056189,3597.9234388834293,3193.504172373199,3282.8311851730155,3374.27759767735,3166.528408003423,3266.7037941887756,3046.5725207316627,3158.1554127496756,2805.8730673933287,3038.758501694356,3239.6059800262788,3126.2114957903937,3244.4972965090838,3149.6620363285742,2686.5816138090554,2710.2244194082054,2678.9651557949496,2706.10160972356,2348.342129322214,2474.9735670705486,2863.065424414346,2233.485653172258,2705.5460606703473,2637.8826704103003,2294.493947558027,2496.0188139095244,2445.5156399113207,2537.7108479446256,2269.8689847939177,1845.8579939964645,1889.5533520269985
54.90534689221648,271.34470934245877,561.285877709062,547.1981133352845,120.56352549515967,74.23309695275965,605.0615580449846,388.27219001078004,0.0,127.82531051642626,193.32901083660184,523.2615973479885,566.1939428573639,120.37232695615683,526.7694863422288,514.8128878379109,479.68237367397217,555.3174006740195,727.4646891600084,329.18021586578885,378.0524009430644,612.0360033754138,479.689771695261,881.5341808606332,430.45300453308596,912.3692157002613,560.8246425465638,496.3952522865915,760.832530913874,790.6345659147557,822.4811114294342,687.577878370785,1006.7719186228703,1038.7142249159242,1118.924311956203,772.1946129257749,595.114686418839,740.4474395742068,827.3824946325119,613.9858476879234,1000.3049741047483,651.2593979721502,1231.1180828614881,961.2533430928531,810.1250534274437,695.8512412355253,1043.8534056263109,1196.1598092697936,1298.8062737470202,865.9175406412521,3476.2909796019794,2986.4291765848807,3287.642822373457,3092.049309199938,3270.7422227292127,2878.3388685141413,2928.26303238518,3083.798502113789,3250.717577316715,3190.2327887636084,3224.5114265770544,3052.5372155083246,3406.2313589352284,3000.4334419226484,3409.4173383981683,3348.5672794245493,2953.9587834933322,3377.7555137535987,2956.433586241125,3311.186737107541,2917.433554152351,3023.6828695312124,3133.2560158046444,2940.139474340244,3060.725992453619,2856.0067835638374,2990.327321570417,2650.892787785953,2911.6990162389443,3140.0150562984677,3047.6709909560745,3192.860405149956,3120.5805165936076,2669.892249632679,2719.9215683682182,2713.606226671452,2767.661072793058,2424.157327133371,2581.7444135386845,3006.116200727332,2384.427528573335,2894.7431219004725,2849.611050153502,2522.0180838610067,2750.445019674309,2720.2399872678075,2833.48135283982,2580.5114091770224,2167.8420588585373,2228.479420779766
72.72045130024982,273.95897301360714,491.37734701900257,466.5453430167556,163.64491766657198,182.4498029684025,493.98829873032867,273.8130803438179,127.82531051642626,0.0,68.42882556719852,395.9053907082877,440.737789706287,188.06995325521262,412.0564888858704,408.49401174386105,386.00363960562845,464.840381051339,634.8655095939408,318.6016751253713,363.18986724357853,559.4306861626038,462.7604381819483,826.5671934133309,455.1904437343204,874.7062471776545,573.8742823483553,535.253885553264,764.731854251614,800.7346939944513,838.4355439571995,726.5723725204507,1025.9736318238542,1064.0441721281104,1147.9130647298164,830.6452822106874,678.8043183009183,813.4212099842514,899.029506140937,707.8794611604503,1073.300228051202,748.6374341880254,1307.0251543821087,1049.8575268844183,908.1983085366415,801.7492384898302,1141.7295363303876,1294.8659643696114,1399.7825277780753,976.292081676638,3576.536371118362,3091.623915028995,3396.3311580708196,3204.4609630052596,3386.2134972300873,2996.8234881679473,3049.147973833672,3206.7337243572697,3375.3762928068554,3316.252684254525,3351.517330171705,3180.1346988986415,3534.0565241489267,3128.106138806789,3536.470900401432,3474.657873240554,3078.9029504692503,3500.6773656991527,3077.6162003923855,3429.4240756436748,3033.3639558345903,3136.14744681688,3241.795402276797,3045.1269422085734,3160.915843026717,2952.1215538727743,3080.7523109006934,2737.4218817274154,2991.0504976007146,3212.0242447482337,3113.5189482645933,3251.0584614653794,3171.9251126733257,2716.6180396357167,2758.610449198872,2744.430107234899,2789.9670876638907,2440.974667727587,2588.723935666404,3001.6126989535155,2375.8450428397646,2873.733434322054,2820.2853282378946,2486.207745447456,2704.726223553286,2666.398025788755,2771.0542837895277,2511.3830199262657,2093.142775062397,2145.970032558473
81.19313499361684,318.59414834279875,488.60382231006406,456.68372412653883,227.09666328932673,250.85270408671184,457.0721177191237,238.60776328221277,193.32901083660184,68.42882556719852,0.0,330.3384886398737,373.1470295863338,229.99001478705597,344.65141760374706,343.8999524453853,327.2937722633792,406.66277815210805,574.5139912641691,309.13200336710094,348.7631039906915,518.8437007652564,443.3259037759199,782.1297123807669,458.4043516088393,838.3945868364713,567.7626455949056,543.8074849895797,750.82453713162,789.7245080232719,830.1686381814591,731.970641706054,1017.9831430324164,1059.1163091229253,1144.5090528349854,845.6941558173208,709.7294789107226,836.8831596806045,921.0746793420242,744.5662119912422,1095.1296350140499,787.1472630097757,1329.6787983902705,1081.2467680866093,946.2151397325612,845.4165535506006,1178.7152940764554,1331.98710765551,1438.217402047392,1022.3731324281373,3612.7567366467965,3131.631240984471,3438.9018847052853,3250.053861513855,3434.3336857017807,3047.7274191533297,3102.353327362677,3262.079547305898,3432.754334202392,3375.5404480388565,3412.5432891889845,3242.696925392491,3598.0744072782736,3193.2368483512414,3602.7283869441962,3541.7347388227877,3146.5328246534104,3568.8338752437785,3145.9747993533074,3497.8398797063123,3101.6603342988597,3204.0737374096016,3309.104616531898,3111.761715882261,3226.4610172243565,3016.6635538987293,3143.70118762898,2799.285188539677,3050.581904635763,3268.9974286859597,3168.3053772497656,3302.919433998938,3221.1216245778455,2764.163652701078,2802.799307570798,2785.246821394867,2826.964004107411,2475.739856738946,2618.739278978665,3025.694011260253,2398.4151005971385,2889.4201170726174,2831.5526457713395,2494.2115552640676,2706.900952599751,2663.840096353357,2763.202090270794,2499.552697849668,2078.166553209852,2125.6875347856467
127.93907226649335,554.2525647639013,505.77697276575594,450.72671578913344,530.0288952630506,574.9964013030282,309.6950153200647,244.47328047336228,523.2615973479885,395.9053907082877,330.3384886398737,0.0,67.33074958774942,545.4869081778887,170.20028109898203,227.22162217685855,288.8812796220266,332.922156400754,430.0128093634391,512.6740533570382,526.1211427732376,537.3824296495771,579.6714147207548,735.5438158139531,669.5770703633013,835.7064539207587,733.745061823774,761.0314400465867,866.637104859095,914.4506731371641,963.1960870081726,923.4323235979859,1141.0069432685234,1193.0291398039583,1281.202381929217,1063.2426540814317,979.3681669811347,1081.0751343190748,1158.0410494538648,1027.6017114084584,1326.4326495102034,1073.566479564554,1558.779236797282,1342.4516852146346,1228.2235437031525,1142.876472095344,1454.412458442094,1606.2554491975775,1715.2226135706417,1323.1983975791745,3873.9433343634573,3406.0914793598977,3720.7907810933984,3541.259572476929,3732.5051617308445,3353.7691806018333,3414.070650527421,3578.642745302851,3753.5430141929337,3699.9242393815407,3739.6604152373893,3571.704094805856,3928.1816376745655,3523.560054006845,3932.3606078495886,3869.8506649254073,3472.69762173093,3891.1915924748123,3465.1657972098724,3811.0768388944307,3410.6271494437487,3505.9644101509166,3602.804779100971,3398.479863125725,3502.891810014353,3285.099887567819,3399.6060829008597,3048.2950533616267,3282.8944899244284,3484.024119069698,3370.048980832089,3486.522268165421,3389.4638993715425,2925.428127588535,2945.1121095884537,2909.2664361037887,2930.227975777219,2570.10732101589,2687.1690834700908,3060.5920543901925,2431.207687981249,2883.3146256219607,2804.201751574803,2454.1336393574443,2636.726597918089,2571.59827318943,2645.359357419265,2365.5910615642815,1934.4093567137952,1957.0170424803905
132.84632548345004,616.2928906782657,571.6023827390228,516.130745380958,583.1848450846766,622.3818995151998,366.1985741962234,311.18546084346434,566.1939428573639,440.737789706287,373.1470295863338,67.33074958774942,0.0,576.2849045907748,131.50193695618944,192.7027261509258,263.71511013154833,293.66558491765227,371.79381366573637,516.8358497082448,524.0884575593802,503.21454898692144,566.6709608260863,685.042506751057,669.2485350636782,790.445092733962,721.8541183150003,759.8233513808171,841.8193642947383,890.609114149249,940.298612005128,913.4493811694651,1114.1295308122344,1167.8251032574692,1255.8516299154066,1057.6163823916625,988.5138465694249,1082.062234409043,1156.4407273964077,1040.4950553923825,1322.142362733064,1087.2370035746658,1552.6789907804139,1346.380736427343,1239.3881905680419,1160.1057196785698,1462.3487065525903,1613.1346314427483,1722.6682889275362,1340.9089420473915,3873.2060515499115,3410.1255289460005,3727.3018713529973,3551.514168711618,3745.61873388184,3370.78268253482,3434.0413616750084,3601.428289891813,3779.183829359732,3728.5659756225677,3771.1794630218346,3606.045249684834,3965.3066743465442,3563.203645030671,3974.7985542244414,3914.760434702004,3519.61910666737,3940.8457688310573,3516.494568165166,3864.933741246631,3465.8786034889067,3563.204156629844,3661.90524328403,3458.8514822324437,3564.8723014944735,3348.0614098548367,3463.8917184665065,3113.1046102087503,3348.860870056995,3550.7742999643633,3437.1487153895923,3553.843969194253,3456.7530521550148,2992.6674884732647,3012.000055763688,2975.5962632094984,2995.6603196685114,2635.218530766791,2750.660354966971,3121.2703500150947,2492.1388094725316,2940.0852476052273,2858.6082519474394,2507.3499124373984,2685.6606463143903,2617.28817781044,2686.6972468570953,2404.4435448504255,1972.3014709592624,1989.7867609580155
50.68474048859416,391.5210881635384,667.9620630590466,648.4094979483802,240.92920171658727,180.3186803960645,681.2800749864412,460.9545632719601,120.37232695615683,188.06995325521262,229.99001478705597,545.4869081778887,576.2849045907748,0.0,510.2563838360401,484.76665629420194,434.47971597004295,502.8386172890948,672.4448759066952,225.22595654752328,273.6393720707067,523.0311729847225,372.68382969815485,789.8297370883356,310.8731282159783,809.776836908684,442.37670817737455,376.15085549706146,643.3487538530765,671.8428634098501,702.8098548799601,567.6098455468778,886.6442487840955,918.3469587714023,998.5953224385149,656.3986626041681,491.9795659794241,630.7875160651779,717.2056969983134,519.8107817768952,891.1005660957651,560.7490230016184,1123.7515809354345,862.4245425295612,720.2789725062622,615.9859212354585,953.7223874268279,1106.8881758526672,1212.0283703436132,792.4386215696123,3388.5403852553623,2904.421244501438,3210.241584789637,3020.3267840510566,3204.3454772667496,2818.2344126683424,2873.9894502690454,3035.4534625038473,3208.529719134436,3154.4708871140724,3195.258206408942,3029.8428002197934,3390.374052728736,2991.0292722054073,3407.1921586481376,3353.125316374381,2964.705303199985,3396.0402301988497,2980.630031712872,3342.8791174977673,2954.7719425736723,3067.836575309735,3184.1322973929236,2996.705227355963,3123.7905668125463,2924.32950021137,3064.8456879834007,2729.6955778907245,2996.743340811334,3230.7247848419493,3142.8079860445337,3292.706062173758,3224.251499711601,2776.1204157743105,2829.621356333541,2826.215177887999,2882.8483203283367,2540.8482895642824,2700.298025167108,3126.0030199338285,2504.631851876604,3015.0284188154083,2969.3442026580187,2640.9180327640156,2867.525343929377,2835.179793676568,2945.523317484109,2689.6972647294324,2274.2034183658498,2330.3737550720407
123.40554763747488,635.0158945041986,656.2492418705492,603.8477521720156,570.5350739030332,592.2136006206134,478.600619548831,371.3805082640055,526.7694863422288,412.0564888858704,344.65141760374706,170.20028109898203,131.50193695618944,510.2563838360401,0.0,61.293098868179875,135.05102809747564,163.7836228737031,272.08144453737935,409.8488796507438,409.6266958842731,372.0368380655823,441.73276730221704,566.3080416305098,554.5380084548472,665.541137538977,596.728625414821,643.3883751851905,710.7501753163583,759.7081563421793,809.5848336761615,788.8995339902388,982.7041570627454,1036.5727420114295,1124.5623410237672,935.8575718369133,881.8911113953197,966.0552167947079,1037.7815065170967,938.2819449278747,1200.8389698477336,985.7690282618465,1429.6651221064517,1232.4874081865223,1133.990157310183,1063.0998404370275,1352.4494733422057,1501.7410988718082,1611.688206492734,1243.7344669466065,3753.1249469090862,3294.3557968505506,3613.83893221153,3442.079642830996,3639.3921893336296,3269.5985976010015,3336.8099455335314,3508.13848168826,3690.140349128604,3644.408953063812,3691.9523556523327,3532.0945769035548,3896.5334052829853,3499.904773688869,3917.338400127998,3863.120193623984,3473.269722954317,3901.405990793347,3482.1248873518475,3837.954160709866,3443.7731769584193,3547.9722979985017,3653.739576392403,3456.1957228339943,3569.5953697904088,3358.052381991889,3481.5808001523733,3134.6211789429526,3379.423273387806,3589.961550530311,3482.3629498929504,3606.955413588401,3515.939614765802,3054.0889219179667,3080.4130161997764,3050.2703455677897,3077.075495514592,2718.76774057933,2841.96106946622,3221.963112237122,2592.293161265537,3049.9368574232617,2972.6413927152935,2623.2359821517266,2806.8969854134552,2741.6047855203587,2814.1152437017836,2533.16704089053,2101.422740811451,2120.5697099742833
119.23147236483153,648.7886576414703,697.8511050663703,647.107112478822,570.8574792765314,583.6875595649234,532.2185827108856,407.9304721258895,514.8128878379109,408.49401174386105,343.8999524453853,227.22162217685855,192.7027261509258,484.76665629420194,61.293098868179875,0.0,76.55067937908758,106.16691538904028,240.0864279699681,362.623241249414,357.82183101616033,311.54668011729666,383.48914261380924,515.3461145695359,501.60026621410685,609.928791842068,538.0614540743563,589.1689944440669,649.4731229654254,698.4609853053524,748.3800925203004,730.2994724967883,921.4407088854829,975.2796789146296,1063.27054835156,878.4569593475712,832.0684535464161,911.3972286487995,981.7630820200362,890.5346671039179,1143.468479825032,938.2741601572601,1371.4351946632855,1178.5521583057512,1084.263523085899,1017.6356644536731,1300.2948692898985,1448.7664698999006,1558.8344570335169,1197.8262233993262,3695.8344440053397,3238.9290032750437,3559.374705475174,3389.394008203025,3588.0938083157116,3220.610521265525,3289.5855399553643,3462.655632259846,3646.53937984359,3603.038730925256,3652.818239921703,3495.421664641264,3862.129358955188,3468.1421536071784,3888.1288793710605,3836.611605854606,3449.352445399202,3880.5251861803367,3463.759885729647,3822.872962414019,3431.1248716561795,3538.47231823259,3647.480626797513,3452.5948475669634,3569.378845011488,3360.396227644916,3487.4537400978434,3142.4649910567014,3391.3571097073186,3605.8316532431827,3501.1012989162555,3629.34472221088,3541.2174446884014,3080.62142983651,3110.210923593223,3083.0236630058007,3112.9926796012237,2755.8500936252744,2882.643507916637,3267.000444042448,2637.2720172799773,3099.4415589606388,3024.2073404708253,2675.782762768763,2862.080117340544,2798.377544163001,2872.5386743965737,2592.3386170970925,2160.8487136953627,2181.026082890598
111.09166134622753,643.1384562625449,729.2388820905065,681.3717635732718,549.5725311877478,551.5580657503572,583.8208204428622,436.3680146912978,479.68237367397217,386.00363960562845,327.2937722633792,288.8812796220266,263.71511013154833,434.47971597004295,135.05102809747564,76.55067937908758,0.0,79.40200524460836,249.22879951939186,291.499506901751,283.2500620266974,251.20214845761998,307.1405129384304,480.24011015660597,426.09657074996767,563.0068404925623,461.9212237152481,513.0852975489294,579.1393527224564,627.5613650023156,676.978072873432,654.1441270613863,852.7320942785152,905.4867845557425,993.615509762573,801.9590031853859,757.8725391518217,835.1057979230276,905.2374975408895,817.5508004974212,1066.9733045678372,865.4102422932191,1295.1530653858676,1102.4222220721142,1009.9736497017868,946.0703169482716,1224.7767956734056,1372.9167013598667,1483.0165834023612,1125.8187553689788,3619.3446751577935,3162.438855517652,3483.042023815124,3313.557636577157,3512.7786478004214,3146.3940719762445,3216.3357268761774,3390.4479886341805,3575.546606381849,3533.612039695486,3585.053455059695,3429.6150154424936,3798.1415034779857,3406.4837080846096,3828.6726421828675,3779.6507586031757,3394.938653323359,3828.9813069100787,3414.84711019876,3777.244336175512,3388.1756494707406,3498.87937025749,3611.422560958661,3419.5945547046604,3540.21735940629,3334.311822555772,3465.523007630503,3123.0812992338115,3376.908458085351,3596.276929666545,3495.299560818702,3628.3151733742543,3544.1248158188987,3085.4609304004953,3119.5812905962407,3096.6221839928166,3131.205544595062,2775.9896526678867,2908.2058243133793,3299.3653728240256,2669.8201660379486,3139.50130912117,3068.0432063935045,2721.5930421256076,2913.0894949505696,2852.87626557467,2931.0277407563854,2652.9253639845774,2222.2829214549133,2245.898288403464
119.75746595650564,722.4177846346109,798.2206011253958,748.7133480116737,628.2767816608566,627.9046690079288,638.3106505396142,506.22402564492614,555.3174006740195,464.840381051339,406.66277815210805,332.922156400754,293.66558491765227,502.8386172890948,163.7836228737031,106.16691538904028,79.40200524460836,0.0,172.14970302344935,336.74905632619414,317.99107355263186,210.67617523672408,316.6477547800606,411.46220198408935,452.57257842662597,503.78400916634837,465.6901620343501,533.9565778494892,556.3411130099273,606.0754428064779,656.7177274231009,656.268295197454,824.8733756143979,880.1344835490953,967.7484162754122,808.6168396257742,787.5096656654104,851.3382295906208,916.5924713837583,851.1839690136591,1072.6216429030678,899.2004262358089,1296.5795461039982,1119.5217437461533,1038.1434845518334,983.2472986029915,1246.269094485007,1391.8430642368166,1502.0030416464633,1161.245435500191,3622.8521938370477,3172.4359758735363,3495.7783054470965,3331.156387074341,3533.673000369314,3172.5726601698507,3246.018870496551,3423.286530253835,3611.563938474936,3573.246804874431,3628.0074861849102,3476.0597002503227,3847.341885000733,3459.0325014385403,3883.8700458796443,3837.65386432607,3455.5814504149425,3892.118407219698,3480.1811289074,3844.876607710172,3457.584267188533,3570.177310670924,3684.4542641496,3493.9615311677817,3615.9795957332763,3411.0380712501365,3543.2763495151216,3201.3588050477138,3455.881396219899,3675.613513510682,3574.698695445829,3707.5233619884348,3622.9464066841883,3164.0028869810017,3197.306715064294,3173.334533314175,3206.534788811526,2850.6253384001425,2980.6776452343574,3368.4794731862976,2738.789503426085,3203.785678207069,3129.5144438360826,2781.4514589505725,2968.2423399698455,2904.39681074599,2977.813744299183,2696.942488767735,2265.1537710834564,2283.442016419444
142.90684707582756,886.3274038424352,927.9389969372985,874.996518330939,798.5050817936806,799.9835134225416,737.7863468289888,643.0288645357683,727.4646891600084,634.8655095939408,574.5139912641691,430.0128093634391,371.79381366573637,672.4448759066952,272.08144453737935,240.0864279699681,249.22879951939186,172.14970302344935,0.0,490.48691128622545,462.41287185230755,260.17630874059074,431.06588533682395,326.74912510449514,580.3655946994518,447.8621066576483,559.2075796945606,650.5705555402878,593.6395706039948,643.3589521119386,694.1649018726675,737.6661809648941,839.0982379141929,898.5410873570191,982.8521647503242,893.5784650042118,910.5518628018335,951.9729761479862,1007.6236052819986,979.1628277890411,1150.7761763673118,1026.7981043112857,1363.8913393964738,1217.6430875990245,1155.5499073938179,1114.906113026374,1350.6584435145596,1490.610106190683,1600.1045660551192,1288.8109008629347,3685.098665165272,3248.190582058744,3576.29885588156,3421.1058072084975,3629.4520164926867,3278.3676023785774,3357.874265803852,3540.378936944573,3733.8550869735786,3701.5491678803546,3761.608238327628,3615.211787379233,3990.4548276932237,3607.246761855037,4035.629964033592,3993.231801001365,3614.6680981038894,4054.1158521356238,3644.7448567738443,4011.7675901694315,3626.171964943454,3740.279447318861,3855.675861166449,3665.8034499646096,3788.124191848054,3583.084894859877,3714.7479578509237,3372.205718069315,3625.080128315033,3842.540585410095,3739.44835908539,3869.0022797312404,3781.291385796995,3320.6886375952963,3349.707250287313,3321.2687053037835,3349.0415315410505,2990.8420026805493,3113.446049794376,3490.40557222873,2860.926070316843,3311.866655957459,3229.942703906733,2878.0828138785746,3052.267318432922,2979.3189048678764,3040.8533609536953,2753.880111267031,2320.6381777065776,2326.27692095593
73.13825298279872,582.3338781282242,797.7358065305995,764.8823195122047,442.2815383951405,399.3439873153033,739.7132827837322,534.0908408473731,329.18021586578885,318.6016751253713,309.13200336710094,512.6740533570382,516.8358497082448,225.22595654752328,409.8488796507438,362.623241249414,291.499506901751,336.74905632619414,490.48691128622545,0.0,48.94896093966295,302.9671050592038,150.59432317330234,566.2391780993875,159.78629278878248,585.1596356691225,258.63067181415477,251.0395277204792,446.13186661867456,482.6053596558007,521.6629821814938,429.2471865408452,709.4952000111574,750.0063763238384,835.3978293475069,556.6994642766444,472.67991638370074,568.4818303959638,646.4811791597934,528.514218788455,816.8062429639479,576.0950079892915,1050.6003109875053,830.3442782604069,724.5031270188852,655.0507287900078,945.5911552907714,1096.304591034184,1205.8362525481803,835.204469173093,3361.345254907796,2894.28695385825,3210.6007657311065,3035.053640365926,3230.5959398223144,2859.7517387938547,2927.3989886276704,3100.0340447543254,3284.268331947549,3242.1466173542744,3294.2039705454567,3140.2986447222415,3510.7645070123144,3122.399603605207,3548.0011588066745,3503.5247933328556,3124.183164806396,3564.1291178462575,3156.5141763263027,3526.5696548847427,3144.969318005028,3264.5509742704644,3386.802364266184,3204.2601049334016,3336.096257420189,3140.2322393774775,3284.1985559480117,2951.1902866745195,3220.430708562128,3455.6402648740736,3368.0329448630196,3517.440176254574,3447.7772635885904,2998.295463774459,3049.09654108501,3042.2850306077835,3094.4900163964635,2748.9906488122338,2901.88681727004,3318.6942966749393,2693.627891742087,3192.23459807128,3137.65652886942,2801.9405342124105,3016.003425741399,2972.5624766007736,3069.8945362876716,2803.7231078454956,2379.9257556214793,2421.468559566426
78.22362097439654,629.4765784062663,836.5795683732813,801.9487520808275,490.5983200877689,448.2919296542987,767.488723328032,566.9462933388327,378.0524009430644,363.18986724357853,348.7631039906915,526.1211427732376,524.0884575593802,273.6393720707067,409.6266958842731,357.82183101616033,283.2500620266974,317.99107355263186,462.41287185230755,48.94896093966295,0.0,259.6724313066336,102.01094536868094,519.770586714152,145.31820623459862,536.3680135207735,222.45663452528856,235.78420779172592,402.6596427312745,440.9622248025022,481.81859490443287,402.3079241483599,669.5201154593407,711.9110574191845,798.1213691036525,537.3510958907856,474.62645507903375,558.0443799913267,632.7459673180907,535.1781115041359,800.3230425232593,583.1405650766612,1032.7867120502403,823.3374302366225,726.7267414456859,665.7390167230828,942.9239702644217,1092.123863025332,1202.0619328503292,844.4948817165742,3349.515838399603,2886.4341207255684,3204.7866308331445,3032.4730264140744,3230.3893760396522,2863.1497528751697,2933.353695325413,3108.328585173429,3294.921985703757,3255.4862331662107,3310.0422882615017,3158.8180569332917,3531.3613189117877,3145.6927444339535,3573.292767441813,3531.0766563154857,3154.018273337199,3595.8755626360103,3190.2729140855254,3562.1542646670187,3182.280319415965,3303.507729240262,3427.3145144409177,3246.136443099219,3379.3134997763927,3184.553108928286,3329.6284095507476,2997.405056019021,3267.55286712687,3503.4872085628263,3416.36223766696,3566.1510119370364,3496.678585816769,3047.243867944377,3097.973436011798,3090.931252085816,3142.7187257119012,2796.855365651826,2948.9429000322352,3364.497612268513,2738.989482339683,3235.735421977429,3179.7572187357914,2842.9467265766402,3054.8425866828807,3009.5014326661803,3104.4876530670713,2836.570401102627,2411.535230287349,2450.337859867751
