0.0,125.3482470572942,126.61772463424393,128.8101931593836,121.88461262124785,60.83484920421187,83.30580278815266,96.04474241703306,131.06405948165857,74.0602998997787,117.55680103422698,126.70174414727958,62.07788023023329,82.15449667020286,133.18496714798536,95.29021276295985,90.15034235525256,115.85907516536645,84.11317552294703,132.00294870073444,104.93333434659763,97.23758835439075,149.72862143126184,138.99791010236575,52.59496664489751,116.60165546856229,52.40428760180109,86.0661873101065,103.88822337890309,71.91290521925127,54.77503520307642,58.568290775706664,131.09022921796685,125.44513204591843,92.35816253579094,50.983494890859646,132.16996221073168,115.29713570874615,59.548648845324415,79.76414244473827,87.8131196290646,69.21288932751105,79.4835077934277,84.71903722850837,58.99017949799598,144.88772015820334,108.17369502506544,89.51112578414666,59.12721960906064,147.4567049565857,359.03145096046745,432.51317324417437,389.4257316581624,413.90989981255575,416.92946484281265,430.2462510535101,400.5441347686091,444.42552825825203,399.54222336645114,427.1087915107164,417.8644000263326,407.01027927900094,428.4241103046474,378.27945913930307,356.94366431811557,415.85404960682126,358.1257873750772,422.66309067731993,404.8373027864068,353.15618754333485,387.8177252015307,371.2686526874155,401.99639596764365,443.88951982902535,360.7686298890694,375.46224544132025,443.16433944048094,386.58124304147486,351.36509498563555,392.8642565129976,383.8539371869273,375.8216886625677,423.50831096264244,422.6244291381542,398.80733722476384,368.31714801991734,396.63202668545364,435.3500386136811,355.12330424290883,370.3696228634169,394.0875640048264,368.84898669771627,448.1821205586358,364.4633771648827,350.53336321316465,443.7240633324151,441.178332788644,406.62782901944837,404.97769347440345,351.29758977193546
125.3482470572942,0.0,56.660983751865956,115.40076470818741,166.2679491580098,477.377189468994,371.0862021521282,355.79410319175986,397.35359181181184,493.619081834408,481.88968682967385,550.6097738055461,612.0146511500017,608.4619211772114,727.3153214252256,690.4563838914855,725.092009590838,822.9690158885371,792.8403674731506,974.7300023513217,921.6315266912147,937.3014969270994,1197.824403505007,1191.678970249054,913.1437744511381,1169.5915456496377,956.3863229890405,1103.0167156388438,1216.7009374919699,1097.37068450157,1047.0016266583148,1083.1857661294162,1494.6864424406265,1491.7386260615722,1324.816290331715,1115.426761948202,1615.2821796666594,1532.5699041111873,1206.9731387090574,1346.0628654184193,1412.6798954880762,1305.7312341027907,1384.6239170347317,1430.5928972745203,1266.5941365264566,1863.0647282255284,1618.1056350379909,1495.0071505730532,1287.7908316925432,1907.4859094373726,3390.330434797811,3904.68743366989,3600.4109478143137,3766.3378564537375,3779.332156913916,3861.5397615316388,3640.720330737891,3930.581353048606,3599.2209673615134,3769.6309591999707,3681.5531099755735,3580.110315020938,3699.4460202603004,3322.831021982103,3143.934216272344,3512.462261084627,3080.777005759056,3481.3045097922113,3317.9875892655377,2925.2676592305424,3114.125306883969,2956.245495203218,3114.4377033829414,3346.7548614275966,2738.367659999648,2784.0074309290194,3183.4263498567993,2750.7007905475607,2463.6981072660838,2682.3309690586134,2567.0359313656363,2458.2791256043083,2719.80412234264,2658.952116925334,2445.4726492968884,2189.2176910983167,2325.1236364388174,2535.3998817455167,1947.3596048244508,2001.5389954655957,2116.9580067289507,1903.8425030649291,2408.607356582999,1798.9539360953,1671.2737477358135,2288.874259829514,2249.7522620201853,1991.7478131555308,1967.6030895950973,1584.3896091557187
126.61772463424393,56.660983751865956,0.0,58.76671422855687,115.17523365999124,475.06153212065584,353.62654602013254,324.5067573696507,342.7315323253011,473.87807400787005,433.63559456970677,499.5787101804457,595.06609936061,579.1116055908429,677.2583597914994,654.3879653164768,691.6935192791427,780.6403424826759,762.8696608255319,930.4954247393673,885.5566109511846,904.5784742492951,1154.310373301082,1151.3657730937205,898.7704037036544,1136.3999332764315,942.970825416852,1079.5723901487506,1190.2003756579343,1079.798385599423,1035.2718860856723,1071.126203281245,1469.5711238709641,1469.0265876171347,1308.6081758014955,1108.716453351021,1596.8704333474238,1517.687476685424,1201.3370052589896,1338.511547627667,1405.517935312465,1302.070531369105,1381.1245311443986,1428.0072479660716,1267.5543295997281,1860.435744933358,1618.7261351057225,1497.9589711326316,1293.2638172416728,1912.52176806469,3396.575942303453,3913.571093357543,3611.967439030592,3780.618897374702,3796.2809557545324,3881.1858026745886,3662.7523803682097,3955.484054431525,3626.2181761465376,3799.3276139859104,3713.5172305608244,3614.232880610906,3736.0585956054983,3360.8682361713845,3183.635833935331,3555.072236614494,3124.298151191276,3527.6389843618904,3365.7181305325403,2973.6817140695543,3164.5673850537737,3007.743380082818,3167.529894602639,3401.250781004539,2792.884660806737,2839.4390151833377,3239.7769348008046,2807.157302475545,2520.2654608982843,2738.947212282947,2623.4487704428984,2514.312593197963,2774.652435977525,2712.7532795674415,2498.3593956324085,2241.25467241042,2374.7168446292408,2581.906663530407,1993.7885988727019,2044.745061812281,2156.2745729128687,1940.7156349466832,2439.182984544455,1828.241771010447,1696.7627350078387,2306.874255489673,2263.139410677185,2000.8990757706995,1971.6847877158802,1583.86891382476
128.8101931593836,115.40076470818741,58.76671422855687,0.0,73.80999495739742,482.2758169542199,347.08162240260054,302.4310061938931,287.84535556154344,462.43733310040267,387.6326328385393,449.42627756419745,585.3255355752012,555.5259878398928,627.9131032654498,622.3925009227037,662.6402565667034,740.6406798724607,737.4187894172967,887.8603099960567,852.6270843214868,875.4453221156573,1112.1962915930935,1112.981368984454,889.9605282476462,1106.1727855849833,935.0153873321237,1060.3197630755817,1167.3318268059668,1066.9372068081127,1028.7999475038614,1064.1959945427914,1447.7641350401364,1449.8363000291483,1296.6928766881445,1107.3266711403612,1582.1518111749135,1506.8469245910323,1200.8363386040812,1335.7172456217659,1403.0118401178825,1303.4112862186348,1382.4843456151425,1430.2357057222682,1273.7450429103374,1862.0686346172226,1623.9923784147954,1505.789600033026,1304.020393980956,1922.0071378184102,3406.5458433942567,3926.116379659693,3627.310336792883,3798.6944238370484,3817.057160536429,3904.6689681941134,3688.6788435580847,3984.232610443483,3657.115308815592,3832.8766327655,3749.3231366326963,3652.179485126553,3776.427760281945,3402.678720554567,3227.086221704372,3601.2765335674885,3171.4243493737263,3577.3969041780033,3416.803444974865,3025.437537670325,3218.182827942382,3062.3299041739215,3223.5371152476905,3458.471701682036,2850.1355896550335,2897.4386975443012,3298.4377334386336,2865.875862447411,2579.0268379662443,2797.518040998276,2681.6860752915873,2572.04029872324,2830.944388077007,2767.8507296489,2552.450398598909,2294.438035161351,2425.243629897052,2629.1073090371447,2041.0402785273536,2088.6046656336366,2196.037146566017,1978.0393055809163,2469.741363006443,1857.8062811570376,1722.5283075514367,2324.457933858969,2275.972329209567,2009.5361447023336,1975.0970637365174,1582.9307916044015
121.88461262124785,166.2679491580098,115.17523365999124,73.80999495739742,0.0,429.0566346265856,284.487899838363,231.19060026021097,233.03603466676634,395.27147695261436,318.5938921794672,384.7717537454189,518.4652834772885,482.8303480542013,562.177622033118,548.5862948081788,588.9264073155339,668.3488505150281,664.1485793479053,816.7958396794409,778.8798530068974,801.691485166642,1040.911786170256,1040.2422680676832,822.7684286119895,1032.3663405335426,868.2198617845913,988.4096685479153,1094.4119223333807,997.4805350805291,962.706052340755,997.7874086941772,1375.0191862688173,1377.791691255426,1227.4879241384435,1044.3088074098794,1511.6131074620453,1438.0227800403443,1138.284266338747,1271.4913403884495,1338.9051493524157,1242.01281872265,1321.006968338372,1369.3306051030381,1216.0706833647757,1800.3963251413802,1565.1768399564062,1449.1460780651737,1250.162554495011,1866.37254774649,3350.7257269442744,3872.414578772244,3576.2288054735595,3750.2297410244264,3771.3661486671635,3861.9043917178037,3648.7752637130798,3947.685396616691,3623.409337816282,3802.7128475713344,3722.4180586623306,3628.542622227359,3756.6461103663787,3385.4594254550993,3212.844412020323,3592.164497857994,3164.3463273438697,3575.977419515008,3418.6585954123616,3029.1593955064136,3227.0490450146594,3074.3153601172394,3240.603868250026,3480.940855152177,2872.941167415523,2924.7347063437173,3332.3583483816683,2901.153049046317,2616.0924625240077,2840.3214670210778,2727.561264627226,2620.9297292277174,2885.1194278431326,2825.0675731327133,2611.7389214132745,2355.326798426641,2489.782020856416,2696.8969954749227,2108.778045882527,2158.682965307696,2268.031291158351,2050.792002534019,2543.5192533312465,1931.609535924039,1796.2198750213652,2396.6785039721785,2346.705636664486,2078.6477286465106,2041.6820516876155,1647.2331878373427
60.83484920421187,477.377189468994,475.06153212065584,482.2758169542199,429.0566346265856,0.0,160.44366232671263,255.64384346224722,505.7623019097985,150.73966688565235,438.91270708201887,516.4231114500618,189.7427039599482,289.929552925113,618.4989650082407,410.8502315810355,409.69767915955487,582.3923973426889,433.3233571218314,734.1162335905822,598.3332382248361,582.2423325702791,926.435409464171,885.3234117351154,452.7500315462179,800.7109270938828,492.1894083882448,674.6883483092066,800.9615704441179,643.6963818574916,577.5284860087849,614.0822629583965,1065.1830625760563,1051.4759128826392,863.7366312495787,638.8452544063914,1158.338723288839,1066.753821618256,729.8000568383911,869.7742835772308,936.0776093587762,828.4273938451959,907.3653769760874,953.6504177664091,792.6545027732197,1386.1673503643142,1143.6968005180915,1023.8500227082427,821.9378107423985,1439.7452578434861,2924.276550616851,3444.251070081969,3147.1943074529518,3321.5316541184234,3344.1630980563577,3437.3798613488575,3227.978448215298,3532.1144796187646,3213.5462073530207,3400.4729109295495,3328.401420593274,3243.687659989633,3383.1061572836134,3021.252559626823,2859.577508026083,3256.3716327302664,2838.484105081693,3271.4686825962644,3129.3227676513284,2750.939930212459,2971.8322859788896,2835.8844878590126,3027.219790854968,3295.24191562346,2694.876397273333,2772.264556953935,3216.4875759101556,2798.5974309334683,2529.183240649772,2789.4942107013467,2700.426237899834,2617.9870916883324,2920.8744809604846,2887.781464062234,2696.052271694719,2458.637227100411,2628.2245958726367,2870.980275936761,2290.1151939749457,2371.0847677261595,2511.9353740614133,2314.24363349564,2844.298572249999,2241.8022464678734,2125.8610928451735,2757.453790667229,2724.0046747313,2468.6830145930317,2444.6327299542463,2058.7936269083916
83.30580278815266,371.0862021521282,353.62654602013254,347.08162240260054,284.487899838363,160.44366232671263,0.0,97.62380938633905,346.9439096527011,122.942530376967,297.0589289750116,379.3719397702328,241.62755549353278,255.28958959533267,508.9935669288816,361.29476427848283,381.5935328579784,522.7021823673684,435.5950402408274,680.1906265929174,582.5934340504007,585.5597348052991,891.1215278772829,866.5058000269607,545.1842429005658,816.4084949341386,589.5648382454331,733.0490940808915,849.48241104424,726.8990939106303,682.4881984871196,718.1373666458035,1125.5733459732585,1121.1108206809595,955.2227814004802,760.4822638119315,1244.566447106084,1164.0836822122576,854.2209727587351,988.6367203332766,1055.9385879853508,957.5931499545505,1036.60814830563,1084.85576141395,932.4591547545398,1516.0715452715747,1280.952612232289,1166.035142011539,969.7476884419016,1583.7689532556171,3067.683458199369,3590.871802709942,3297.296619432395,3474.406919656109,3499.4454075302415,3594.6184060132555,3386.706515217442,3691.894962694556,3373.869608963218,3560.8925708076686,3488.4409234550963,3402.8947442761646,3540.9158693217437,3177.527580711809,3013.8534830146955,3407.3810942211767,2987.09023896296,3415.439788627952,3269.4421217751196,2887.795702181926,3102.7761532964773,2961.955285727471,3146.339140974143,3406.488430049739,2802.7670180406226,2872.320486042522,3305.6749399990604,2882.574934468059,2607.2402939252306,2856.0475734858683,2758.5542766652097,2667.3802609792638,2957.268019279663,2914.2537564239556,2713.9960257263388,2468.6945647786824,2625.4435868518194,2854.915884477539,2269.438883716113,2338.246765652322,2466.5300600812693,2260.0258483363364,2774.872600773724,2166.8986863040764,2041.7244313061476,2659.056770110081,2616.7407744728193,2353.9544018986203,2321.8772972045313,1929.922229644756
96.04474241703306,355.79410319175986,324.5067573696507,302.4310061938931,231.19060026021097,255.64384346224722,97.62380938633905,0.0,250.14988061031102,171.1450889865796,206.57051470196754,290.3033086903423,292.7577994440781,254.64665061547723,435.0638574885598,336.41257077470357,369.32850840225126,481.240636666932,438.40582788287463,637.657232924319,566.9205353788309,581.5512096394588,856.1794245799507,841.9830952444655,594.773350676364,813.8111344044017,640.7303707540027,757.9151815393909,866.2083246201138,766.7263449269182,736.1221374155482,770.6209643037795,1146.1367107604801,1147.460689900394,996.8411637989511,823.1970696864447,1280.423253843903,1207.6109073161988,917.7720327184378,1047.4497041187872,1114.9513550137783,1023.5192528424319,1102.1085215334674,1151.470705410614,1005.9835773243246,1580.1839538236904,1351.1915101914074,1240.3883388407025,1049.191271976043,1658.6341877990099,3140.7203824625367,3666.5774069972863,3376.3770551908387,3556.2495042462897,3583.949044341254,3681.547389670789,3475.8491136770594,3783.0135533859966,3466.6535880777637,3655.1736354278582,3583.907170943969,3499.2818559765005,3638.010752866274,3274.9797148113344,3111.4703567334086,3504.868049705031,3084.301952765665,3511.793692888427,3364.9060138141567,2982.445693053851,3195.6475403146173,3053.277333139734,3235.1740578133818,3492.2617162415263,2887.466917874648,2953.805987500463,3382.250546872352,2957.0962388656917,2679.319378025187,2922.50393212181,2821.0249960867936,2725.616277698273,3008.477701872639,2960.2466692036373,2755.629566796714,2506.373479466848,2655.5710018678888,2876.8997053036533,2289.753720767152,2350.9887906117888,2471.095103739972,2259.3411555249663,2763.0663515154856,2152.496987261764,2021.1278778124038,2626.838472268705,2577.8606734108594,2309.590255848796,2270.9910896030397,1874.4398780478057
131.06405948165857,397.35359181181184,342.7315323253011,287.84535556154344,233.03603466676634,505.7623019097985,346.9439096527011,250.14988061031102,0.0,401.4189555481564,145.21550459745137,174.18829108368496,508.676236395846,412.19029085323484,350.36961066696495,426.051809574395,477.59241033332233,497.55718760930904,564.2655801193279,629.8497897841298,637.03000473449,676.4553605008392,852.9799454960331,867.6522440320058,788.0943463832688,894.767868856861,834.6628012701043,900.0838303091758,987.0945125121302,936.6697009295904,930.8904744310892,962.5038295617991,1266.350213751588,1279.9856410313032,1163.484091517067,1030.6660199753546,1430.1654167679453,1373.940669431723,1125.0016164612314,1244.7010597852957,1311.6473057352614,1233.2628126433663,1310.2583470956263,1361.027980647774,1228.1705077541983,1782.0693431728964,1565.42887815546,1462.2042313906431,1280.0606304634334,1879.3991449868483,3355.123181438287,3885.5245790456656,3601.7940663176473,3786.486987616309,3818.7656201922687,3920.32890553909,3718.1259710895774,4028.070395930976,3713.896159416623,3904.029847436899,3833.7165588990015,3749.430450037523,3887.855655553388,3524.0733701723716,3359.287008733773,3750.0777684604213,3327.577374076053,3750.5798388910184,3599.9768000160693,3214.5767153221423,3421.3523937236796,3273.944349281768,3447.7735493651603,3695.2281616636706,3088.068014984536,3144.974436763153,3558.675827993349,3128.6624262926075,2844.948192942546,3072.1249536932146,2960.2734064881893,2853.9654546384895,3117.1496921964535,3055.3856408631354,2840.2943827471936,2582.138832008108,2710.937161533067,2910.0443646628914,2322.3611095575247,2363.6914891681927,2461.9360998047728,2238.3828974631133,2710.1777704519445,2097.3242795852075,1951.3160856861784,2522.8127960978823,2457.2563596771256,2176.6663981205224,2121.8266170819898,1716.3478275091297
74.0602998997787,493.619081834408,473.87807400787005,462.43733310040267,395.27147695261436,150.73966688565235,122.942530376967,171.1450889865796,401.4189555481564,0.0,307.2834782602519,378.3956036456911,123.1968662858192,149.40384677093476,468.5659646200671,267.6304206382568,276.0453633866167,437.8231714490197,319.16205936732035,592.51499013067,474.2191823018984,470.4195274693153,793.6802015478702,761.1431441695238,427.64697234299734,699.1281859389707,472.9688361826576,610.1066526631531,726.987351851149,605.9616077592755,567.4944045267187,602.5184759912759,1002.6730405733703,998.2620753840179,835.0858272785356,652.2676901432942,1123.0569698690736,1044.760761603446,746.7845376381371,877.4175524442851,944.9024294615896,852.3878601440658,931.0033804323022,980.3295389456569,835.800624471264,1409.2662340035854,1180.2015546589087,1070.2955333747998,881.6993120412627,1488.5272030248334,2969.980711625921,3496.463392234698,3207.65230600933,3389.1680745327453,3419.0496886801593,3519.2619470886802,3316.730699114878,3627.388093175919,3314.9974668158643,3507.96119908655,3441.478280746245,3361.9800911513803,3506.5137051885986,3148.767830618479,2991.02327615858,3392.2829138182215,2977.1651007815017,3413.841673143146,3274.097819856289,2897.3779423259984,3120.291387874592,2985.491573482805,3177.7149254371934,3445.971211588571,2845.471208110894,2922.143039158775,3364.5824383301965,2945.4312899342813,2674.3702846627452,2931.1007549797323,2838.8724115058876,2752.7814877299716,3049.748183168779,3011.542337187282,2815.0226604723625,2572.8750392819547,2734.485029346852,2968.2957693753037,2383.8998994101735,2455.793470524482,2586.603046158143,2381.3623683184614,2897.630330441394,2289.8066703807226,2164.568292703938,2780.5173889077732,2736.5341957805967,2471.8257308882994,2436.837541843459,2042.2827636668685
117.55680103422698,481.88968682967385,433.63559456970677,387.6326328385393,318.5938921794672,438.91270708201887,297.0589289750116,206.57051470196754,145.21550459745137,307.2834782602519,0.0,83.88485568661456,395.6909367407011,280.20834099249373,247.27751767468132,281.25795189261123,333.4672891484621,360.1544346276928,420.7722033323619,501.6366805508642,493.16869898253384,531.3333937386019,726.1291935567167,733.0350340167103,656.2308224319088,751.1068154165582,702.4417686814581,756.2082990521247,841.9120535018155,796.7999319152624,798.0018330227451,828.3516787075857,1121.141785494358,1134.9294226690167,1022.0097452739386,902.1341393572815,1286.0047727116876,1231.8983947462527,995.701201031907,1110.7584579372995,1177.2370550235999,1104.514335734606,1180.404099424615,1231.6065002016078,1106.3981780155077,1648.2315942467123,1437.5807295440202,1339.079705771252,1164.5275394991309,1754.4018964018442,3224.959651212315,3757.4768213510015,3477.9022313748233,3666.1084271805103,3702.489785425976,3808.351430769566,3611.0415769354136,3925.693501561521,3616.8129788953984,3812.334258229603,3747.625061598337,3669.077317319979,3813.746830828091,3455.3942488718913,3296.3329883392375,3694.9837042050535,3277.392498938852,3709.2780241862074,3565.0421324157824,3184.2711679414415,3399.8350107525366,3258.681415866893,3441.5553716190875,3698.7677866702898,3093.8289208105366,3159.238138885545,3585.1428911008843,3158.7464064411697,2879.317733709405,3117.7315629872423,3012.5426680835917,2912.8615988030733,3187.4955172506056,3132.886437728459,2922.9050184435564,2668.7971795053168,2806.995693712371,3015.490809318292,2427.371811689677,2476.237000357719,2582.0151928076907,2361.8522730945897,2842.7400595569843,2229.860384423162,2086.9834820908704,2664.8576534936797,2601.1208697412894,2321.364192737069,2267.0386634714114,1861.5055735525825
126.70174414727958,550.6097738055461,499.5787101804457,449.42627756419745,384.7717537454189,516.4231114500618,379.3719397702328,290.3033086903423,174.18829108368496,378.3956036456911,83.88485568661456,0.0,454.07910004098255,324.7233427054698,178.73047368603395,293.7184417454076,348.35821171651713,329.86389035914596,436.1885008566143,456.22829988502934,479.64086367404065,526.9258699005258,678.9249980771972,695.8573502268761,692.1354211110851,734.7723146473832,737.3866790108482,765.603266021561,840.3865875837683,817.9732282596599,831.2036417510922,859.5150571999836,1115.7562991706352,1134.5582251640508,1038.015698382873,940.1372440161988,1291.753586980052,1245.5709480421435,1032.2776614078298,1140.705953796961,1206.2381525861567,1141.2389960961789,1215.513084182312,1267.0563369323067,1150.3735315014671,1676.8322597419715,1474.2539401479962,1380.9601589370927,1213.63909766752,1793.4813585910788,3256.8577474725744,3791.6242672694107,3516.5725578134366,3708.027065831095,3747.9207662361496,3857.095299261266,3663.3266788940987,3980.897531886708,3675.2397167856475,3873.5752933712793,3811.6203615289837,3735.643629000892,3882.7803491422083,3526.5131660219,3369.396657517562,3770.253577032734,3354.0507204726646,3787.877011834625,3644.908133624315,3264.9911049375296,3481.768000622256,3341.326844637108,3524.918817247933,3782.561551568931,3177.6817751252115,3243.08587531463,3668.51326665315,3241.8307254207784,2961.994258583998,3199.065397724536,3092.7886510173407,2991.816551767457,3263.773270055736,3207.0840309414702,2995.3911923776895,2739.7795142810955,2874.162291328895,3078.053739112325,2490.066220033915,2534.54444181133,2635.0786844906183,2412.1638546281647,2883.9786173464204,2271.170257631227,2124.3061654768876,2690.4239931016355,2621.01449993918,2337.2589711439578,2276.762020330173,1868.7512561235897
62.07788023023329,612.0146511500017,595.06609936061,585.3255355752012,518.4652834772885,189.7427039599482,241.62755549353278,292.7577994440781,508.676236395846,123.1968662858192,395.6909367407011,454.07910004098255,0.0,144.07189322850968,504.25516598308184,254.01972081426914,237.05137975231423,420.6191899684156,245.86025012897431,563.5084794006946,412.94601894702873,393.04166242425555,744.1962767484902,698.3935316104468,304.6354289660165,611.3283383115628,349.81174917868066,498.07290790950145,620.0476029531666,485.4036125394763,444.31428707256924,479.3225337893073,891.1127033481977,883.1731432223858,713.6054492602074,530.8652431439181,1003.267755423834,922.6788892867195,625.5362353053562,754.7464395412584,822.2456623817168,731.9585210223203,810.2755524891538,860.0232659392635,720.212419986949,1287.703934552249,1061.477298083656,954.5762264429867,771.8119524832848,1372.4189403408623,2851.828024414278,3379.8590458770313,3093.7337004325086,3277.8110784398045,3310.7387339088923,3414.262249324463,3215.584317927707,3530.0452858711383,3222.0864129302913,3419.537679327746,3357.882375828301,3283.4272881175825,3433.32284150507,3080.810641129176,2928.497405836683,3336.220509752367,2926.3855019786893,3370.259137462529,3236.6440504030525,2865.259718274233,3095.614843512415,2967.0552177113627,3166.962832400557,3443.2897304996086,2847.097002476631,2931.257153486764,3383.0341068074285,2968.8982060811345,2703.152156301156,2968.6598124739016,2882.8598934815764,2803.119701089096,3108.6968578717147,3076.908383580508,2885.7287946426536,2648.324737029072,2817.027644958507,3057.737969381168,2475.6586521238614,2553.2481137410286,2689.5253599013804,2487.7674109815357,3009.6919808838047,2403.45377225411,2280.901605750985,2900.5636969804627,2858.1906497485415,2594.4070548326513,2559.9807705141716,2165.4514587900717
82.15449667020286,608.4619211772114,579.1116055908429,555.5259878398928,482.8303480542013,289.929552925113,255.28958959533267,254.64665061547723,412.19029085323484,149.40384677093476,280.20834099249373,324.7233427054698,144.07189322850968,0.0,360.22243885174527,120.94226496371253,127.47208285803833,292.50864941869645,184.39136020761012,444.8452099741051,327.77395296236165,331.52294507742704,644.2930459389395,613.3905385571811,376.673443089032,563.4675472393425,423.0959062094946,506.7062934168123,611.8771470207955,528.0786413813662,519.0966822434322,550.3773760371583,892.2440883900567,895.5019308499193,757.2202697258615,621.9380513078646,1033.803521763716,968.4666854786171,715.5986538777092,832.6860284519092,899.5447458412243,824.3643039641064,900.4486872721029,951.5751508087924,827.4786999894559,1370.166996929203,1157.3916317419425,1059.485851985773,888.999135843686,1474.3121762229605,2945.2820735416617,3477.385708137106,3197.845427232277,3386.786968533823,3424.680999727741,3532.718609304884,3338.6170648500156,3656.6722330105804,3352.4995095003683,3552.972815460619,3494.090267347823,3421.9860724500895,3573.807298017232,3222.7998129630714,3071.5695904093977,3480.02259276141,3070.4471797601577,3514.165172273584,3379.9887022343773,3007.7806641461284,3236.622182831397,3106.368965983233,3303.789688142583,3576.9800079450933,2978.7512960720196,3059.220436772003,3505.7930115075574,3088.436207035295,2819.0621838549387,3078.1480277087053,2987.128742920752,2901.822588152796,3199.1460884756525,3160.5986501016923,2963.38325699198,2720.2856215605125,2879.6392215555666,3110.1901999425545,2524.7159207026166,2592.6279572851886,2718.4009480998902,2509.387407103311,3016.9208489470384,2406.72706970339,2275.7736018621686,2879.4441508334908,2827.595707192283,2556.1066905917646,2512.194458033636,2111.574991404901
133.18496714798536,727.3153214252256,677.2583597914994,627.9131032654498,562.177622033118,618.4989650082407,508.9935669288816,435.0638574885598,350.36961066696495,468.5659646200671,247.27751767468132,178.73047368603395,504.25516598308184,360.22243885174527,0.0,269.9419548070416,316.5649488699902,205.0285265965521,391.3843392231595,293.4141990124059,370.4282521831462,431.87959392236894,509.8472191982728,538.1974339463814,672.2499454723039,607.8915784744851,713.2410740745532,685.5174769825952,736.8943628556922,760.3449653772161,799.5366052714668,822.3334299958032,1000.2217749363276,1027.5807063774976,963.9586505331739,916.3274068398116,1193.9804308586695,1163.5094275550002,1002.9691786001495,1094.278330257047,1156.6554242347293,1110.165772078547,1179.4955069437842,1231.064187539949,1136.4465920664716,1621.2397048690705,1438.5845911676122,1358.6495720216105,1211.593558472829,1760.7313114630942,3202.2191847145473,3741.0514491922977,3476.808401570416,3675.663090941038,3724.130621285267,3841.584274232634,3657.5002292280783,3982.641184454337,3686.6813296694845,3893.162219954749,3839.935993716007,3772.5330074170565,3928.041843873987,3579.9038201204335,3430.558576701145,3840.0743283100255,3430.628539405632,3873.4791576413936,3737.631810522358,3363.313100612275,3588.328355562716,3454.057473474935,3645.4612225673936,3911.0315542877092,3308.789039511448,3380.6841323225976,3814.4472200314244,3390.607173117372,3113.8322110020663,3357.4232871512413,3254.8543860696873,3157.260892975621,3434.148010191673,3380.131314895458,3170.104527684928,2915.6412188293616,3051.958924936596,3256.753640040795,2668.7505681717385,2713.05482473335,2812.2949008304863,2588.3613711894072,3054.9207682135484,2442.449760164968,2292.8484228226043,2847.9713682393512,2772.537721595644,2484.5447515469828,2416.4926417690417,2006.2565798477933
95.29021276295985,690.4563838914855,654.3879653164768,622.3925009227037,548.5862948081788,410.8502315810355,361.29476427848283,336.41257077470357,426.051809574395,267.6304206382568,281.25795189261123,293.7184417454076,254.01972081426914,120.94226496371253,269.9419548070416,0.0,54.67576241799922,171.5670767846651,142.53468232895156,324.8893891979174,231.26283197310931,255.40387294751716,530.0421539400012,507.3009793675403,409.01153617458874,484.03674318826506,452.34143357642745,475.6160567489069,561.7096698843584,524.2922975189431,543.3590250257619,569.7842883499329,841.9232408847856,854.0349553412711,745.0468553970916,656.4539984112564,1004.9472158489993,953.5946964178306,746.3583994570015,849.2597594319288,914.2142801451935,854.917680706039,927.4309994817492,979.107228454931,873.0620478668584,1384.2298914499745,1186.8372007278267,1099.4196751918853,944.6239495710217,1507.686357911391,2965.078594261557,3500.889495233035,3229.071486265282,3423.4968238775664,3467.4320189047294,3581.173381913633,3393.45344338242,3716.4500856278996,3418.3460911406933,3623.7546083012053,3570.0124055836104,3502.798302400798,3659.13968809158,3312.574203983597,3165.372067466375,3577.7366097987065,3171.5254965620343,3618.8294678006855,3487.6009173902903,3117.7740874057613,3349.307499276106,3221.0749279538995,3420.5395318758,3695.447489307072,3097.9763106986043,3179.408512460637,3626.6400479621625,3209.3783691637263,2939.9108028937394,3198.3635097604456,3106.5028208487406,3020.029876436335,3315.0834807182123,3274.3946378661435,3075.1142259983176,2829.962605786197,2985.3058057133126,3210.9910919839103,2624.3595368267806,2687.2505347992983,2807.0922997662274,2594.1435648545116,3092.0302192889703,2480.194536748453,2343.8834726104033,2934.921802484843,2875.8882211384544,2598.76001821062,2547.033108262101,2142.2190648107953
90.15034235525256,725.092009590838,691.6935192791427,662.6402565667034,588.9264073155339,409.69767915955487,381.5935328579784,369.32850840225126,477.59241033332233,276.0453633866167,333.4672891484621,348.35821171651713,237.05137975231423,127.47208285803833,316.5649488699902,54.67576241799922,0.0,185.59852925180104,88.11606613718372,326.9638238399447,201.05153599924313,212.96370103828548,518.3481333827966,485.9272497353537,357.38966394044456,444.7648092030304,399.96129630388054,422.7417075902251,512.6514244931687,469.6282074164757,490.0032739566338,515.9139738187497,793.5175897654132,803.6845157686267,690.8231851266219,604.0223174553913,952.6244221723477,899.6980215939054,693.2730164928032,794.9047807508484,859.7434904728315,801.660516922868,873.7513700678506,925.4371828784283,821.8740222945537,1329.644900673354,1133.2154220848965,1047.0679903587354,895.2658907195478,1454.3135798011338,2910.585487831734,3446.543240924583,3175.2519817208313,3370.1806925750093,3414.8291635204873,3529.388356987939,3342.800714719713,3666.767713519291,3370.1257465115054,3576.833496288312,3524.6605438128154,3459.134173074957,3617.1888410727115,3272.6011452180373,3127.3759267765304,3541.769629232458,3137.679082243279,3587.3381318779125,3458.424385389525,3090.7690346000136,3324.971029716638,3199.164759876934,3401.5097783279475,3679.5084139440364,3083.896778431387,3168.2921319461284,3619.2747483542967,3204.117370898479,2936.864222705935,3199.050649318876,3109.959441426945,3026.260805217832,3325.300565713428,3287.587351826507,3090.756554648052,2847.756934367827,3006.745662935682,3236.187264343968,2650.3290388126957,2716.440956907897,2839.6148319762788,2628.6121707574853,3130.790475993641,2519.5108803996773,2385.145890237832,2980.2526463066015,2923.092871869066,2647.2312804583057,2597.0834194727768,2192.9453107585528
115.85907516536645,822.9690158885371,780.6403424826759,740.6406798724607,668.3488505150281,582.3923973426889,522.7021823673684,481.240636666932,497.55718760930904,437.8231714490197,360.1544346276928,329.86389035914596,420.6191899684156,292.50864941869645,205.0285265965521,171.5670767846651,185.59852925180104,0.0,226.50629873952448,157.57101799902915,165.46892252639978,228.86151477188642,375.62163755757433,373.2093542029145,504.0681449480975,408.7052837943132,540.1429844563459,483.5135904307434,531.9660844708499,565.8680988893826,618.6882348755023,637.5815755791068,797.7596689956091,823.3399261785399,761.8834425643101,737.994290764618,989.0126284673152,959.3856811563239,819.8146626789268,901.238494320851,961.809816574671,924.7059921845594,990.7700445690266,1041.9516248959096,961.0284081763197,1422.426430134846,1248.3623288314918,1175.9041389300467,1043.2726824180925,1570.5580466415913,3002.0449758598033,3541.788869835692,3281.2318619972457,3482.826833497636,3534.986693912822,3656.3523301439564,3477.634570637749,3806.872585505911,3517.3898415326053,3729.182416488251,3682.411201890467,3621.8129354028606,3784.035199458122,3443.6813451374014,3301.919342728271,3719.118625102772,3317.5855184900606,3769.3346814277766,3642.018317446591,3275.4271391446173,3510.3609856381067,3384.7632426316827,3586.819842652997,3863.908919792937,3267.440638809677,3350.0759385136053,3798.1090709993978,3380.94464366687,3111.3283434931864,3368.909971766409,3275.927932674995,3187.918730763836,3479.931691168629,3436.419770099885,3234.478844823468,2986.7431512192147,3136.7504783961576,3355.8737485170564,2768.224527289694,2824.48600316521,2936.3746050680784,2718.5691959105147,3202.8275266446253,2589.9648533564778,2446.9220742896287,3019.5398069897415,2950.8779216802927,2666.831047500002,2604.596713179455,2195.697028094974
84.11317552294703,792.8403674731506,762.8696608255319,737.4187894172967,664.1485793479053,433.3233571218314,435.5950402408274,438.40582788287463,564.2655801193279,319.16205936732035,420.7722033323619,436.1885008566143,245.86025012897431,184.39136020761012,391.3843392231595,142.53468232895156,88.11606613718372,226.50629873952448,0.0,338.4801479575211,167.926644082886,151.4103755814639,500.5222455312134,452.56105460189997,282.36892389672494,380.8182075908681,322.1194324329675,335.87171189345395,431.1848270876279,382.0716462491274,408.55108848594574,432.6487623399112,712.2892346990111,719.689330317884,602.7123563561559,524.9432471259552,866.0613293649876,811.7068155193875,612.1147953644764,709.5193161421195,773.8390273747492,719.8407829483085,790.6104445221031,842.2853916540452,745.46945506142,1243.0914086886642,1050.0834817278323,967.4158355251784,823.0380719719631,1371.7539649739124,2824.390174911373,3360.8947709479535,3091.2403822220504,3287.507117631502,3333.9124605814036,3450.3591720518752,3266.294044384334,3592.286628760622,3298.710361072887,3507.997968631101,3458.928614660077,3396.682514244352,3557.9560334948446,3217.177612752353,3075.667773555407,3493.6135394995486,3093.5129776246495,3547.186623719863,3422.40790202653,3058.731537386592,3297.433002379693,3175.856286107758,3382.9861677666863,3666.0454789447067,3073.855959892817,3163.1025767022848,3619.981279205137,3208.4625651881324,2944.9555297843885,3212.9311239777144,3128.272936029629,3048.974540980953,3354.023787565553,3320.8950869828077,3127.8900610087994,2888.271625355963,3052.5977273775134,3287.4542380775556,2703.0065216670814,2773.708408647022,2901.5394878394286,2693.336491572147,3201.216182679867,2590.8627557477007,2459.1095934259392,3059.279626061791,3004.4260388740577,2730.091771788821,2681.7222249296983,2278.3363307034724
132.00294870073444,974.7300023513217,930.4954247393673,887.8603099960567,816.7958396794409,734.1162335905822,680.1906265929174,637.657232924319,629.8497897841298,592.51499013067,501.6366805508642,456.22829988502934,563.5084794006946,444.8452099741051,293.4141990124059,324.8893891979174,326.9638238399447,157.57101799902915,338.4801479575211,0.0,196.56657628012533,263.3303490001332,224.49648477400473,245.0092526362263,585.6163847565659,345.9365251845892,613.4078140130284,493.8140613833116,502.0709967773156,598.4013954414021,676.772442410184,688.1529308027518,738.3978188139348,775.6573566369776,760.7561632270586,795.8993937449391,949.8980922121783,941.0598330578725,867.5522895492288,926.9249513119817,981.7554343806368,965.9542686419475,1024.4079672224684,1073.9437577766148,1018.0539802304668,1425.1256809126355,1275.2805897572384,1218.018138140796,1108.5764854213849,1594.7227697523892,2994.0746491636173,3536.203146206264,3286.889664603622,3494.9255722196303,3554.976917212476,3683.627471745881,3514.2409164225855,3849.2453405315505,3569.127149561029,3787.2771653183936,3748.0213472540436,3694.715666127499,3863.275903902306,3530.425263039454,3395.1919629808176,3817.7269572696787,3422.4098771668982,3879.4726722265386,3757.530927510201,3395.775305449162,3635.621832066698,3514.3283772838545,3720.864980780234,4002.2933197221823,3408.35922823535,3494.432232347519,3946.2333413066453,3530.911227401054,3262.9948103235106,3522.9918284299265,3431.3818763783456,3344.4067307794417,3637.3281816944686,3593.989068218288,3391.880487502131,3143.78135845315,3292.541183850958,3509.5001275505047,2921.6215650312392,2975.24031919211,3083.48345293115,2863.4426564833793,3340.02755299449,2727.1712742560776,2580.4762050737136,3140.899271639772,3065.9493152747855,2777.701455723987,2708.2494630103656,2297.6159674607343
104.93333434659763,921.6315266912147,885.5566109511846,852.6270843214868,778.8798530068974,598.3332382248361,582.5934340504007,566.9205353788309,637.03000473449,474.2191823018984,493.16869898253384,479.64086367404065,412.94601894702873,327.77395296236165,370.4282521831462,231.26283197310931,201.05153599924313,165.46892252639978,167.926644082886,196.56657628012533,0.0,70.1085055545621,332.7336471302728,287.5589269825475,389.308556508013,257.9525605990855,416.902982198071,321.4937198745648,367.18408653347313,413.30656726570044,482.66316236905635,496.2298714902771,637.1409763341529,659.8047472454638,598.8619918315078,602.3200215588935,823.9712700983222,794.3343506375411,677.4282299172127,747.3661931037908,805.7662606471268,778.7611638654066,840.9333400902275,891.4397554941862,825.3406206346336,1261.6690577699692,1095.9346668709727,1031.0856889248405,913.9878426042933,1417.4066475186874,2839.6088612531985,3379.9725607739433,3122.312714690138,3326.034039301205,3381.144679148906,3505.6372690560916,3331.4026460458,3663.8276262540485,3379.8901131937982,3595.9259616593336,3554.55730858457,3499.6885291320837,3667.326276316972,3333.9009359884417,3198.721988943277,3621.6750757885975,3227.4257857771227,3685.776072594677,3565.7521005240665,3206.3415447079446,3448.96634992306,3330.8197809028175,3541.1838749221424,3827.1351580549017,3236.7821247136744,3327.9672056585887,3786.5321715687205,3375.7694481815774,3112.7259693807628,3380.8241406812494,3295.7872651678977,3215.688889891694,3518.9716243751586,3483.898960464013,3288.8502181670783,3047.092509315604,3207.404967509477,3437.228184864493,2851.3063653198,2916.6327967196107,3037.9915684324174,2825.3866242307677,3322.33994130203,2710.2413139378227,2572.457878543784,3157.543838234139,3094.181877705613,2813.429428428172,2755.729163002027,2348.188078864628
