0.0,21.007790569855814,32.486536582605744,43.19792744379855,43.02154695414939,54.2037009601374,12.595492823791444,62.329507104672956,12.739459061533719,14.290233344006792,35.79316698817772,6.323201650569529,14.55590296151461,16.07143552648476,30.32242600816825,43.64075139657339,20.554204915623092,25.350212309550113,44.79095217804501,22.456888609933056,30.789360698305394,3.6474158308457043,49.878611986266485,11.626854499255709,51.37259139780535,830.3739169949881,824.884565404879,864.8160977811741,858.81233888149,881.3710535155789,871.7535150932156,858.2510227457412,850.5049420376909,834.3550220459871,890.7667975063899,862.5918828037342,856.4659995684494,841.2570970346027,850.3145483119071,854.1746321833796,894.1130772355833,833.8207384799399,871.9221811468993,866.5004296974881,857.0937093641675,858.6342915395691,879.8130077682306,852.6133260386401,820.2546087772716,824.1559531996546,848.194282816085,823.1409531057403,898.3148932606314,880.7751528250967,911.2615271326164,871.5446675339101,876.7114671820267,866.8293598512008,856.0166068848091,888.0541296959165,880.214471239805,836.0407231208533,863.4890778252882,839.5868620220361,875.4081418170684,863.4148199546157,847.9128799553972,851.6129593164973,878.147580354939,864.01863306937,878.9159011003796,861.2649351867747,855.677009270967,860.5351559851229,885.8851255674085,575.3594836291106,567.1955107344716,581.801246329064,584.7511010315869,616.3564839893623,572.9402436601134,550.6444138952166,611.6371821176278,606.5646717921538,581.4471026226726,568.6574643339153,550.3428327571748,586.3517792515376,567.4612188283859,585.3283703854722,538.0897034533758,615.3049953306049,560.2754127828264,544.186929991959,544.5965112055698,570.2404785298858,569.4227839021746,583.3473425015893,552.889631813896,560.0185760097935
21.007790569855814,0.0,11.486805054224526,39.53576593827605,36.655360340106164,60.34538295891216,29.00066232006898,43.22293332723398,27.334082772798855,27.495521006156377,29.23580337905184,25.643447005029483,11.941698822955082,5.51546939976558,50.35602109404106,54.802089304739575,41.44235778973844,18.21300754987855,24.220687720091913,28.051845753019098,16.02240152971201,23.89920422124402,33.0994079077274,10.127023766127495,30.981023892770434,828.9184314344128,823.3463012673798,862.6965257879366,856.7058024717753,878.9162876567854,869.9822567052053,855.9403053769596,848.160501521684,832.9936535299212,888.6404966684563,860.3477044940224,854.5163629236749,839.7710637823628,848.2485056605398,851.466709066185,892.5767615122434,830.7111434501466,868.7487855860803,864.4227320834967,855.0862594665113,856.5029060077376,876.9035637985768,849.2842163746665,818.8351239097075,821.4291011507069,827.5637263222062,802.4947017359078,877.5512668823134,859.9965108156633,890.6694975401527,850.9678020553931,855.95795883761,846.2218245664142,835.3839300221755,867.5046791167443,859.6122712506898,815.5223061661177,842.912708587052,818.7974947511002,854.7976190851082,842.8483278852457,827.348641909083,830.9834034689467,857.3485705041332,843.5013245689239,858.222539118224,840.4801942586209,835.2638713986834,839.9603271099983,865.2333779351334,574.2563896044556,566.0867354828391,581.0984740758345,583.3689212404432,614.6590898342167,573.0878735304615,549.5474224538295,611.7344936554701,606.102806361651,580.7330980192353,567.6494230602212,548.5789831564728,585.8290835147827,566.4202648806968,584.5374333622838,538.1435116727464,615.3030829762523,560.2578500944257,544.6506163422218,544.738885391872,570.7462566221042,568.7140656931554,581.1446711041787,551.4822435546173,559.8615903099202
32.486536582605744,11.486805054224526,0.0,41.57441568064976,38.454452172447525,65.88789538776194,39.98438976287776,33.41675856078104,38.11465475072152,37.62125198223589,31.041002687766998,36.91684736977245,21.660893798402256,16.633062029750338,61.677158016947025,62.71213098884678,52.862645836807395,23.539115216932856,13.308947020267118,35.92450104575336,15.369792999914353,35.37524575592261,26.120077935282197,21.324143939362365,20.133157439670082,828.8818518415411,823.265819783873,862.2863398921372,856.3042928518516,878.3176294192959,869.7617286499369,855.4266324452694,847.6302505420228,833.0075996041218,888.2203227712579,859.8695460088609,854.2016853396833,839.7148204178221,847.8714305963941,850.7353295673981,892.4798075822308,829.763506792602,867.7561917903353,864.0351481760969,854.7396528041173,856.087778703713,876.0547254342791,848.2104290462388,818.8210607927564,820.6952292994233,816.4073068685151,791.3275529691299,866.2987788256992,848.7330701786883,879.5391939075195,839.8485571249898,844.7130893595172,835.0812937254512,824.2259152582235,856.4041525776487,848.4752864986921,804.4439454406064,831.793923414686,807.5264119091984,843.6548862596911,831.7363893076318,816.2384977936384,819.8276420502435,846.0699499350776,832.4232572757588,847.0211986663563,829.2123798152913,824.2567562781826,828.8426535436314,854.0615491704024,574.5126679305031,566.3445816129399,581.570045245543,583.4671256843941,614.5679898112032,574.0279492878709,549.8216256914233,612.6266981535031,606.692817083441,581.198728718494,567.9615408772073,548.4878258361185,586.3964916350006,566.7150696536311,584.9589000252008,539.0535262943479,616.1394602230772,561.1153621257542,545.7795297614186,545.6929523328415,571.8825034599267,569.189362636042,580.7930532845488,551.585071742688,560.6433361885479
43.19792744379855,39.53576593827605,41.57441568064976,0.0,76.17547354435372,27.973635882194788,55.781034679822014,44.542752731522256,55.82521117137675,32.50569569292304,10.580797876041407,41.01118713860006,31.8757009184432,37.29425060564348,68.55679189966104,33.38926657589714,52.56896412581879,57.345317437516535,42.157141778510706,22.185746858568404,26.204882973959077,46.52173436165662,30.077713557124074,37.143063326097206,44.301828295398124,868.440770271098,862.8722551076703,902.2317031042902,896.241120011751,918.4430001803119,909.5157388823308,895.4720175676068,887.6913393903127,872.5111559708054,928.175521883971,899.8809627008242,894.0519938627914,879.294979002895,887.7841224400822,890.9810775450475,932.1034362794527,870.1945260086704,908.2245978302149,903.9582532079355,894.6220252051853,896.0379782751028,916.403201179527,888.7436938601493,858.3555178133465,860.9429117685067,839.1834081566831,813.9916395390246,887.6964682966457,869.9762241437828,902.5823883257593,863.0581827761512,866.246093716185,858.0379803971387,846.9744631549544,879.8185824881784,871.463503162291,828.1567763818692,855.0162417127544,828.6878701829575,866.5767489410109,855.0395829757136,839.5769979810941,842.608801662272,867.0716811616583,856.1135551249293,869.1778116977257,850.4046257220556,848.7091408135412,852.0808365555606,876.6059140771007,613.7475667647271,605.5779680342413,620.5487288244852,622.8813639994445,654.1877823322828,612.4051674625284,589.0366924981748,651.064988178173,645.5236356622053,620.1846689594835,607.1316030872977,588.1085168773942,625.2567535726402,605.9054533840085,623.998153771579,577.4746173209786,654.6518932598615,599.6042936205968,583.8999117344728,584.0540828785146,609.9894806322345,608.1641627838704,620.6801830073304,590.9949891907228,599.2319828312502
43.02154695414939,36.655360340106164,38.454452172447525,76.17547354435372,0.0,94.94389448325444,38.04337795358074,68.32981294030694,35.615813929761366,56.591333547141,65.88351342248403,49.262339044937676,45.83466671426633,39.33487185282277,56.341508954993635,86.28887046854125,58.46698566161287,19.250843695484384,48.43522697422663,61.69245228419818,51.68485884525463,42.613631120258276,64.32018550435572,41.02457984834929,53.96407100505628,792.2667721753536,786.6969921717151,826.0819250080791,820.089971283136,842.3354816154335,833.3436367498829,819.3433085670438,811.5667556138513,796.340008973259,852.027043496898,823.7442719406779,817.8885004930564,803.1203165847697,811.6291865215829,814.9168152530782,855.9280520991607,794.2224195149379,832.2728893941484,827.804703336976,818.4625712200353,819.889167972959,840.3839657343161,812.8363400269021,782.1825346989193,784.8807038493984,819.8047942098883,794.9035097063714,871.110417699959,853.7446949774392,882.5163840671358,842.7133157692278,849.4194012690141,838.2392158954121,827.6379832836234,859.006127633896,851.5717343315687,806.8115827495266,834.6603558569103,812.7096830366396,846.8348812188958,834.5118310838985,819.0056780209184,823.2124093587407,851.3460609395423,834.7588918228004,851.0425936413459,834.317441714858,825.7338657922099,831.6971506044939,857.6416029149043,537.6024553765781,529.4328000788839,544.4578113212331,546.714064533105,578.0123690143439,536.5234547164498,512.8938895882713,575.1604934848789,569.4758274902846,544.0918793270953,530.9975194573419,511.9332889287002,549.1988436111634,529.7676111409817,547.8925090885243,501.57093237099957,578.7173678236828,523.674772560633,508.1343669965992,508.1766843572332,534.2332678473359,532.0735426686157,544.5276488235826,514.8274225506474,523.2636075965155
54.2037009601374,60.34538295891216,65.88789538776194,27.973635882194788,94.94389448325444,0.0,65.0580399222753,72.37322936162668,66.17645718183184,39.96049444134421,36.45393589087573,49.1550038186081,49.384466765420896,56.24867544210575,69.07144460300633,16.130847276285014,52.65199115806005,75.74126549689473,69.12638862706326,33.251581527485634,51.18983542289281,56.31859352345258,58.05047398959394,53.95058250824042,71.94650158699254,884.5492016288111,879.0663001044879,919.0196721811722,913.0158447975356,935.5700484054254,925.9480454096749,912.4534733298392,904.706702292851,888.5220387612788,944.9703681470268,916.7952232391425,910.6670341038011,895.4345170429261,904.5177150366544,908.3610010399464,948.2930591954889,887.9714122515935,926.066680348842,920.7036694730148,911.2959858041589,912.8379291844525,933.9847408188843,906.7373283472868,874.4272016157953,878.3405198551883,865.9060138141373,840.6948645878691,914.0717125851382,896.3167821950807,929.3517241738068,889.8738210441843,892.6613570223957,884.7974943069898,873.6887529811519,906.676203144498,898.2271128203329,855.0908040358499,881.836552970547,855.0195775009965,893.3262949771057,881.8779438766642,866.4267565567834,869.3317195609512,893.3506990931327,883.0365415104396,895.7463261635662,876.7377099367313,875.7929147938219,878.9053717279262,903.2652787426366,629.5138959572878,621.3511538196043,635.9038179096564,638.9300226760031,670.5525556126378,626.8759165146724,604.8001723286678,665.5777424843882,660.6244189401448,635.5513995777017,622.8019501459752,604.5428072224092,640.4248051722552,621.6095389041316,639.4434255219268,592.055024062588,669.2685439697384,614.252451469234,598.0467870298634,598.5395177366956,624.0818501718582,623.527665879674,637.5496177660673,607.0720386227861,614.0259652828928
12.595492823791444,29.00066232006898,39.98438976287776,55.781034679822014,38.04337795358074,65.0580399222753,0.0,72.09096602360341,2.5519592188883937,25.44965187586545,48.29465611831336,16.018043422166624,26.261036084819178,25.452958349701664,22.233019622848865,52.88867625711811,20.43709561171205,24.58178968109935,53.12970802557651,34.6805857264275,41.828073537904494,9.327671907393144,60.7364473591443,22.055518281588373,59.93026624576124,819.6953403178546,814.2333604631533,854.3512523311578,848.3438989616692,871.0184129454641,861.1719459256203,847.8519536903796,840.1184885831173,823.6458606005482,880.3008968052355,852.1695293930989,845.9453457509018,830.5868691925132,839.8336357357219,843.914008467941,883.4524501365785,823.7067486688675,861.8257582833551,856.0212727716337,846.5922540915278,848.1742517066634,869.6203011942599,842.5767403815946,809.5658884613676,813.9064331650052,851.8275476450443,826.8251961967226,902.3816097390875,884.8999415407661,914.7738438595251,875.0187733916022,880.7437781569616,870.3920589479039,859.6552003544131,891.449891796745,883.7599304044245,839.359791535125,866.9628430876821,843.7576988782026,878.9784738377753,866.8609037776786,851.3547895117117,855.2427676087771,882.3515831338008,867.33083674507,882.7416643672142,865.4152758180187,858.7261432983405,864.004976867168,889.5780088775415,564.6180560075082,556.4581784126863,570.9335386462179,574.0962922087206,605.7962863169678,561.8236001221248,539.9082217776738,600.5259568233599,595.6179529958289,570.5829258621745,557.8879528879382,539.8236117130637,575.4282257317041,556.7023954036125,574.4868165199731,527.009122946409,604.2213803109867,549.2093962080413,532.9887482208118,533.4887116829141,559.024117551923,558.5601950498467,572.9665555137235,542.2522891765677,548.9932045776616
62.329507104672956,43.22293332723398,33.41675856078104,44.542752731522256,68.32981294030694,72.37322936162668,72.09096602360341,0.0,70.53169733674348,61.5857733365242,38.63278588473403,64.90320648755967,48.274033271647845,46.76867419082102,92.63149300911422,76.60618061701045,80.93909683253064,56.60754593111943,20.53902312695116,54.7295811388482,32.23507135244915,65.76222822752668,15.096639522080162,50.785041734120306,14.379539034216387,849.1395824856336,843.4271517410871,881.6551405073446,875.6976296615494,897.2302899890045,889.5676720385356,874.5566515600224,866.7267201189081,853.3776753254691,907.548140097827,879.0802025631068,873.7994829961933,859.9198435750511,867.3279895502042,869.350894629859,912.5562913603444,847.8735383684125,885.7280074751702,883.4557284548023,874.2625718266966,875.4493274650077,894.3694616302516,865.9984501933778,839.1375425785163,839.3277896051297,795.3667870744162,770.1972035147984,844.2405545995914,826.560586922081,858.7135955846242,819.1469551909784,822.7492511574939,814.1825956918442,803.1655089795547,835.8653615748175,827.6028938223742,784.1347069204763,811.1010925057737,785.2877467200511,822.7305705582016,811.1068478501743,795.6344426050326,798.7915390704292,823.7245751478339,812.0998591736877,825.5169566621169,806.999876668941,804.5501903307814,808.1617995747814,832.8500915288644,595.6860730809061,587.5331936394841,603.2059766693214,604.276495257114,634.9088163595567,596.6766004089143,571.0710660699741,635.1270425916198,628.5535105189587,602.8222235481028,589.2674328486371,568.9241862623246,608.2340108349603,587.984651277552,606.4809592218593,561.6873879468311,638.5173128414192,583.6072016397895,568.8600693238552,568.4096129084768,594.9434219288482,590.8504455944521,600.5846454627973,572.4519668174904,582.9752451863734
12.739459061533719,27.334082772798855,38.11465475072152,55.82521117137675,35.615813929761366,66.17645718183184,2.5519592188883937,70.53169733674348,0.0,26.330943996299684,47.98035018444283,17.021564248313002,25.570573995183175,24.126868957757466,24.554697882842124,54.40475788583865,22.852621365852293,22.062163560804834,51.33156186302697,35.153708962901,40.738487950721876,9.925175084855276,59.50755998965966,21.064031939051954,58.148489524581244,818.4337937659855,812.9626572674697,853.020832333819,847.0145608083977,869.6535921180886,859.8787448953884,846.5011106762151,838.763724931966,822.3946253276073,878.9709869514522,850.8258853665105,844.6324726227849,829.3226121156322,838.5081490117605,842.5215076370752,882.1853505630055,822.2717318482239,860.3860848566292,854.6953512853682,845.273294714038,846.8422849593356,868.2081651474646,841.1201946729533,808.3076663092696,812.5104245185485,849.3584313236861,824.3589763851638,899.9370859326078,882.4591191183837,912.2980776005433,872.5412599766804,878.2972783255732,867.9191161158185,857.186325051083,888.9683961266028,881.2860221872412,836.8748427935121,864.4853539351701,841.3200400090617,876.505884202136,864.38202355795,848.8757818658224,852.7734474163447,879.9157897070418,864.8454181806065,880.2829965404079,862.9761785823372,856.2288503669444,861.5273039821685,887.1119027445142,563.3751126995187,555.2137094160778,569.7348693870316,572.824252947409,604.4936958239965,560.7180252239132,538.6630992187492,599.4187287265682,594.4482602159825,569.3829898995203,556.6545705209069,538.5068458808855,574.2497865068956,555.4653065985318,573.2788882128227,525.8889993858128,603.1034429903523,548.0839701651257,531.915344274849,532.3792814040247,557.9584650458377,557.3595194762488,571.6071103439347,540.9739484945557,547.8522514024456
14.290233344006792,27.495521006156377,37.62125198223589,32.50569569292304,56.591333547141,39.96049444134421,25.44965187586545,61.5857733365242,26.330943996299684,0.0,27.797709604564297,9.44623510027059,15.966039309763788,22.0439818848173,36.1377885558015,29.698138810625498,20.79745938527808,38.015194576782754,47.49601151618432,10.320262883349361,29.59736223502755,16.415452495220727,47.36139639103015,17.876650747152905,53.29013929413426,844.5895869336878,839.1059569506118,879.0700302552497,873.0657299462895,895.6391839819316,885.9885863439343,872.5136812644016,864.7691008418586,848.563967823253,905.0206815827237,876.8516106444906,870.7114129226494,855.4746087266391,864.5660785611148,868.4515256345074,908.3328717490969,848.1069259159781,886.2091714438549,880.7522881647752,871.3421562272637,872.8888831806883,894.0949878842804,866.9022366401449,834.4680218327678,838.4336691436765,853.4986744401813,828.3952316780162,903.1254768886106,885.5238708977588,916.6848126260235,877.0179361898572,881.5654845903048,872.2069302752617,861.3133398482444,893.6089925158448,885.6079834814957,841.6901066991558,868.9644950441862,844.2928636289708,880.7754691373077,868.9203737906578,853.4264825872503,856.9203592129794,882.8069846522252,869.6690348216616,884.0005500534123,865.9890821386783,861.6108211361327,866.015528096418,891.1154664531167,589.558782487876,581.395686920238,595.9673110489703,598.9698756499499,630.5937081275499,587.0205571523255,564.8446488837885,625.7201479811929,620.7068941189831,595.6141806490724,582.8498061989353,564.5863295632399,600.5011115837669,581.6561971272913,599.5018962448339,552.1837376834745,629.3988685202798,574.3753208370823,558.2322356136012,558.6799786547607,584.2779252811794,583.5901640320806,597.6107152069169,567.1116182194252,574.133440096153
35.79316698817772,29.23580337905184,31.041002687766998,10.580797876041407,65.88351342248403,36.45393589087573,48.29465611831336,38.63278588473403,47.98035018444283,27.797709604564297,0.0,34.89747886747667,22.860937800446457,27.495737690746346,63.56975015237139,38.079900169880254,48.591690047518576,47.260256711835616,32.676249543255935,18.306569674389383,15.679417248915897,39.338381718030845,23.543912287722684,28.030069504422848,35.71814856391453,858.1261961013884,852.5489948871216,891.8489230032048,885.8597503789681,908.0294969384887,899.1667314750762,885.0718916778928,877.288436276758,862.2067139839121,917.791339892574,889.4867237072464,883.6857338012383,868.9767369656563,877.4068504608417,880.547127624862,921.7781317099748,859.730298311431,897.7547605141273,893.5793699048381,884.2501433394607,885.6542814546389,905.9526338677662,878.263573672192,848.0452086497085,850.5083339766925,833.9869420893114,808.8200900318486,882.8691218555946,865.1864127547154,897.325825606843,857.7518727266585,861.3798348827287,852.7972761128437,841.7865424985584,874.4610594784248,866.2166658279273,822.7125374197672,849.7053078972308,823.9121609718188,861.3465583379688,849.7074115342565,834.2330129612425,837.4115917160418,862.3445019815443,850.6798254841843,864.1487402027699,845.6247769866332,843.073691109824,846.7652596326789,871.4763708852379,603.485376611978,595.3157225015246,610.3341294987638,612.586938265433,643.857563556143,602.3041252987637,578.777090320059,640.9542262449585,635.3378308070428,609.9687020667682,596.8810226596142,577.7760193711014,615.0645140091513,595.6510926699398,613.7724390710506,567.3630815847702,644.5270551725223,589.4811084238895,573.8467230309192,573.954447350861,599.9405852083833,597.9497310582168,610.3023291772784,580.7001437994181,589.089770520456
6.323201650569529,25.643447005029483,36.91684736977245,41.01118713860006,49.262339044937676,49.1550038186081,16.018043422166624,64.90320648755967,17.021564248313002,9.44623510027059,34.89747886747667,0.0,16.674061432942388,20.288072593968266,28.908458264009866,37.78548427774622,16.203816571313446,31.664692669102664,48.52545203293838,19.14535875168424,32.762743659454664,7.2403092165438725,51.62893588351004,15.593830692793444,54.88234226925563,835.4409670548328,829.9668328079516,869.9979981250214,863.9923462826349,886.6092701295478,876.8741875916803,863.4661099284368,855.7262347222762,839.404831406712,895.9483663017301,867.79534250484,861.6189064290692,846.3289089292975,855.4880683946612,859.4568073122896,899.190639296104,839.1698850808493,877.2794896120319,871.6749904142196,862.2566475357862,863.8185994785206,885.1270122059803,857.9965978860683,825.3158739536159,829.4430638878347,853.2066272915354,828.138061676607,903.1826446335889,885.6238919960988,916.3097322817995,876.6063599103446,881.5917108909979,871.8633683432851,861.0269199315557,893.1395613563789,885.2533991314431,841.1518313652447,868.5511974716227,844.4216584760135,880.4393908478528,868.4855822772565,852.9855742511637,856.626263121796,882.9692859579258,869.1307036634965,883.8646862615008,866.1057798360811,860.8684496136046,865.5986277403856,890.8768115905216,580.3879193941166,572.2261634197523,586.7550788030187,589.8285506587666,621.485774521531,577.7330408030522,555.6754338889929,616.4341227852827,611.4698244390672,586.4030778669876,573.6695459494601,555.4925406979272,591.2712280920133,572.4794866970291,590.29808203695,542.9065912061402,620.1207696576574,565.1023804940278,548.9222075020481,549.3950158139529,574.9629558814439,574.3795445207238,588.5679656108557,557.9761470452231,564.8724736995067
14.55590296151461,11.941698822955082,21.660893798402256,31.8757009184432,45.83466671426633,49.384466765420896,26.261036084819178,48.274033271647845,25.570573995183175,15.966039309763788,22.860937800446457,16.674061432942388,0.0,6.974582810650352,44.708533304519904,42.94074069885164,32.838624004236465,26.587930868803404,32.166363536791536,16.421017605407528,16.318401160570545,18.180949887012254,35.384221123158866,5.267548490081411,38.35205731519962,837.4612186307307,831.9214206401533,871.5011098409981,865.5049542449041,887.8498434888036,878.6523185442794,864.8175924600688,857.0500812206525,841.4993557461722,897.4494126483526,869.1999011483408,863.2547668784579,848.3267717785442,857.0314605167126,860.4936330126233,901.1560438334635,839.8853227248176,877.9489449871822,873.2113178587737,863.8470822896916,865.3115993619646,886.0071832636571,858.5397393739936,827.3628457010562,830.460926141739,837.8088762520415,812.7162196727625,887.5575957088578,869.9721364709885,900.9701430075709,861.291924117992,865.9856975636403,856.5013248651048,845.6254257146643,877.8664129679321,869.899169408822,825.9277497014212,853.2378779021652,828.7517236556479,865.0722719140641,853.1874673554086,837.6916101166826,841.229958859613,867.2795981758198,853.9069995152656,868.3626975495533,850.4435394908169,845.7968950454618,850.2878148622228,875.4432824255833,582.6300685651393,574.4613772200312,589.3103702208364,591.8559130424716,623.2753380933248,580.9431759495122,557.914499823233,619.61711603491,614.2191354181873,588.9495445974703,575.9836097997314,557.2110890749253,593.9675434864606,574.7675706495758,592.7859784538166,546.0325282969535,623.2282305046803,568.1810110126459,552.3657087244077,552.5915230859767,578.4477459314919,576.9264051054453,589.9522602865657,559.9740681115187,567.8434048235267
16.07143552648476,5.51546939976558,16.633062029750338,37.29425060564348,39.33487185282277,56.24867544210575,25.452958349701664,46.76867419082102,24.126868957757466,22.0439818848173,27.495737690746346,20.288072593968266,6.974582810650352,0.0,46.03137340127586,49.86288131175901,36.2579667763433,20.190616527659063,28.722545502524948,23.39230148011281,16.84334640722858,19.238572668024112,35.38734331522532,4.694973650920723,35.33452474288372,831.3646778315465,825.8117249680502,865.3001355616393,859.3060645673312,881.598418482121,872.5049472179107,858.5879328660691,850.8155253498883,835.4179245202773,891.2469873073982,862.9801368860445,857.0799461104915,842.2251250899317,850.8388894521482,854.2057565747666,895.0454408965807,833.5410026332103,871.5951667489544,867.0166883263422,857.6633588778558,859.1089372451847,879.6901225868168,852.1649801046993,821.272292784437,824.1708543948739,832.9614646465687,807.8879269919114,882.9024778156908,865.3412931277561,896.0775998792656,856.3799608112238,861.3134551903984,851.6259442418409,840.7810224787853,872.9235003170256,865.0177839978583,820.9484429336671,848.3250240841575,824.1376014096155,860.2008879566706,848.2631127217513,832.7640434780301,836.3814160563926,862.6839897561829,848.9275973983033,863.6004542497274,845.8223213555602,840.7107480375527,845.3730430111376,870.6246804558066,576.5979758201595,568.4286722250132,583.3453141378358,585.777778380619,617.1457045445727,575.1283163579653,551.8844393657093,613.7916618236856,608.2946469899906,582.9825859214662,569.9675748806483,551.073512811924,588.0332582566303,568.746103853489,586.8057877409744,540.2021783210857,617.3847452932679,562.3368340146247,546.6101542916458,546.7769155556016,572.6989085592535,570.9608272676927,583.745792031884,553.8931400859483,561.974327224074
30.32242600816825,50.35602109404106,61.677158016947025,68.55679189966104,56.341508954993635,69.07144460300633,22.233019622848865,92.63149300911422,24.554697882842124,36.1377885558015,63.56975015237139,28.908458264009866,44.708533304519904,46.03137340127586,0.0,53.888674583831694,16.68628248099115,46.28897780503274,74.56075757040476,46.4120210560182,61.02378929436954,26.871671095472394,80.09007962986885,41.851969465012914,81.27695151873486,821.485962770334,816.1175714518047,856.820473896924,850.8043875445366,873.8312534701943,863.263463382641,850.5307789066155,842.8400936137655,825.3322094153739,882.7557254222475,854.7736128485302,848.2404073773952,832.4002128165927,842.258360785587,847.0199228310211,885.2747459297714,827.2589618471447,865.4121687177369,858.4443686272745,848.9484832273399,850.661412601465,872.919003165248,846.3456231212327,811.3274935244528,817.0599406569537,873.6447683818893,848.6612523549043,924.3356130979554,906.8711306670507,936.5447963978027,896.777443226802,902.6884508690955,892.1833672356777,881.4739149003561,913.1781805868171,905.544386494297,861.0611315207098,888.7217849241928,865.7430787077224,900.7721235683484,888.6095063721691,873.1026241118817,877.0586169831753,904.3447198062815,889.0279223821341,904.6223691366181,887.3942588513956,880.315583993653,885.7625995462728,911.414167670456,566.3722721301011,558.2345243572613,572.2454032515083,576.1320343753762,608.1134103578776,562.2366447458954,541.7058916077668,600.9237029460078,596.6261632743723,571.9075323413314,559.5532202954943,542.3372246106892,576.5379640735129,558.4053849870439,575.8868317481554,527.5947631602965,604.7198509875881,549.8254909457656,533.1185744747171,533.9647240740699,559.0558138948292,559.9022828850582,575.8833947958402,544.3783975630184,549.7601158456218
43.64075139657339,54.802089304739575,62.71213098884678,33.38926657589714,86.28887046854125,16.130847276285014,52.88867625711811,76.60618061701045,54.40475788583865,29.698138810625498,38.079900169880254,37.78548427774622,42.94074069885164,49.86288131175901,53.888674583831694,0.0,37.919833344006584,67.59957153161399,68.94267023342375,26.895807029780233,49.8389720127566,44.9888779727624,61.56574874206804,46.51012340953406,73.0973494389219,872.343534757112,866.9014304502251,907.1276066556928,901.1186652144507,923.8414084233544,913.8841993175437,900.6575979180972,892.9293296855436,876.2707609882283,933.0761463061224,904.9653130145817,898.6933736791445,883.2407192622502,892.6024971023895,896.765968044307,936.111244881263,876.5870237785017,914.7078654256323,908.7906025710101,899.3504820671384,900.9530441387258,922.4876518915943,895.4637487933885,862.2069893300023,866.7616184503809,871.9491022378228,846.7738386557775,920.6870910617256,902.9864012895688,935.3071171645083,895.7467981865981,899.2152985077726,890.7733561881195,879.7460685267731,912.4695688146292,904.1947375609218,860.740699614603,887.7013987703479,861.704708717382,899.3195645712159,887.7091587376829,872.2376515855758,875.3740335702615,900.1136681364724,888.705988985721,902.0523210132336,883.4196737968127,881.1350411191721,884.7625699139925,909.4167978661885,617.234384324589,609.0784855991113,623.4388184354136,626.7751535875243,658.53183947611,614.0415077047219,592.5310346826037,652.7448697844907,648.0392078247141,623.0916422489493,610.4823287862595,592.5851154642278,627.8767516274204,609.3056106865017,627.0164315736854,579.281430574677,656.4768585417188,601.4964517778143,585.0947549675185,585.7238422999617,611.0966407668938,611.0718386887489,625.7867866455985,594.9452421327148,601.33074649675
20.554204915623092,41.44235778973844,52.862645836807395,52.56896412581879,58.46698566161287,52.65199115806005,20.43709561171205,80.93909683253064,22.852621365852293,20.79745938527808,48.591690047518576,16.203816571313446,32.838624004236465,36.2579667763433,16.68628248099115,37.919833344006584,0.0,43.63724536219264,64.70720414407074,30.703436403172816,48.71734013690269,18.37902346048182,67.33228289085783,31.59963802016429,71.08526126023834,835.374361065097,829.9666689439658,870.4245993084216,864.4117994591959,887.2861286108014,877.0296652945563,864.042923331594,856.3327657765171,839.2639000879132,896.3681449457569,868.3188709534105,861.9188368414146,846.2801623284619,855.8805233566972,860.3413954832155,899.1552710775459,840.3740038445505,878.5144845564715,872.068580342353,862.6007272430891,864.2572526226825,886.1548763227098,859.3607614856793,825.2269676487184,830.3572548874453,868.7357387440908,843.6851314762602,918.8690886712434,901.3290282654016,931.7952113020245,892.0751078053164,897.2656285723333,887.3663996913144,876.5584206295941,908.5779520268916,900.750388161435,856.5566815648475,884.0194324414553,860.1402032933921,895.945755099238,883.9428807682156,868.4404650929415,872.1542282920404,898.7002443591435,884.5341502996432,899.4663406751959,881.8185406202497,876.160800223921,881.065168435578,906.4300563474076,580.2429716234749,572.0945413834431,586.2970133533227,589.8871470427633,621.7544141861741,576.634601112397,555.553815725482,615.3340159648372,610.802176081508,585.9539797950217,573.4592489093611,555.8813484043555,590.6706453608465,572.2956942201957,589.9037099390879,541.9208451485175,619.0929621710345,564.1444640638456,547.6158945756815,548.3335715165146,573.5939594500263,573.9395002623156,589.2562990947544,558.0892720666319,564.0213786531084
25.350212309550113,18.21300754987855,23.539115216932856,57.345317437516535,19.250843695484384,75.74126549689473,24.58178968109935,56.60754593111943,22.062163560804834,38.015194576782754,47.260256711835616,31.664692669102664,26.587930868803404,20.190616527659063,46.28897780503274,67.59957153161399,43.63724536219264,0.0,36.08889434662705,42.49970592215065,34.049181802294356,25.889104686853496,49.34213711939989,21.794426552113407,42.638401272534885,811.187024203552,805.6313759093075,845.1096433067823,839.1156248121384,861.4094622194816,852.318479168208,838.3976423901798,830.6254402118932,815.2437313680892,871.0564611327011,842.7895833469654,836.8907308926366,822.0463638054174,830.6486619469683,834.0213942574858,874.8647956287795,813.3701467461144,851.4274440534261,846.826379291032,837.4735573165922,838.9184106728218,859.5117679986757,832.0049725724925,801.0959922882193,803.9868415130034,827.3831043611998,802.392811351966,878.0466660105159,860.583051799868,890.3029570154702,850.5413804768197,856.3995232628046,845.9322300071511,835.21171245611,866.9578913269395,859.2962858518088,814.8558432148305,842.4855616059687,819.4567132694474,854.5200097782032,842.378450317322,826.8719046486846,830.7974818131443,858.0596068296969,842.8252397962144,858.3415269132671,841.1070007610542,834.1842432381877,839.5270150820526,865.1458543789332,556.4391145051,548.2696749935261,563.2119414943948,565.6053255722452,596.9622503947966,555.074670714641,531.7264644133686,593.7306914302292,588.1795224535294,562.848401934488,549.8142851831095,530.8889892240717,567.9137147331601,548.5909140839088,566.6660335035776,520.1398075746105,597.3129333709272,542.26567814309,526.5963214147364,526.7240995246328,552.6889916331029,550.8273780401005,563.5552473054117,533.7201576655938,541.8888733954853
44.79095217804501,24.220687720091913,13.308947020267118,42.157141778510706,48.43522697422663,69.12638862706326,53.12970802557651,20.53902312695116,51.33156186302697,47.49601151618432,32.676249543255935,48.52545203293838,32.166363536791536,28.722545502524948,74.56075757040476,68.94267023342375,64.70720414407074,36.08889434662705,0.0,43.36401471599948,19.177899988009585,47.92545683932364,17.49002864985218,33.235091022362724,6.827965113925902,834.5957450643076,828.9350466054365,867.600784040715,861.6290957303183,883.4284394011255,875.2749737283652,860.632494781388,852.8200161008124,838.7732896240266,893.519305690504,865.1123122892693,859.618726080255,845.406008287672,853.2237743032343,855.7093318181758,898.118523336828,834.5085491221955,872.44465047346,869.3732000081209,860.1228621619863,861.3981925098993,880.8972460569918,852.8145028465578,824.560504253295,825.6728467784153,806.058606541604,780.9472010530834,855.6319198048184,838.0286081159566,869.266158223931,829.6113283711209,834.0739123107256,824.7801464671803,813.8717212112882,846.2212398794036,838.184028087241,794.3293781595596,821.5586318697374,796.7970323446899,833.3464375291594,821.5214917852778,806.0300503562879,809.4807411649948,835.3110043717596,822.3074058757912,836.5277961654614,818.4934366931079,814.3407417109694,818.6108906944412,843.6622016989339,580.6034425534262,572.440398235944,587.8775466042964,589.3916438697452,620.2841304887478,580.8090238381141,555.9414430178746,619.3458143753379,613.1107164467289,587.500346710575,574.1122052335213,554.2313690128575,592.7991827363082,572.8485608684334,591.2141299138968,545.8194304919235,622.8016247358818,567.8194883456567,552.7589604588974,552.4996652319654,578.8584590782538,575.5056870408602,586.2497745435934,557.5280600081542,567.2719907901055
22.456888609933056,28.051845753019098,35.92450104575336,22.185746858568404,61.69245228419818,33.251581527485634,34.6805857264275,54.7295811388482,35.153708962901,10.320262883349361,18.306569674389383,19.14535875168424,16.421017605407528,23.39230148011281,46.4120210560182,26.895807029780233,30.703436403172816,42.49970592215065,43.36401471599948,0.0,24.28887437261652,25.366059588884248,39.91462450158224,20.725440617255774,48.355715725770615,852.1453677209727,846.6340555229087,886.4068065860891,880.4064791282344,902.8622595221668,893.4431929583433,879.7846884557399,872.0279372335182,856.1508851865439,912.3570675382799,884.145739585446,878.1050424375237,863.0212691724772,871.919906461424,875.5845344178412,915.8670798322504,855.0963538291857,893.1784985450934,888.1034059293504,878.7163332968598,880.2211754271112,901.1588849871447,873.8141775562058,842.0347319911155,845.5577479367688,848.904631258941,823.7700679176598,898.1866254245188,880.5456913733944,912.1653900848272,872.5388187584908,876.6587105597979,867.661321015917,856.7128547252039,889.1852380906004,881.0717115475103,837.3407613297123,864.4880016393131,839.2917057215324,876.2215286799907,864.4651265774232,848.9791160438876,852.3279210821388,877.7694215217579,865.3163711419612,879.2504470435474,860.9970380920365,857.4631433233483,861.5429361773399,886.4648399889246,597.1975512216532,589.0311663775856,603.7341807541338,606.5201595890566,638.0456174776284,595.0465742747626,572.4807951151906,633.7378592963964,628.5531084973283,603.3774620310223,590.5177547934765,572.0051624831527,608.3250196686131,589.3134246161832,607.2416512821334,560.1746641339439,637.3872774832498,582.3492262704556,566.3463611864337,566.6988460419067,592.4096117761696,591.3529358660358,604.8881558140243,574.647997967275,582.0650034320471
30.789360698305394,16.02240152971201,15.369792999914353,26.204882973959077,51.68485884525463,51.18983542289281,41.828073537904494,32.23507135244915,40.738487950721876,29.59736223502755,15.679417248915897,32.762743659454664,16.318401160570545,16.84334640722858,61.02378929436954,49.8389720127566,48.71734013690269,34.049181802294356,19.177899988009585,24.28887437261652,0.0,34.37010360137547,19.08930444980432,19.77847218531338,24.107184567725678,843.461817086492,837.863976936494,877.0162896869984,871.0308230779085,893.1174308122269,884.417971530934,870.1950967495446,862.4046353801198,847.5663144411226,902.954578569805,874.624967561231,868.8947542704693,854.3032684358004,862.5884594842031,865.5812208348285,907.0862928706637,844.6808648619545,882.6886017916976,878.7565368043857,869.4451160740997,870.8194706823319,890.940791231522,863.1677336980639,833.3913085629397,835.5413407858829,824.7161244189328,799.5889794169382,874.101008513737,856.4739490208971,887.960214175212,848.3246419493378,852.5617254574191,843.4616031836854,832.5260027300794,864.9601398917493,856.870007066002,813.1017891526789,840.2732041988794,815.2278967178496,852.0238078661541,840.2459923593095,824.7582628708152,828.1390618001036,853.7198676366966,841.0781996054183,855.1039470042471,836.9301370433631,833.1961153559308,837.3273044105325,862.2909703285839,588.9563311200554,580.7871260442678,595.9142874330275,597.9813031831213,629.1639461213072,588.1374493229534,564.2558943331394,626.7630335054683,620.9812190372252,595.5457725569178,582.3794775682506,563.0806676657196,600.6949513733849,581.1408535903593,599.3269693428673,553.1769249440036,630.3048344030553,575.2672289730074,559.7863801820182,559.7936082778564,585.8867034591084,583.5312195331418,595.4918334103015,566.0956306778179,574.8340102637884
3.6474158308457043,23.89920422124402,35.37524575592261,46.52173436165662,42.613631120258276,56.31859352345258,9.327671907393144,65.76222822752668,9.925175084855276,16.415452495220727,39.338381718030845,7.2403092165438725,18.180949887012254,19.238572668024112,26.871671095472394,44.9888779727624,18.37902346048182,25.889104686853496,47.92545683932364,25.366059588884248,34.37010360137547,0.0,53.457344777329034,14.980319355428685,54.569143095266234,828.2457204756425,822.7683780205332,862.7812225577763,856.7758694738268,879.3842249602922,869.66818121228,856.2442510847367,848.5034800124049,832.2133361081494,888.7316739549644,860.5752042948567,854.40699504057,839.1326689908603,848.2726425570379,852.2264160969206,891.9932724209883,831.9334516529148,870.0425203630975,864.459412798232,855.0430050768467,856.6014300376057,877.8934480688392,850.7581291928161,818.1218516293186,822.2121166461428,850.4828415661375,825.4410478946684,900.7055099298534,883.1789073748599,913.5225833230098,873.7960085701549,879.0937736743259,869.1015953730871,858.3065618638465,890.2871414125503,882.4828611216452,838.254522513143,865.7401966874387,842.000536923408,877.6823292956358,865.6593673669598,850.1561556120596,853.9007651019259,880.5695384584179,866.2313111838855,881.250176518459,863.6742611982537,857.8263937807486,862.7852865850402,888.1883694354666,573.2005445687387,565.0382513423241,579.5858905790741,582.6305189154505,614.2776604058837,570.6100994853545,548.4873706691384,609.3100776159827,604.3137586616692,579.2333359440271,566.4859338213162,548.2805634416975,584.1111590993205,565.2944235921804,583.1248587637584,535.7759477573965,612.9908820316712,557.9687872610647,541.8177711139001,542.2701152688162,567.8629837486778,567.2095476786673,581.3448937960133,550.7761386367746,557.7308213943465
