0.0,61.09515946824829,62.08550512724753,133.03844032919713,79.45697301665085,123.22710844239442,148.72528869867307,138.4841151902409,146.02545048515807,149.269705293773,127.02525654716582,119.52980678535106,110.93122273549176,72.88952923480515,59.7317421944877,98.32366638563539,149.83274894879528,149.31051788967173,131.36780229405235,98.6644727955197,118.77370301959675,117.97714084213722,139.1057674491031,118.17484808838772,72.92154122831009,79.9113765061836,81.73798778289084,116.89371008816377,69.68153272114668,115.67038182758215,113.25294429776281,143.11075923115567,96.09552461670874,98.32246229561976,75.92881854502826,122.0248142730169,89.8938922890596,102.90485300793037,110.60919339941323,117.88789868840895,91.70453752968956,134.8978597621808,70.51448703432119,53.035209489516376,52.743284733977184,65.725362613777,83.7200378286716,82.65187321298878,78.41025095148511,124.76830967943911,431.15501633823925,438.3616522824585,398.50527212049155,371.7469982631225,398.1625930045352,366.5797415699419,384.79147002746754,402.10970665350385,427.00809728438037,409.3554534268201,424.0733056343584,403.6464898508845,409.3357296410714,437.5055252542042,435.1142614456018,425.4518468765713,443.1875299384334,393.89428738504324,408.0990146385991,438.68371641623787,396.5678540711139,429.2734144613103,369.0310232678097,440.5904806466283,404.60854452712846,371.0499329166058,393.06948094146554,350.09485508435523,369.80607801235476,439.7139913392395,442.09079274281146,430.76979424287214,354.3848922637056,428.351094570558,427.0457384248996,388.02511199924834,443.53710408356875,426.62587858531367,389.38017144502845,361.3433206511521,420.48567071644777,355.6015764613674,441.58002939319687,367.6688288774759,445.1649164379229,351.0638725512599,372.128227627129,442.7232372575208,354.76715394987883,379.7039975624056
61.09515946824829,0.0,602.5924327633686,1344.697928649616,327.90465320031,1282.0815751342684,1322.3741401828167,725.765850361345,851.9943714364406,1470.1982502806586,474.1622377839966,1234.6675688107023,1189.4448521641752,392.52848327887216,84.88991416355819,1107.884503736721,662.5833604100408,685.9146526647512,1335.3957058698804,384.7758441519817,1103.7373199619713,462.286312329514,1119.9628538722268,426.529140978873,870.2041172579442,806.9398533000686,811.5728829788221,577.8400933628525,906.2216312480667,784.2798627288945,1213.1102621918726,1382.0627654373661,878.3390256222864,268.7954293003467,896.6818868687371,1102.4359852916741,750.3277665290284,996.0283995725209,409.77629680324867,1170.7651010333113,676.5067035837894,1351.7521384544532,683.286589244119,346.23564019021137,721.2329911985357,887.363856572868,197.47867715055042,933.2705053035068,975.1135420289362,1295.902722265568,3030.191146383053,2809.764685594525,3188.354782983239,2815.184079167644,2883.186099905968,2987.317970694785,3112.1694550517627,2907.474601997649,2561.6856173276046,2701.00033180752,3331.93745604578,2777.549817828886,3292.1191551108,2679.947688935985,2626.1583652359886,2911.569018606582,2916.3936210424013,2628.172920524044,2722.3791297595517,3497.8238643211703,3121.6366336608826,2663.7593306177473,2850.097134116352,3013.3858312623993,2420.872979466191,2349.561395788415,2323.871722541918,2417.441356616032,2998.1375006928884,2672.278294760956,3501.7353499168803,3414.2331909549484,2630.732992167744,3155.5493393560637,2561.6730856009176,2540.8619696008686,3424.470793113124,2582.2643364664436,3137.4797771133813,2942.1610052678225,2998.9734864805005,2898.716367587589,3074.121302580569,2729.2872642737884,3414.315670585383,2174.389412025066,2672.232896555531,2691.0293875690654,2313.352864217241,3045.9997734393864
62.08550512724753,602.5924327633686,0.0,1150.0423731342212,879.4398844711792,878.7637872809037,1429.9766009601321,727.1476359508888,1396.130490553213,1090.3122576619007,1047.6578274205672,762.6716324797871,1011.7986544821424,880.0281779121194,653.8513378779289,727.8390713223057,979.7126271587365,1287.4818354191418,1130.1271709445723,976.4181332469873,505.9676419508823,759.902887378753,550.577711525228,823.4012420163718,385.2966730241759,982.4469916287572,996.7690761764657,1150.5162419712133,745.1808661823576,1226.853750507118,994.9468792592963,1294.4890635730794,1101.1422527241696,759.0983631039624,413.82753612765515,1265.3557644460577,194.68573518637606,403.1321451681227,723.1062380927056,1175.1354562190088,1066.6730402783655,894.8196409847393,927.5942128057859,756.187430720963,759.8775581968121,621.6525929465874,633.7409189649633,940.1820928498064,743.6437709012448,1054.4559138735028,3451.8617221040927,3404.7733610907576,2992.9647016449762,2224.548441848142,2360.4454106112917,2531.7451849616023,2830.4832522946044,2387.4089461312824,2995.59106912571,2479.5184648154914,2758.8324189570144,2397.8689281876923,2937.6413559970883,2898.2529055831587,2988.5310918106165,2554.1402249141865,2726.423640081936,2355.184139078052,3259.1545859681914,3086.477714644204,3073.059104092277,3263.326026610045,2247.8842562652435,3506.0713179938093,2744.711738078102,2270.7958792766312,2781.7179564813187,2878.7197266011676,2498.3537093125437,2969.0970584649076,2991.427620421002,2886.4971786777405,2069.8247143883536,3417.461415411348,3006.9451687903406,2337.499855943705,2827.253277268622,2874.076323305534,2643.0484155984486,2693.7309598352945,3377.7627234306515,2665.659108525009,2658.3127287975863,2994.5012713095152,3459.879545754315,2165.742234695677,2172.943208517222,3237.937974764306,2104.2037907625513,2502.6006584527663
133.03844032919713,1344.697928649616,1150.0423731342212,0.0,1336.7065663301948,492.83206962573126,672.0408370496879,1851.3234547243055,1572.6881203069693,442.2888311796921,1766.3732375360348,671.0916421646571,155.2935063137032,1228.0941683870349,1311.8723362061603,504.3956387753506,1979.8152580552048,1834.9963966040527,27.529134547087253,1485.847559012719,1123.2300028203983,1755.5024772917936,1452.8807767751073,1757.690582908802,824.9487645706123,745.3913600457763,758.4695276213986,1515.6039740856625,443.8857536666094,1243.9672360121015,155.50730639917893,253.65496745547136,814.7773845836798,1612.343283756614,806.7194089810786,724.3153736463443,1286.8146369536005,1071.4411849557982,1704.4959709970835,411.61949752183756,1099.2652819394793,628.5748432395162,863.8643555355575,1121.0803514434028,651.3085486506876,529.3636779254309,1516.2715456017079,487.8872999705641,408.9933732180274,124.90047611404044,2911.8072695275578,3532.627304169389,1863.1909630663733,2639.41872328738,3075.9638763584553,1804.4284368738918,1768.094362839261,3108.539310766614,3893.015975524776,3580.4986723266693,2502.181229167083,3372.632437954517,1974.1029935184213,3988.7660846393364,3970.844368356007,3547.9654856183897,3838.723970374711,3428.2906261879502,3073.9996918708416,2228.139320557587,1933.167593424843,3648.094486498598,2474.8288609180813,3152.226162382624,3762.3988536594716,3417.8295582223996,3645.8336521413626,2490.886236007937,1914.6312010083036,4009.2052546977297,2415.539586031917,2384.6768286376328,2678.613470746641,2569.1616876263856,3888.0194782791013,3449.7309226252783,2792.3974990600464,3917.646961026938,2030.4697035034226,1598.6337316254906,2746.780335141937,1557.9547441784944,3574.2066009943874,2179.9126843379095,2363.3737817547926,3315.2823428959523,2963.2615198800536,3905.361398874861,3218.264190103655,2099.353790003103
79.45697301665085,327.90465320031,879.4398844711792,1336.7065663301948,0.0,1393.2281108237485,1152.076382172651,1031.2139982040435,527.9238337137465,1555.2625630582527,458.56062919160763,1388.1219619735261,1187.603217893475,124.55410987731753,247.4222453860376,1222.1340253756919,868.6427035514455,507.4937710529901,1333.986457033724,149.65558891049966,1355.9479426256455,718.193738432447,1420.3071066201794,638.4902072010491,1064.0420173372752,662.9281350082975,660.3311614822499,271.90735526393917,937.4456719636999,478.03507794534386,1230.4912356803582,1312.6381193777852,690.8975041948237,472.29305781741056,1086.2992466328485,921.3500720740328,1048.8950611917803,1244.704759114889,671.9491795265474,1071.2510608663174,412.71556512842045,1488.8890139572952,523.3887454910578,218.61061849846703,686.0746647808087,975.6150815040075,479.5321602541796,866.4408281127153,1030.748174869517,1317.6653557796021,2707.3697541928955,2530.9953319564065,3114.7576885237486,3103.89554264354,3203.2002060917675,3078.072585725538,3088.8621879295406,3228.0496855157185,2573.646514615381,3006.833457734633,3524.395994985506,3103.877260815704,3310.738261802521,2832.4118359802505,2692.069382763175,3236.086210283097,3214.5273568464377,2943.244781936669,2400.3680612761427,3551.50291404264,2972.2056047988212,2448.9413134125966,3114.444531244066,2685.635730997864,2516.7112742688073,2624.5213868099695,2319.3413226580687,2090.6841882003005,3122.471396640998,2780.3839485153276,3630.1441788805146,3558.6783397339227,2939.031259687813,2873.409059151278,2563.8537204179447,2844.078329314035,3656.1941571834095,2694.998816104293,3256.028816551781,2902.2640138130046,2684.273851518573,2850.8176018556396,3401.8151259037345,2449.0804397907805,3216.675324043822,2430.670849068334,2995.9171943893475,2582.734484311576,2619.2706320000334,3208.063812324725
123.22710844239442,1282.0815751342684,878.7637872809037,492.83206962573126,1393.2281108237485,0.0,1114.248690919411,1604.9102878018798,1764.812937006353,212.30495057121348,1750.9073549501,188.4834684308171,465.6607950615483,1314.252378176829,1280.4921794981638,174.42992890766814,1830.9274905117004,1897.2426772692265,465.3285717483458,1537.862186155206,680.8358690564019,1603.5133641343336,1028.0648583592904,1639.1817498678972,494.5736965995047,984.3372747131068,1001.8252177738372,1629.2362222150007,503.3660284326669,1466.5720121494749,390.69420720773604,740.9520356424255,1094.1352524770273,1525.9917145419015,466.8793383997948,1094.5826267306004,955.987941098559,659.0088946084761,1558.6838921923058,816.5920147161944,1295.9039296789435,144.31372845833897,1053.3681389727715,1180.2646260241056,776.5551961125001,418.2696800247072,1409.3870725026597,742.9859307387101,394.00707274118207,369.3867421704315,3361.679901896694,3801.7527969613575,2156.9766223882016,2157.744189105135,2583.9598894165115,1705.2365167382236,1958.8963502065776,2616.6554257415364,3826.6472854567655,3171.7678753821338,2179.520514944731,2911.6462723763075,2060.2938893503674,3776.69220478121,3849.7174142292297,3090.9592278076243,3437.1488319852438,3003.4445987152117,3436.758477248478,2227.80302083087,2349.9163134434234,3823.396073005905,2017.1110504044348,3561.762549999694,3614.7170058146403,3070.7115422752045,3597.476597643218,2900.626243630574,1729.8014256290448,3844.1163645810793,2237.162175478305,2167.181127926067,2185.928147307862,3060.452933386373,3831.366215068597,3051.0341996370676,2401.4228095113695,3749.5335997632583,1864.9224636160238,1834.906554226775,3212.559593895172,1814.3480095773266,3099.2229141530133,2667.5918418880347,2820.0480534658855,3000.6051551784085,2475.808288009579,3961.015026352885,2823.3373787992637,1827.818305385597
148.72528869867307,1322.3741401828167,1429.9766009601321,672.0408370496879,1152.076382172651,1114.248690919411,0.0,1997.2040258814532,1150.8209271377907,1111.1760954635918,1608.5022626106359,1260.3914593547413,648.8690621436671,1027.626114915537,1255.0578142806132,1048.99560883404,1979.5369437247705,1562.014786986741,694.2992837400043,1277.2916350585026,1611.119769619101,1784.3739325751853,1885.6663413486697,1741.142998745837,1245.94621592354,515.5081818695675,510.98345348238513,1214.237797417088,744.5787358900975,831.8127098179674,725.4294609732124,441.3266577290085,461.1920169200889,1572.7422175254928,1241.3775808775113,231.20967288773787,1613.0631633082196,1527.3179835222872,1731.6145996328555,302.4708615614005,767.2120454379324,1258.4271098639372,643.4809869795149,991.3685735977779,675.8361558733309,908.3363589843054,1519.685935246614,493.8150486906058,815.9790514771424,769.5419254328152,2248.9403711130453,2942.5291455993292,2020.069861925268,3267.4748044025932,3633.011449538796,2379.7351396850354,2083.604518393532,3664.0711345257437,3683.013658286147,3902.1850202988076,3165.5782737945256,3810.833631140983,2392.655894308932,3979.7874537228663,3833.044372588764,3973.750523882663,4142.030047292261,3784.66031068159,2418.566967348905,2714.7433309626595,1820.142474391578,3149.310227616557,3129.3033998801207,2480.6488130839457,3666.9143130388898,3633.5189721856623,3418.5004730141923,1819.6933737482245,2533.4038051483853,3931.927019229859,3021.4404427339446,3010.91609527527,3262.486306732785,2010.7794526484106,3665.2557540756115,3755.054990497455,3464.4382982743246,3846.9189523643117,2636.9503719452737,1870.1265909938843,2099.6906382759594,1805.1224894315192,4049.3184375142596,1597.3153660467399,2092.9059161205446,3481.0617049408106,3491.3111753999565,3539.438742918657,3521.948813191651,2750.551504337325
138.4841151902409,725.765850361345,727.1476359508888,1851.3234547243055,1031.2139982040435,1604.9102878018798,1997.2040258814532,0.0,1515.0823296655385,1816.8553808262175,849.3530108610563,1477.9621457283965,1704.0607480551441,1115.4538765374016,809.5890119915349,1454.7176882255167,430.63717430081783,1155.2118885595262,1834.0257712609484,1023.6149666925969,1100.2473461192515,359.9836873806522,889.020980433553,479.6433323723829,1110.3893222497109,1489.614192719917,1497.94945476317,1226.964102705787,1419.3550417896533,1504.8674830969217,1699.1809342773845,1960.9385150543887,1579.5637646792925,590.778947477393,1138.335620745777,1791.823015895154,679.6032761612668,1036.7764784799456,385.90957554121394,1794.603916525181,1402.152147310174,1611.1046131895241,1382.5608964016842,1066.7864273092885,1336.9137951700768,1324.7765078919354,551.7373144275494,1547.9440287598168,1442.777632380784,1766.1469256818486,3732.967860701451,3275.089730540638,3709.190480616646,2477.042192079698,2362.863083143504,3223.9277140461345,3557.2697811476532,2381.99079187666,2360.797997270104,1976.8433393963803,3309.115987310596,2108.405704926008,3660.7001456693392,2171.878377210371,2303.5422392407568,2227.3226501158238,2190.639795185281,1913.600161801558,3337.921930324362,3794.9270309035865,3742.1048243496502,2969.6314604671993,2612.266517805403,3673.4876362639316,2044.1746488901217,1638.1530343399797,2174.8475958112276,3105.314354032898,3160.1704213637663,2256.786180258725,3637.796855488165,3514.4107503017744,2197.6655282344177,3880.242225670977,2382.3569714018968,1815.6447126614873,3280.982736751595,2160.929631177211,3307.748034897184,3417.7461868860123,3715.4648476422162,3387.615446005424,2425.6502263477028,3453.7734816116135,4083.2654918925023,1488.1603715993328,2122.462015547105,2750.125816937613,1589.142610615059,3114.6402377038507
146.02545048515807,851.9943714364406,1396.130490553213,1572.6881203069693,527.9238337137465,1764.812937006353,1150.8209271377907,1515.0823296655385,0.0,1889.6331615083513,739.3931347539751,1801.7083020846333,1446.584335118316,518.390710307931,774.5043734310933,1607.3548983007347,1258.001048466917,520.9385540430427,1578.8693207109998,492.3383725869611,1851.0026080983948,1170.0660321952118,1942.7376648661764,1064.7879592528654,1526.4530322360729,827.767498965753,814.2797968124939,288.122400624221,1266.0282078349537,333.1106098687756,1508.9186718251467,1463.9616615861469,768.0765645604059,925.5030179898145,1544.522510492563,942.7024536017125,1572.2513313376571,1739.4310021027745,1133.46491591437,1208.1629506488243,477.57122375015615,1882.169715273202,722.019931229978,652.499043089573,990.014970285589,1356.6665890494432,974.2889740710439,1089.1814040244833,1373.5125369129125,1593.4252639095466,2226.0770831802442,2053.282160047515,3169.280955269802,3615.0127326173674,3731.082312054822,3374.504088761516,3223.740990733842,3755.9651388759457,2577.9569300080393,3469.4201211052996,3939.647024522198,3613.22240521979,3503.788113618186,3049.7176642838754,2778.1459608833184,3739.2608041891003,3661.747856143494,3424.3989140056033,1872.4636272569899,3790.684079017578,2897.8778937945376,2077.768760743908,3605.3951758406965,2166.3270776327486,2654.8749262605897,3036.5456468279963,2306.8164175622624,1590.9553468783004,3460.97027263059,2930.0273856951612,3967.733054165912,3916.9675147097455,3462.9865249500763,2516.2809046404323,2552.812647914304,3302.6217604248973,4113.311712405175,2854.093296908162,3585.5008102286533,3015.829537081918,2234.213170230752,2953.1320883255557,3917.8020445205625,2104.4926976271636,3043.928258227337,2815.679154695254,3523.4225435359103,2389.4036034961428,3084.079119639864,3591.098284033229
149.269705293773,1470.1982502806586,1090.3122576619007,442.2888311796921,1555.2625630582527,212.30495057121348,1111.1760954635918,1816.8553808262175,1889.6331615083513,0.0,1933.41452534645,374.79837899516684,484.7843482080732,1467.101168082941,1462.1665302256506,371.44233938172454,2036.0087135253152,2062.3928740462334,418.1623737440746,1702.710793453055,871.6996634555727,1808.1424401771083,1221.062768831015,1839.5309595149379,706.6943503712173,1079.5993105595605,1095.9460093321768,1777.973832267859,628.1447631350467,1577.3689294157887,408.11059540365864,693.0978325665793,1176.4881632776912,1720.5891361259194,679.111714076554,1135.4026333951845,1167.4035183225706,861.3128154065204,1762.3553272809484,832.6614059778491,1413.5836756461968,264.22301732255215,1168.4526965023224,1338.3635741982266,902.7088721981993,586.602313752236,1606.570335410179,821.6486465854147,526.4620308255608,344.4554286098422,3354.081830159845,3904.481287466562,1953.6207493695179,2213.964573183689,2695.7991532729143,1524.607217695363,1747.0168988348642,2729.189383286885,4024.1636938679035,3361.6179608560906,2089.4720786528155,3073.981080685985,1851.0815937055315,3988.500969649634,4054.711271716487,3256.0386107157947,3629.0518166753245,3187.194792111323,3492.635283579161,2029.4245685556382,2179.227885291965,3961.7875422109582,2035.4682801855981,3587.7640556901856,3822.3123454647102,3275.866288758298,3791.763094082709,2925.919862258899,1575.2518570191748,4053.3398497171165,2083.2379523045734,2027.3492705772621,2282.6003888449113,2987.300040878619,4027.3265310207125,3244.4285597173193,2356.2748562056563,3958.9401045099225,1704.7042106330427,1625.8681483676721,3187.7164799283796,1607.359488959738,3247.2689227867486,2607.315514226269,2670.5833894348348,3209.918284352939,2604.7182326769516,4134.1875176589765,3018.2687298957985,1709.698864216139
127.02525654716582,474.1622377839966,1047.6578274205672,1766.3732375360348,458.56062919160763,1750.9073549501,1608.5022626106359,849.3530108610563,739.3931347539751,1933.41452534645,0.0,1708.6697528903542,1613.3150421008029,582.8352885413351,471.2658894454057,1576.4774713401039,523.9585787014865,305.8608433483059,1760.7451524990865,335.01216643405877,1553.5648106173699,489.67503714523355,1513.952378095192,369.742432425548,1343.277262017859,1120.7790649822985,1118.6141937239825,476.5292725679664,1343.6199817551867,865.7026974089524,1647.4422494855164,1762.8580592000192,1147.784640933259,307.23108199810935,1370.0688445894568,1377.3794029969197,1162.1959060912004,1449.9177865979866,471.91068996302334,1526.2491128196082,852.8811949231986,1824.8011700359402,981.4677161742252,653.8392563869495,1117.7090857259418,1347.1399179064897,423.61925662060764,1312.2599142980762,1424.2404852076165,1733.1233424663062,2955.0903918029976,2447.3181960303846,3569.4644285851027,3206.407528267382,3187.500119211302,3455.198838480954,3530.0124725143246,3208.6623580504183,2127.779565155545,2748.4234307349525,3799.0441739318903,2952.4932070271298,3734.0230105905366,2387.154425263833,2234.251310532835,3064.2649475910625,2931.7542407205806,2719.4980306883735,2493.578328621667,3955.099438525123,3428.3485645905166,2225.95231212218,3273.9285184619125,2847.4181961188624,2058.724675182848,2298.112083196151,1879.5174862158156,2309.8692704554733,3471.4450013602127,2323.4892030730052,3975.497864380396,3888.3743353328405,2980.805355575514,3239.357327779985,2121.722221081885,2579.6051783273147,3873.5803081310437,2238.8990645189533,3610.264486968579,3348.6648785147772,2972.7852736591494,3299.460753206008,3273.7676534496786,2821.2895996750735,3658.1430205834304,2076.565505680767,2956.4793214114143,2216.8889851313793,2366.2804586480893,3519.2320612137196
119.52980678535106,1234.6675688107023,762.6716324797871,671.0916421646571,1388.1219619735261,188.4834684308171,1260.3914593547413,1477.9621457283965,1801.7083020846333,374.79837899516684,1708.6697528903542,0.0,620.9887465679545,1323.282966711663,1245.4457909709483,218.8574458462671,1736.6432064976432,1881.863053905087,643.6223603191596,1526.6038893623968,497.94652295338096,1512.1209089955184,846.9884607201479,1559.8534708501913,383.38274881853914,1064.5462376722785,1082.5630243596283,1639.1344455140008,580.9696488521848,1521.9224425787622,552.134209686756,912.6151156565261,1182.7924816791956,1461.6746159682207,354.3734758525552,1214.729674300097,810.5856216023809,488.2282048544397,1470.6138890474465,958.4620441150549,1346.935240794408,133.14814294494582,1112.5012623983548,1184.6955748635405,833.8848828650753,450.4660685791498,1340.2636016959832,846.062308747288,476.72798093414025,546.2414217859489,3498.459344874269,3851.7692890498724,2328.2414629719756,2007.849225310786,2406.0950949736743,1774.5345161855762,2110.3423353031903,2438.5004555859273,3746.8223319834724,2989.345881106763,2142.0049427827653,2723.1632260221436,2184.196287291303,3647.2987155738097,3750.5562488961773,2902.5346056711496,3255.9105031409704,2818.334206086048,3529.207243980614,2323.8060902444035,2537.2251537971188,3834.8838436499163,1892.229085971652,3676.3025685403304,3507.271909830607,2902.720986386328,3525.082109153735,3017.326162827824,1764.686742966359,3729.992967356696,2267.233601218824,2181.1615207219047,2014.899014049501,3230.3722378091707,3755.0001484588665,2870.7079446400203,2322.5233500475333,3634.6982856107134,1905.481266083664,1997.0815202154636,3359.485843251719,1980.5863528410787,2911.699195106337,2832.7994673722787,3008.4098531452223,2841.799284290601,2292.5234095389333,3925.4947889862906,2644.0707371670633,1821.2478931803732
110.93122273549176,1189.4448521641752,1011.7986544821424,155.2935063137032,1187.603217893475,465.6607950615483,648.8690621436671,1704.0607480551441,1446.584335118316,484.7843482080732,1613.3150421008029,620.9887465679545,0.0,1081.4670097293601,1157.1478705023767,423.61331177766715,1825.2704550780643,1688.7242304972792,147.4308225401632,1337.0720732064015,1032.501711352272,1601.3660754265165,1349.1573445252634,1602.5923888331151,708.0264663582775,620.1313571554463,634.7774466710947,1374.61427727362,289.9448659944747,1122.4533812037548,78.23922624874066,307.3756529997555,703.600431582508,1457.051589431178,693.0756916367358,650.906838387839,1157.7441888438902,969.5878631469711,1550.2007658847372,354.63052859075276,969.9055187556202,609.6847049432944,729.2959774383787,970.8199478655217,501.5382720378673,390.7610358804921,1361.1693091746342,357.6344090771509,268.50711732081294,149.28729105086185,2897.3081269480904,3432.6186867516876,2015.5585079169475,2622.041433198868,3020.779622995665,1928.3280481822967,1923.1149212926377,3052.7652978504984,3739.2102957312345,3461.499954931018,2572.992540947338,3278.6416170158273,2123.7841005599003,3835.734343842729,3815.6009046878344,3451.118670113792,3716.951243211869,3315.5993945362197,3007.9280035677366,2369.228843404289,2062.4484553637903,3524.2858323775076,2480.7963185951485,3110.1413425183623,3607.1969052301374,3282.4062138851896,3492.8242907290646,2448.2527070567294,2021.4893666018777,3854.266391113067,2526.053291232448,2485.811569033886,2635.1194052832857,2611.5524075959725,3734.675233840224,3327.6133059349313,2837.017863832418,3762.796588527035,2142.2528236434764,1753.8397560193707,2746.949994357241,1712.7621438547346,3490.8855341732115,2212.0384686647517,2472.575367016668,3173.94304242745,2896.392746113738,3761.8586730003344,3095.382670801283,2184.777955397013
72.88952923480515,392.52848327887216,880.0281779121194,1228.0941683870349,124.55410987731753,1314.252378176829,1027.626114915537,1115.4538765374016,518.390710307931,1467.101168082941,582.8352885413351,1323.282966711663,1081.4670097293601,0.0,307.6567304733691,1146.282196299694,982.429188574575,607.2584509856315,1226.7062997886273,263.0250573467032,1334.0565301274094,819.8383487288964,1428.9811877720238,748.5745820131241,1019.9068153878658,540.0461459039057,536.8953536702808,316.1404172924467,842.6624428681813,391.85738576742705,1128.1355379687188,1194.1054088812816,566.4346726885993,579.5735985260654,1039.9722653037898,796.9987113127465,1060.4240537569963,1222.4196121466543,771.2459316434466,950.2290632832795,298.0118172742009,1417.3138290374022,400.3929259892269,140.03713686045182,581.230322077065,896.1639013727272,568.6427208392345,751.5316782573962,940.6958366662075,1215.4919254795013,2641.5435468420897,2558.4001641702484,2993.175014481094,3096.6266818193862,3228.005664643411,2985.720145165207,2973.1519758110135,3253.747441423711,2693.249535382659,3092.06596051554,3464.6915736483343,3163.6102278654325,3201.754061419386,2955.701026363674,2815.6586282707685,3300.407081523467,3304.805806268993,3020.7013756354067,2380.301406466261,3449.4223076531416,2847.730266589958,2512.7486854330637,3090.702795451423,2644.646620879315,2641.21093861385,2725.4600912199835,2437.3950311108097,2036.1847071343261,3039.5999558120657,2904.937720759312,3547.6687791352174,3481.411718630888,2949.3466074019007,2772.822848555568,2682.4013477006083,2931.0844738615633,3613.73697909754,2819.5316864618135,3171.169459037298,2784.463706873081,2606.633779173723,2732.0718303464737,3454.916135744334,2347.407305929659,3095.1586925429456,2537.653913504697,3027.7303622568597,2681.6948724828876,2704.3639997883224,3137.438338469088
59.7317421944877,84.88991416355819,653.8513378779289,1311.8723362061603,247.4222453860376,1280.4921794981638,1255.0578142806132,809.5890119915349,774.5043734310933,1462.1665302256506,471.2658894454057,1245.4457909709483,1157.1478705023767,307.6567304733691,0.0,1106.0957645076112,724.7315517859752,648.4586888998607,1304.1242215892555,322.6872858931853,1147.4147378124917,534.734065457991,1183.612096033066,486.478723953835,891.6193238583928,740.7944433139518,744.2336792026533,506.2324075534172,879.606008042049,699.3901179195224,1185.7536349847674,1335.2013187505147,805.7560177552891,320.0570194243826,916.8845696214079,1032.2903412660728,812.3917507088183,1037.946664262928,483.15659967460573,1116.2972657378616,593.4333567996449,1358.1532513399043,612.8385419889391,269.1988849067592,675.6048721957621,876.015038200892,272.1049387253371,883.7045845933394,955.7105809948049,1270.1820515466616,2945.8584362348033,2751.455018208985,3144.3497564087024,2874.9454625833105,2957.5041101249312,2984.1514889421123,3079.8369037616835,2982.1326163404206,2584.1710486957845,2785.386158430892,3358.6785995483606,2861.1693430604796,3270.2992939813857,2736.02251740049,2661.989666469988,2995.7856114680103,3000.0565226534623,2713.0496507227767,2646.4940152378854,3485.2049562658817,3061.306029204469,2625.4657865699314,2900.5687074761704,2932.6185002156417,2463.574149968166,2429.930198445961,2341.8120030741766,2334.335525464666,3004.3572457502582,2718.1927572308136,3509.547280906304,3426.6000333351076,2698.91269666443,3072.9162508297804,2581.7087176580067,2625.0063240751256,3463.884641265627,2629.1520588614326,3142.193107913838,2905.695205335515,2914.088481622435,2860.3246468987486,3156.606071199477,2646.7944044181713,3344.861484136281,2251.4918239859016,2748.929728726439,2682.6028225434434,2397.716503730884,3063.2646020300076
98.32366638563539,1107.884503736721,727.8390713223057,504.3956387753506,1222.1340253756919,174.42992890766814,1048.99560883404,1454.7176882255167,1607.3548983007347,371.44233938172454,1576.4774713401039,218.8574458462671,423.61331177766715,1146.282196299694,1106.0957645076112,0.0,1664.5783408103514,1724.8779261050067,478.24311229731734,1365.8511197767505,618.8399329359085,1436.7005703320908,951.4152792650501,1468.9978709542888,353.64812785906673,849.9472292399041,867.8695563630615,1462.0205047418267,364.60805851064384,1317.5984864704503,364.3434971053382,727.153306902589,966.4174067964263,1353.19243216486,329.14031973213133,996.2747526752842,826.1859074815236,570.614048163281,1390.9565843224427,746.526528355758,1144.2909191502308,274.8275606604375,905.4837179643657,1010.8363959563076,626.3771047026979,251.60809915045246,1237.509896270663,627.2799369961324,258.50424056040947,383.43123170859417,3281.6670975954125,3651.6687779783797,2276.6156924195766,2223.0059250118966,2597.9791839672207,1879.4882564924644,2102.6489716701294,2629.845198702915,3655.2221010141348,3088.057510426776,2332.4176931238667,2868.314739623823,2221.662441169289,3624.305592987109,3683.2692629721673,3043.579973843956,3349.4836343578568,2929.922922230966,3313.386208647653,2398.321377356151,2422.2714990034215,3657.9212545702358,2111.0765262847344,3457.511831929215,3451.3820630305427,2956.6194230838446,3424.850183375215,2798.4718881447047,1902.561671204464,3683.513604927125,2409.540952643316,2336.6985951506485,2216.5187838563697,3033.636480755042,3659.3174165004452,2961.4180501663595,2532.2970793604713,3589.309663740603,2038.3819427769008,1968.0728363474027,3145.966384134772,1942.462915439831,3072.7418606314814,2631.442152120167,2866.6910842335737,2874.325903468878,2472.925501318456,3786.971829879832,2731.3937620252555,1991.754171908398
149.83274894879528,662.5833604100408,979.7126271587365,1979.8152580552048,868.6427035514455,1830.9274905117004,1979.5369437247705,430.63717430081783,1258.001048466917,2036.0087135253152,523.9585787014865,1736.6432064976432,1825.2704550780643,982.429188574575,724.7315517859752,1664.5783408103514,0.0,812.0289609704048,1967.498007756997,800.9297248533495,1437.8702154335595,228.1416756108113,1283.5180956105955,238.40269312851055,1353.5342537349982,1465.523087405158,1468.8921817485727,981.9586466565556,1535.9726916135032,1336.2216687629916,1838.5524821370927,2038.3227142087621,1526.9259625741356,407.71935399879624,1382.5864807751411,1755.3904956367503,1005.933409019994,1355.2207614680497,276.49393182943186,1832.7322756012031,1279.6539172124494,1866.672905090518,1336.5320170582897,989.4864194235274,1379.3538179493928,1482.8653396115803,470.72591939603905,1593.166517482644,1587.5842792644821,1916.3617007074067,3478.6659053088206,2871.422490707856,3837.408610942028,2906.0797396950575,2782.5829008438864,3510.0326953926024,3736.5278372817747,2800.590117098436,2016.554817363914,2225.820723108266,3687.0154931373945,2463.0701675703403,3884.8895104498715,2019.457656669703,2018.8513187271865,2564.8682512928995,2407.8177911147404,2203.6544847001587,2998.102097068436,4056.223481585895,3784.095296043674,2541.353715554304,3031.6503683136593,3365.7984334748617,1790.2593559421387,1779.7236216516199,1808.204843516208,2833.8137427722627,3476.4553401363155,2030.9265200074897,3966.466899348203,3855.307133536958,2627.649308465149,3732.339769622348,2029.4895419103996,2056.5394960868616,3687.0399491761636,1938.6528733091172,3621.7233061918355,3576.9018146485723,3491.9996476904657,3537.7141433114143,2793.867939360753,3310.140910856377,4067.247845737088,1569.2406469944501,2536.8632435626687,2333.8533398839186,1845.068102199876,3463.9887476192175
149.31051788967173,685.9146526647512,1287.4818354191418,1834.9963966040527,507.4937710529901,1897.2426772692265,1562.014786986741,1155.2118885595262,520.9385540430427,2062.3928740462334,305.8608433483059,1881.863053905087,1688.7242304972792,607.2584509856315,648.4586888998607,1724.8779261050067,812.0289609704048,0.0,1833.8877382848991,359.8048107475586,1789.6455159769241,795.5025425797813,1785.5256130439116,675.5864385152487,1538.2890146372445,1124.992722366948,1118.0499598830875,347.77872893986586,1444.5213998782299,747.6686494077641,1734.6981955543183,1788.8237836989313,1117.8235634887135,596.9766855040561,1562.8973949922947,1334.5148058099526,1423.316135191324,1681.7145418726532,776.3706892137665,1538.0989576418697,797.9591534261797,1987.9029029083613,988.7598686731617,725.7026357744177,1188.1457528201695,1480.8357473144633,698.850906083658,1354.9775344995637,1538.2314611157456,1822.024533492257,2686.2322709646032,2152.975857467031,3568.934289390019,3482.932794128633,3487.605587957474,3585.545596361989,3571.239057414965,3509.2381760044395,2121.017269554174,3036.0503354029534,4005.934408775649,3257.0170821489187,3808.000818313507,2529.767769657891,2286.1106729263493,3367.007666354123,3211.296872563509,3015.250005886116,2190.6558420006177,4056.2093424391724,3362.321730423331,1978.289724818124,3532.5783994817884,2554.065039401524,2146.6356447877015,2562.6226081056675,1857.4124780699306,2034.7164666391745,3627.043024643374,2419.961930004154,4134.324055124607,4059.3277816388445,3271.309323399601,3034.7302084029316,2104.023983323733,2866.0865937627336,4109.895296310834,2341.802611322582,3761.54002369985,3377.4427175812425,2721.42733469003,3322.0367405617008,3579.270324431235,2624.7081934234384,3543.8301227150555,2327.5716652120964,3258.941704867715,2075.880418999986,2656.6066761168936,3703.0063768824384
131.36780229405235,1335.3957058698804,1130.1271709445723,27.529134547087253,1333.986457033724,465.3285717483458,694.2992837400043,1834.0257712609484,1578.8693207109998,418.1623737440746,1760.7451524990865,643.6223603191596,147.4308225401632,1226.7062997886273,1304.1242215892555,478.24311229731734,1967.498007756997,1833.8877382848991,0.0,1483.3405380794463,1097.006425389751,1742.6561969765237,1427.522975778993,1746.5527865588062,801.4768004336,751.135160120566,764.6504053659088,1516.8103612868583,431.8040613526181,1251.2341822602637,135.33489464077874,280.07805506763805,824.0588262174347,1602.562635875138,782.8546823822995,740.3299654757661,1264.8370917757975,1046.092502010034,1691.862193168996,428.5470859240746,1104.2606611379517,601.2885628755151,867.0450638073303,1117.608808305119,647.9893534128865,510.5319142509815,1505.1845449021537,491.57575082396227,391.248161433712,97.51473006725183,2936.0496167084566,3545.3835054954893,1878.3758252664354,2612.6501084224046,3048.4364827671297,1796.5700487719887,1776.788939259215,3081.0132913409593,3886.56292693419,3556.5155680398825,2483.519396502374,3346.2838382024884,1976.9274544088855,3974.6034595458877,3961.46536374392,3521.79959782183,3815.1122312562684,3403.546297158692,3092.4777224189133,2226.3950944299568,1956.164548810575,3655.2499121175933,2449.3148483501122,3173.781569817338,3751.5249680430743,3396.727910626593,3640.255055607414,2512.282667073306,1902.4418760262333,3997.5052666592023,2404.307192900121,2371.354124094886,2651.141250984289,2596.4670106989524,3882.0945820567667,3426.192953604846,2770.3770115148172,3905.7550409984497,2019.4603758502608,1609.829204335186,2772.1252998771383,1570.3404512698958,3547.280960265932,2206.8881478497065,2388.951009917609,3295.7223950839125,2935.852818653949,3905.6984013035694,3194.8564164420995,2082.961285685875
98.6644727955197,384.7758441519817,976.4181332469873,1485.847559012719,149.65558891049966,1537.862186155206,1277.2916350585026,1023.6149666925969,492.3383725869611,1702.710793453055,335.01216643405877,1526.6038893623968,1337.0720732064015,263.0250573467032,322.6872858931853,1365.8511197767505,800.9297248533495,359.8048107475586,1483.3405380794463,0.0,1466.7990578479717,684.4389912164683,1503.9120345025426,586.9069313171051,1192.226144249999,801.5070291189548,797.4863215138113,204.8884835460015,1086.6238767691711,539.8723977992092,1380.1467402699068,1457.1124805075651,818.042177674811,436.5718968710969,1215.6839180782895,1046.0953899990639,1133.3669332782217,1356.5561815606081,644.8520827456971,1212.8685945194693,517.9878375887808,1630.3597702386123,661.9997883773424,368.0848485711988,835.5343782792496,1121.127896367886,482.79213535554993,1013.3346474112403,1179.04522246267,1467.3188542448524,2711.6217783797183,2428.792005686395,3255.1864573268963,3197.1612393639616,3263.605190487609,3226.2055697974874,3235.5535026408206,3287.4146257008892,2430.441166735118,2986.2059882439285,3657.817075405499,3121.338982115862,3459.9416723054374,2721.834405550336,2558.0236300444008,3246.9226233209997,3184.948814759417,2935.230225664063,2347.8092168981893,3701.115973606009,3096.017093166012,2317.1533302853927,3222.18287929431,2657.2355062368597,2390.0280597421443,2576.272041417044,2174.3702290546867,2081.7008645768215,3267.607214497257,2656.3027103545396,3775.0219107190933,3701.388085164025,3015.4119548129647,2931.8384040376345,2419.391808684477,2820.815064833798,3778.045593562397,2572.3919943478304,3401.8660959682256,3047.4247863400788,2705.6236471296475,2995.0966053170755,3427.631678138384,2510.355636941387,3323.4332920185752,2370.170306398893,3048.73741275641,2433.7420345683336,2599.747275444939,3347.708034724019
118.77370301959675,1103.7373199619713,505.9676419508823,1123.2300028203983,1355.9479426256455,680.8358690564019,1611.119769619101,1100.2473461192515,1851.0026080983948,871.6996634555727,1553.5648106173699,497.94652295338096,1032.501711352272,1334.0565301274094,1147.4147378124917,618.8399329359085,1437.8702154335595,1789.6455159769241,1097.006425389751,1466.7990578479717,0.0,1232.969633702412,349.3961721873228,1311.65353022688,374.37570851675963,1275.912243338989,1293.2494024915852,1627.3548658556106,867.0891932606696,1634.716370676832,980.5534478672446,1339.6850729929379,1402.433705343133,1262.2098894668238,373.0708397140683,1505.7149535028084,432.2414700675467,111.64311480465129,1203.534820410853,1315.7963667035854,1461.835925284831,613.5598656459039,1269.6317134881335,1198.5214659577218,1026.1369957096886,703.0089988874013,1137.3487060066075,1132.710769840618,800.1972228395966,1001.5679191864789,3780.382250004764,3886.6849240264346,2822.8777292079453,1772.575790542532,2027.358214113289,2133.7014902474352,2587.226817216507,2057.668564458146,3446.683684935192,2491.5763576604263,2260.6617846986883,2249.538763452903,2625.074021299644,3232.1991394831193,3403.769875428877,2424.8074312778353,2757.964038474131,2322.876895230402,3683.956014931343,2719.5671503673166,3028.5157617031914,3767.242562478406,1758.6323569124925,3891.745965732076,3142.724517990862,2416.5733511612825,3245.388210946433,3246.370523459233,2059.9743469330565,3348.502310645813,2539.030424075766,2420.544318192686,1680.8358317521793,3619.2989257493364,3463.279868029781,2372.861555430779,2321.7823361030532,3252.154919501409,2207.663791099768,2485.0778150761867,3673.176977989403,2471.996654206214,2458.5830811994274,3208.3133003469766,3484.4326002148127,2370.6597409956166,1880.211088761647,3734.726756043694,2146.576332366133,2026.4678779732797
