0.0,809.0607526185519,309.9563769445613,794.2302944728353,479.3048773750197,478.0715489434306,300.8098147958788,426.26893065468215,419.73150714816626,508.03725943455083,529.9750157036802,913.0164986033889,793.2714778279266,206.76490323324566,353.5123463056514,102.46266983169221,592.4651040046006,743.014188364009,404.14102041413304,353.0427330060399,298.72445232522375,588.2627787782734,370.53780186012085,449.3467197061318,199.24580533145473,117.45129129658574,171.94323642474183,689.8773616692936,197.42656900163468,303.5281623564039,55.44033722469892,85.85285729972762,730.5967897396204,755.2038603520991,724.5768439156125,212.72958727132016,223.68536078251825,255.5305958786604,383.5148373901428,539.4521464337322,693.7953791643122,377.2168222873131,271.61979834733006,487.81138978365817,950.8341808127406,600.4295037641327,120.58695082223025,491.196847401773,803.2162248158023,163.80709257633555,699.7425129463809,298.5789561102284,767.1873112805766,364.00409333100873,671.1909399941248,271.9320425258067,218.7415792900983,618.8244696392468,858.7978817301359,592.6489378263204,551.4171512240761,325.8339028332855,395.37350221322976,291.72454345485403,615.8702123500881,410.16080538680023,471.46932888732806,220.2017110026286,520.5324857415033,877.6542354219259,48.13719565231628,535.7926062059166,224.29247226397956,371.2795643574524,232.18017427413233,1006.517220681035,397.5306083333332,987.2085478283587,430.6641501943711,481.6114474637156,764.3147364662278,759.0947819882421,186.75154316674158,552.4259031953916,272.333076779477,163.27470491407206,834.6045496202951,209.13017541054637,300.30634929488593,235.15428076298417,583.6705802198121,751.5187408043356,865.9671781198192,708.9467065192401,267.0923288112904,689.1347864859238,360.03422592967945,275.94344470225684,517.1934858884381,898.749395611514
809.0607526185519,0.0,1087.50860618792,201.86571791326773,584.66632724257,693.8277332720231,981.7269920290695,485.0738758070538,799.1401253741473,572.3197327430239,283.05136482548124,218.52037564949308,287.4627550496137,767.6438068172015,528.4674454813737,827.8616694421461,828.1016708289446,412.0902981886929,571.2945161959802,907.4322505669724,1073.8819629952702,326.57352295584906,855.8291325819159,743.3743731890299,1002.1403422704714,755.9610683998085,638.7821141944617,715.5077731532423,628.442692227232,508.7405366015217,839.8373609253216,893.4997059999444,104.87831554171284,163.74328482408708,131.49799319211982,596.8734636726201,601.6948879797305,620.0232266797329,791.6806124322708,609.6079631660699,805.9900244504188,555.5917162671739,541.1251047320281,730.1207647041925,209.08033138863254,738.9175595960425,740.097922810681,818.5925400884219,192.5490072672436,862.9898602282517,768.834862232317,1104.854097983079,208.29054548967827,490.0438966793984,214.96961715959029,1061.391328665965,612.4968940304566,330.20313505389095,129.20908019348212,373.82623116253643,341.41861778304843,491.38667086587583,577.5930307170748,627.7928399481214,193.78727749145023,848.7070248871224,494.79001028929423,785.2464641631518,570.3112841921713,91.3166006042308,834.3693437419581,282.61080285668345,587.70247044979,438.7400165198537,778.8623787315192,203.1709839703176,472.407797927632,201.56693116390375,656.406840606569,644.3669097718897,118.5129361099137,502.0924680425105,970.9825679287712,298.72680198147634,762.5952156412419,747.9039463972816,126.09248272461903,646.392963516122,894.7325557436741,800.6767102853076,700.0340086845813,299.24802630295403,115.08628758313836,409.6086836374998,1063.0136250400167,157.4255351202136,718.1891739121982,584.9424621569211,545.6818137382677,143.278150053172
309.9563769445613,1087.50860618792,0.0,1036.9620446284305,630.0462855180863,765.4063575720618,172.51252588334717,736.189853740844,680.0156538795425,659.4699354626281,819.2877332333604,1211.9844119288434,1099.9117067609138,335.9510547898674,663.4105056048079,363.183879569339,853.5272995453321,933.7285464351345,581.094063625857,308.6820167556275,14.042959063581902,820.683836116285,369.9729456597138,725.8186497024503,225.1670656432762,331.70383879665314,458.3379633989202,771.5514086665081,459.8972867792398,600.1584727332563,313.3730671506388,252.1288566026861,1019.3985680527471,1052.897211125344,1017.1563960521025,508.7358573333907,486.23459289545957,474.364585277831,430.12262550496445,839.3289323121173,966.8589992713877,572.8600331532391,549.6394290987166,562.0504996424083,1245.9331514236567,881.454645109271,424.7345501920991,748.4324531083641,1047.8332716346074,227.85220138136995,980.052547489911,113.36305763657508,1009.2252698445858,672.0126880641968,921.4053787527334,46.52484464611345,475.0666069715377,844.070335845996,1151.5575086469062,808.0673004016446,787.785164891903,596.5332303955526,701.9990447583551,598.1570802195262,899.0718983825177,412.9480346692875,781.0710796210353,490.26500385483484,824.6825099284276,1163.425254793194,268.9594952110897,805.6652338058379,505.283143348743,652.4709326601953,503.95200065491605,1289.4394840086072,631.2673487591529,1275.783969000137,553.8964684295236,777.389076101449,1057.3128343328585,922.4075906277371,123.65152252673441,805.6029162589216,371.4593595261772,456.69194435990073,1092.6524025021458,518.8551506820597,511.6513800854643,318.1895590542821,669.4580773691762,972.7087760524201,1128.0733490169398,1018.9025750684674,65.03173490116357,982.3955580990047,644.1231901611094,585.8769845352751,823.4318702363801,1190.2191738043393
794.2302944728353,201.86571791326773,1036.9620446284305,0.0,457.40917932740217,799.4464447352784,907.1236098343641,569.1505500579195,885.2408069249555,437.4724681628854,337.065706408013,418.6590886743986,478.2572142198795,702.4088535569283,589.9179188651682,837.153353759063,948.0442696345324,219.7084299434025,470.4553016307794,811.2767626141049,1022.9432230664141,216.74102432154626,752.1090287848962,839.8626597609195,993.4205919840823,715.881815207325,624.0845276976826,539.7917467982153,598.4308017003113,522.3905584733066,835.336183537117,879.9403584557564,267.2048610571453,347.7434696748659,297.427207513841,595.4618870539848,571.4631121693626,563.9651250260587,682.619367262638,732.7967677716629,947.2587570802101,468.35162623226745,525.4365123565216,595.9313031659044,400.35890295334923,868.0116769657266,753.2051862110579,918.6077836857756,13.428323521260673,809.2585763406685,914.4619342301148,1074.5234323688505,27.737586668375435,544.7851013990635,124.66886569550296,1018.4652188605551,578.389423509935,198.28215697473627,330.4730315219359,240.70204422357725,249.26717401205167,470.0690694971593,661.4842797697636,682.6673242541011,261.01884388855257,735.6595522472763,597.2343575184633,825.6160290322146,689.6241374026858,281.44668500749424,808.7067058873735,274.57669255564343,571.9634611513694,436.4811252741862,822.3861613908906,344.64177135564734,406.7551859471258,369.21283933207667,537.8576408122041,752.6355755188303,304.53985850651674,308.2579842611308,930.7285132298304,242.2677712736578,680.7618837328442,773.9014454428161,91.87008278823026,673.9247552066254,944.5037852499198,727.4351206642193,544.055348324101,106.99345891763333,130.97380559450258,578.5922830358364,1024.1115697189052,304.3340808349557,794.8057456383008,625.5676420506278,664.1387288243402,338.119075202986
479.3048773750197,584.66632724257,630.0462855180863,457.40917932740217,0.0,756.1182572318079,476.1785728264407,552.9192489439768,775.9550893407951,29.987617038182034,427.01674662801963,778.1192332667168,743.5217565929668,306.01857008856524,514.6326748542266,564.1842990323951,911.5126054416887,307.3535756120963,82.25059910410343,362.69907828228537,616.2922527878142,258.71504026721743,299.66567443179014,765.1102677259803,659.8321391769488,366.2717798326906,361.05660464563454,236.45595038400407,311.3133323511777,378.9334290123718,533.6067944084498,552.0795521010366,566.4833012821921,636.7554508850799,581.6457918133505,376.23304785914786,297.23860792471555,231.68253610836172,228.57804540184168,749.2352388141495,968.4926005048158,120.87211231592053,313.1597233630932,145.63417277666971,787.2483323764716,869.5387932394825,508.59126083598096,836.7295340530561,470.36337565070556,416.9405852379408,953.1417743820633,695.6708635922076,431.49099193621686,477.65180063478516,373.08687067353617,623.8457675255618,291.363985932599,263.0469426173589,693.7514205891099,218.50944020260417,244.85090626287996,286.5279396279164,607.1681819400563,554.7994958826662,453.0615777496891,279.0352838777464,609.0983106957098,623.4968873588286,708.5982203586417,675.3006323120159,468.8771671567145,345.8189601791534,331.6168386810852,324.86328051201957,628.1248825344278,778.0971408455794,185.66294013546417,785.7080264758315,82.59990898482211,727.4254229858385,615.8909723279085,293.5410845941435,547.5891880421342,296.9926509405279,258.93460078268674,552.3901320418096,536.0355938432242,487.23001553016906,739.8722379474096,313.1706733513516,152.34868754746856,368.67280668711595,576.5158370353597,753.7663026022517,635.2942570918818,557.8661152100359,683.4158444297129,487.8533786185198,688.8397867575507,721.491267612128
478.0715489434306,693.8277332720231,765.4063575720618,799.4464447352784,756.1182572318079,0.0,778.2904383831767,234.32620591192466,129.67373539862396,773.7421819991166,464.4889199941527,674.0490109436472,510.63068637386874,630.9042620121458,244.82204396002797,402.7151874606735,158.27909158523389,877.3901107764503,677.3897633428987,808.9286563260595,757.0894201348425,682.1693585726827,805.535745114619,60.47131326530569,564.5086665847616,543.2973854389511,436.71225234704826,991.9253613810608,482.9188191858695,377.4443889382084,455.940097585166,514.250296389258,589.1151338228711,556.5575526397704,564.9282878801208,397.1424526254117,482.1370031135991,559.451182831116,789.069147868886,106.4600574032366,222.9840743312912,637.2201008630013,445.48202211507527,843.2475863708044,729.4887048411252,124.42702941257896,358.74649411992715,125.3906089040013,801.1320066692602,636.2318290618996,222.62976361956834,709.1632620306422,780.988097959464,287.8016700844639,690.0004969043629,720.67336094274,494.00712394590033,718.2659767564783,666.2462139873055,722.4675391588502,650.5298444916639,470.5709920185719,152.58777697503857,212.66382539457027,539.7032304633909,834.5353870464261,202.84160869927757,275.6099756103477,130.1499129928589,716.1582154643085,526.202001385738,546.8291417032545,440.1342833303825,445.3572438468487,261.90468957648363,836.0379867312113,579.4486333846266,794.1491578789473,757.1704225482639,49.74454639637978,591.5796434086036,937.6767191499556,651.4193270097164,607.5769125490029,683.5876937088287,315.3458049010247,785.8512091503608,301.0310415341975,303.4731536676607,672.099608944133,903.9602964006754,820.8281930170804,797.4597583985666,366.5737899858701,708.0309865082883,536.4113826608607,121.28819219847826,272.7292805681178,151.7555877418958,705.5818922013167
300.8098147958788,981.7269920290695,172.51252588334717,907.1236098343641,476.1785728264407,778.2904383831767,0.0,696.439964857455,717.7285060069547,504.5360958658144,731.2907404570681,1128.6236861631369,1034.7647030246558,214.75205675938102,625.4366653386289,390.19677102530426,891.6945307751197,783.3337992792265,438.9426472193953,136.24219042008733,161.15056119862538,690.8787320012941,198.8630159614271,750.0470442569466,328.33209455982825,257.226772090598,393.4243527434203,600.9217516293867,376.3689547450142,531.8599392278868,332.92094602884686,289.5409529844923,925.4539322070704,969.9938643710882,927.807214945568,447.3800648109581,398.6885158434444,362.67040597327815,262.72483056974863,834.163997402026,994.5711216581298,438.9152373775559,466.3088736620708,393.8118444470545,1156.2301847267918,901.09589940676,419.58509260719387,789.0522206457844,918.8406691064511,145.7675598571313,1000.3456745008388,272.75863508481007,879.5577983160812,622.0695445605622,798.5333355752305,188.74539273077463,385.01589416665513,709.9428377199763,1060.0364934246102,670.5509516036908,661.241664189147,503.1005716446462,684.1419167625509,583.2123548748432,802.0999011294559,240.92549541535107,748.512569839861,517.911443087705,811.1608692605645,1063.552463559821,252.78431475955142,700.0478178652406,429.296633270839,563.9284940252102,530.5896357210224,1184.8867036263555,511.3208817040228,1177.4427585957812,396.18022231639816,779.3075947277223,967.7108439208104,764.0030788197573,168.30418607427868,688.2169318271776,226.45596622346793,464.07497654846253,971.0397579510878,493.92603481097996,575.921892680844,181.5886339299413,500.5167002115489,833.4449386227078,1008.6116360746154,975.3090286888217,208.30603687429877,894.6649174181221,660.8306826876789,551.9174043628155,804.6093867453542,1096.4841633520368
426.26893065468215,485.0738758070538,736.189853740844,569.1505500579195,552.9192489439768,234.32620591192466,696.439964857455,0.0,318.19533501725357,566.1177395987976,232.26734065752584,518.8120894915671,377.57320948623624,506.6779918793408,72.80270874008103,398.70584269850997,390.1563374506166,644.3427399786107,480.5344388352157,688.4058722067259,724.7945896556206,449.32000584395496,667.816800339855,270.7878237054928,583.8012598777968,439.6478410899093,305.6027694982509,783.5450283297703,336.0734682775339,187.79761732359194,432.45321435604495,494.83986328063736,383.8725782598539,373.9460235163483,365.15264775084324,252.5498276516064,323.5448261195227,394.3530836328508,634.3849567809392,197.95250528534945,422.1264070963564,441.15540387824825,266.05984200298303,660.5644149514314,566.4816702581401,326.9431962076018,317.84486038638215,349.7163110362303,571.7295118230797,551.508823747105,402.47250779651307,713.936511751111,549.4868455311272,81.27393629064143,456.6966697789864,697.7647420875841,337.8865448058327,485.13343113764773,486.37696632188624,491.75988377628283,418.9041724134368,270.3237096406718,93.65089546342493,158.200744127424,313.17565148401246,687.3289035906497,58.104009127199596,318.01182842974663,155.96228184841922,524.8425007941528,468.44865654603814,312.5117007441728,282.61647654797054,228.81970797633704,308.7922176064605,652.5721603561834,368.4243118601577,619.2967407945724,570.2493067317226,191.89254590509842,398.9296685426662,707.4901008165049,612.758472797815,373.853836676818,543.7761583534555,302.99672821272594,563.5847604904462,218.47269482587674,415.55670603965086,549.7119521916694,704.8228579474983,586.620340634716,579.7924574716038,282.84530307513023,691.5075377706132,331.95795852660257,233.2884150560837,150.32736083986404,136.01084912861106,527.6480879034514
419.73150714816626,799.1401253741473,680.0156538795425,885.2408069249555,775.9550893407951,129.67373539862396,717.7285060069547,318.19533501725357,0.0,797.3249498903623,548.4276545894335,796.8732905494177,635.6299098657796,600.5237536331442,299.50237756142076,328.28032389900807,174.7697297655071,937.5252749178549,694.2606043161724,768.577093657411,673.3227213893157,744.1107200222503,775.6471128767552,69.29540715764281,466.1655966385832,507.0533308190637,426.9574373139242,1011.7928677323401,477.2911183233926,410.63052327939477,385.2670123959474,436.3859021353429,695.6789858970345,671.5475335912344,673.7904413951878,400.6353241814026,483.80405521624346,559.0468804798463,770.6278743186183,236.0069265389085,287.5130951749796,655.0831435071931,464.0850520663809,843.2448033490356,851.0638829894366,210.90465407558074,311.2560759148164,71.46743385040776,888.4397293425542,583.4166285771313,305.00033694694423,611.2288351649673,864.469188017858,345.8778002737676,769.0737414411242,633.9422705394481,493.02199807755613,780.6552341624548,783.0595207960141,777.9524091412476,709.5483689327152,501.5259898994962,224.63764050601574,224.82152429062748,631.3305470704399,809.7225970689499,305.14068242020295,199.93233729765663,254.99990223156504,829.4864947948739,466.61180833158244,619.6158733376044,445.56730196288606,491.71644793385116,187.59024883307944,952.6871986438176,613.0728821446752,913.1653842288387,763.0756807786449,173.5878068077832,703.5217134516935,988.9831154287615,574.6231972011971,674.278110623648,659.8633227729679,261.35471071417936,881.745572732826,290.76752466978314,185.32307623828373,638.4325293381427,916.3905764957849,893.8438874131742,897.2618584174008,494.6600395712567,618.9537879724112,642.923234782137,95.48855861683917,292.9795219235899,273.33978793956027,823.2328586316643
508.03725943455083,572.3197327430239,659.4699354626281,437.4724681628854,29.987617038182034,773.7421819991166,504.5360958658144,566.1177395987976,797.3249498903623,0.0,428.8780989243169,769.8764910344615,741.6548301080101,336.0060119668132,530.8652642337348,591.811745337583,929.9321698475622,279.8178065565041,107.22439216214806,388.9666335590222,645.7418838732473,245.7608512259236,325.09783743717236,784.5599982559339,689.501365694407,395.57243114598754,386.1717270124891,218.4159972927935,336.9714001909191,396.3088234483371,562.1397223383987,581.438341825215,559.286965773518,631.6977530403788,575.7887785349266,398.87193398942213,321.70406978528365,258.5427400185268,253.76405091134671,763.3109640106902,984.0645178789973,143.5219687891504,333.4747191375568,159.5241999428736,776.8626297841535,885.5608860460575,534.5830828544699,857.0861194009639,450.5858597885261,446.90435504721796,967.6187666749419,725.6083700451344,412.10438692055794,492.50715577920465,358.8803136921122,653.609304468114,316.57002249373613,246.34477654427383,684.3622110028983,201.5465231790381,235.94837274378068,303.20951584832966,623.6985872400239,574.9742910715626,448.9449210435675,302.162128565456,621.5518158980522,648.3892785069248,722.0552680580801,663.3568932040084,498.30257680706325,343.8129446581002,354.605235465756,337.33821883103883,652.6724177670108,763.1124048060105,197.69566592311418,772.6089082063482,109.0491281248176,743.725597269555,608.9587723719235,263.6892664956434,577.5520277967722,290.8990719926428,288.58299882637783,577.6460723085223,518.2889530793212,509.8710819888238,765.5896094228976,342.913798738697,144.97434968327516,345.73086838728636,558.979078767663,757.994787809633,665.1492154501093,553.4222504987846,704.1436062926525,507.5401398565572,701.6962466832954,710.8469620598848
529.9750157036802,283.05136482548124,819.2877332333604,337.065706408013,427.01674662801963,464.4889199941527,731.2907404570681,232.26734065752584,548.4276545894335,428.8780989243169,0.0,397.3370705019981,322.4606056976131,517.6623115646927,256.7105636049532,544.8422063684847,616.6544811293713,429.2586148018244,378.71081100575776,679.1787054008489,806.0545184581824,241.40585374930546,638.3587147588329,503.05496725962,720.371606342137,488.95606925159746,362.8604270302688,629.7084912559598,360.70512384668075,227.10409560296472,558.12881525528,613.2780275738328,200.94915365141992,238.90727772358872,198.07291763703356,317.2661307385147,335.5605483542271,372.0445838990602,584.6262570956026,407.23585286288176,629.869326621447,348.57213555574964,269.95418079250544,563.1601761396217,427.1956593985307,542.9064226172254,457.05912954286646,581.9600089995279,340.02363852912066,601.0303777420899,602.0844828988348,827.8183466425758,317.22354264989036,213.81271726365856,225.75788469897694,789.7619065993085,348.224554772618,273.65885059783153,332.2984072949619,292.7480940961823,220.66658449043555,228.19576208573855,324.4255051652868,353.5929304979539,90.62676952121618,642.7155544401636,264.66232841291463,506.5182846227384,362.9719344401926,347.6794363738293,558.5931744833725,96.82789242817216,314.1028554544697,168.09447008599227,501.16068679116086,476.74614193929204,256.8103650526858,457.8730193098501,475.0088954129095,419.03872420363876,238.2490738017216,502.68862531758856,699.3216197136508,163.9663601569383,527.7081922619452,465.6603411368691,338.54355945772943,363.8894241123973,620.2566719000903,555.7781169193566,573.7045721783521,358.78393611411894,360.14532333429435,331.1354074159228,789.5904528528162,163.87146851045782,459.0517753761877,304.5764083141205,337.8928873387673,371.0154528309459
913.0164986033889,218.52037564949308,1211.9844119288434,418.6590886743986,778.1192332667168,674.0490109436472,1128.6236861631369,518.8120894915671,796.8732905494177,769.8764910344615,397.3370705019981,0.0,166.54686096203127,914.8074833027251,581.8684718798081,908.3721174878833,778.4921238789057,630.4943979739402,751.1889389984638,1072.251982676216,1199.0577048986008,527.27370706756,1027.1954638309685,731.776017709181,1091.8716153197313,884.1852972568017,753.6464506391981,928.4380296725195,756.6263793807803,612.1776075883175,932.7746710911447,992.1796226879592,212.50457340416466,159.27777135840248,202.86375872245088,703.9438195883497,732.1238217709328,768.4015417089777,968.2791291688684,572.8492798468787,725.339213471856,728.4483065826516,665.5472406812546,923.1968451143618,59.04710561099176,681.6204245154191,822.3618844273005,797.0916753737088,408.352161274799,997.3318012755846,683.2951309306203,1211.131732753074,426.6786602171727,556.3265208909467,423.8398958754005,1180.05448852843,745.0933399582186,537.5729570472413,89.83897362551089,578.9626365494033,533.9864489293133,625.5328310288352,598.2763813227699,676.6422356015405,333.6054825834767,1026.3987088023912,503.3059580534051,836.8235865452575,543.9714355574226,140.93775733202116,946.5725001279646,442.9910710243064,707.7220726335964,565.0877628931931,827.491071961825,188.60723614821015,638.4964769302048,134.74104528308712,842.8099428913479,625.5584132545735,164.57425151644753,720.4998254245362,1090.2009980654423,481.56412466130166,921.9435029090102,816.9288375951345,334.34148050367696,721.9710191350817,929.5689607061369,952.397002875875,904.7283842235925,517.7683482275812,307.7153184356149,319.3617508990998,1178.127520008333,234.36808966066803,733.6402606048845,653.4903650159966,523.8479787830832,85.39639984216369
793.2714778279266,287.4627550496137,1099.9117067609138,478.2572142198795,743.5217565929668,510.63068637386874,1034.7647030246558,377.57320948623624,635.6299098657796,741.6548301080101,322.4606056976131,166.54686096203127,0.0,826.0262301614503,446.4955049822582,775.5727796688728,611.9472065027252,663.5965989301378,700.480626741963,995.6552154461825,1087.6490193776162,517.724989336401,958.2486159518528,569.2715957426605,960.6381920919039,781.4541942081817,646.0377088269166,926.718544872105,658.3979049918681,504.21786253390746,806.1221572088285,867.5703634511016,214.06324339925263,130.96606498606832,186.02349919055337,593.290436010913,636.6765769273136,685.8091492192592,906.4536516959639,407.86259307570106,560.9935809655982,671.0116206496298,569.038254499199,883.3367063076955,224.74502905712117,515.0978324413736,692.5681860194615,632.477178998293,471.5403557564472,896.2043269203715,519.5745662239206,1087.5035201905064,476.63259579694994,429.4019870369495,437.8301578559637,1064.5521326523797,650.7106740908728,538.3905988481465,190.4186277010439,572.8577743898052,512.4988481815386,538.9836076148699,447.6923958327529,534.9508580784317,294.9275118682669,964.4057403687026,352.09790552866957,692.0810387797641,381.106782835799,254.4344371841812,831.1928671197363,397.9533199561005,605.7744162438329,477.1099929105288,681.7223510152726,346.74489867545594,579.2050337021517,296.8583119022711,796.4029797677395,462.8990032758682,173.8204541703147,750.9986729419585,976.496240347714,453.75909229552394,843.7640339062291,680.511858978715,413.0632505478352,591.7962997832203,777.0563320252276,866.4838594744995,884.4112452797613,559.3254245338044,400.5227493882171,152.9847719661242,1060.3632257660893,195.0590700903212,577.8618970458351,522.369752849384,362.3831994671942,219.9607914038489
206.76490323324566,767.6438068172015,335.9510547898674,702.4088535569283,306.01857008856524,630.9042620121458,214.75205675938102,506.6779918793408,600.5237536331442,336.0060119668132,517.6623115646927,914.8074833027251,826.0262301614503,0.0,439.9105587671595,307.77207631261626,765.4772543545319,601.6881423686579,247.3614820760259,182.4407006539071,321.9101683493705,485.74550542928154,175.61767369555477,615.9113849598597,359.79620429334994,94.89638505911189,203.04857586215414,492.8202802254756,172.13174957507232,329.03345486983187,261.0371365429354,260.31027407497044,710.7764386137022,756.5578995407925,713.4924209149315,254.46105946724293,190.40788446948395,147.95488932341163,177.16692174904904,667.4224161079312,853.6374310656798,236.9268667078771,257.52417753454097,284.7346998535354,941.6721035332198,755.2047622748597,290.21910172856406,670.6072150678351,713.5670730206316,112.07397815973437,851.8789353017436,390.7221073179264,674.6828511874099,427.7621446553263,589.4307643970423,322.7647400354346,176.0190684946942,508.30746622195693,845.4138099629861,472.12768457803816,453.8211167437861,289.8171492624307,512.5607077773634,420.8491548470613,587.3695873174637,209.58240132882477,562.317450958399,409.52351629747255,638.0193022061716,848.9224130418118,179.00141724248365,485.57059189427724,226.5604949729692,351.28354916858257,419.1858665138687,970.8097308576097,299.7300223246757,962.7723976046179,240.86709483287274,621.2151481934945,753.317840304048,598.9006636460986,242.28223940757655,476.3988234144772,65.62702161247668,340.65542486275876,761.6860601996666,330.3390969952782,504.2752471272911,43.07732952529699,385.64622425074805,636.7841530613815,798.3682785316847,777.2478102393312,332.20464127647824,680.6099964740625,524.6744517342435,374.20460223800643,627.306474535999,881.7543880846658
353.5123463056514,528.4674454813737,663.4105056048079,589.9179188651682,514.6326748542266,244.82204396002797,625.4366653386289,72.80270874008103,299.50237756142076,530.8652642337348,256.7105636049532,581.8684718798081,446.4955049822582,439.9105587671595,0.0,329.17011345899033,402.83732109739725,640.1543227569674,438.0185265344304,622.239537174404,651.9985245156589,445.7244075475695,604.9537165842916,266.0873716919025,514.1724663609408,369.2953645114581,237.27222303668688,749.2798800385165,271.820046473061,136.75661785442045,360.77840137863495,422.93147046922394,431.4960447230133,431.8580732513703,416.18081625267195,185.6438127532507,262.39080942055625,336.6044737169679,575.6506099729611,239.38338410445292,453.9811004596478,397.9187325007672,211.6788669781323,611.9342677266415,627.0953879409742,354.9074874030229,246.49536706079252,344.2480515563041,594.0526351571507,480.14713208776675,440.36026388470344,642.4066380087052,567.9976329938056,46.382015699960235,471.19252273726045,625.1114639099052,276.2581596494352,482.2337591232343,543.044307573244,482.18289133973747,412.0164231399323,228.10487705978275,92.95070864289367,99.43882408217573,344.95583400562373,626.8697380126739,123.31985716278969,259.1968836862381,203.345698609533,576.575228753855,395.6623320251917,320.6319293828954,220.15247093772788,200.73692118773835,251.66267727965612,705.8789592463385,335.15218041510525,675.9132523499376,523.06704562403,212.87697084942653,452.400140407549,696.0298124359099,539.9628179616592,374.8638731781998,480.5148026916588,235.3515881652108,595.1221368012333,146.32501600582964,366.3242840703876,482.983626157228,664.5753216392228,594.4011785487278,615.3471045626349,355.6438600291134,619.036146011072,381.49773817585657,206.090222311814,77.61828974058879,189.22879252890536,584.3574013247759
102.46266983169221,827.8616694421461,363.183879569339,837.153353759063,564.1842990323951,402.7151874606735,390.19677102530426,398.70584269850997,328.28032389900807,591.811745337583,544.8422063684847,908.3721174878833,775.5727796688728,307.77207631261626,329.17011345899033,0.0,502.86352301136924,809.4029672840522,485.44522382529044,453.9183305532678,354.5327779190875,641.4741754951777,472.9786517004068,366.1848903453981,185.11246068103512,215.2771440156539,220.5726231931014,782.8228613089634,261.4720858852035,321.0771249024028,57.28885047059581,111.53645829431112,740.992286917369,754.4215575414945,730.8620197623426,241.7070774247935,283.7676378581392,333.73029678812003,484.90310133659676,477.21461810156,610.0824550889268,454.3177450307286,313.7412765730786,585.1116156856359,950.9449426517754,520.9007307411272,87.84324214882805,399.3511912922874,844.9468316491727,262.10940556029715,620.0992010095044,319.2634680920447,811.0043505124972,352.1253059116345,712.5717345736598,319.1559016365009,283.47749145594696,674.4999396684077,862.7924869047274,653.379187277601,603.891329851444,369.0205697456074,347.36621038585736,246.03466577712618,634.4524738880694,512.5802749712842,434.5932589484178,129.91802496881598,465.2780398674223,888.7937532992198,143.7435137563705,568.1812775124223,269.5179666591782,402.03497343629533,143.2837378383238,1018.7812912572914,458.2919803104556,994.2468713584484,522.6947753322485,414.4151784369812,769.4177270287449,833.7702022039894,249.30650832803911,595.5526971819934,373.0301040635549,97.88550308054677,867.8591687582492,186.50336630310602,197.8481209993792,337.4919641816866,677.7125155168434,805.7993817339967,896.0787259289301,674.8742534484799,307.9754795052444,695.2821157590636,281.5830479258737,254.97613391371127,466.4805521011082,903.703596892236
592.4651040046006,828.1016708289446,853.5272995453321,948.0442696345324,911.5126054416887,158.27909158523389,891.6945307751197,390.1563374506166,174.7697297655071,929.9321698475622,616.6544811293713,778.4921238789057,611.9472065027252,765.4772543545319,402.83732109739725,502.86352301136924,0.0,1034.387726075043,831.8769296048386,937.8891368543925,847.1540838951905,839.2480203257094,941.0949271704171,150.62379055605135,636.6535692285906,673.796289868058,580.3545877242947,1147.7463539361802,628.8020717781617,533.8392321908591,559.7101059359073,611.1409334797646,723.4309442246235,680.1280785746566,696.9734861102595,545.6794990588463,630.8751000663958,707.9846494620587,930.8068894822705,218.6195821700885,122.66390713263289,791.8107049735645,599.2426515233007,993.1144221744955,836.4250322759353,97.86818318375653,480.0359286889007,105.10150866766365,948.8759509352498,755.6454740553831,153.26989278125842,780.8951909169486,930.8855009949393,446.07716817929537,842.3628623727805,807.2843952862926,641.8453945683435,875.1846212419813,784.6190432526099,880.2997048280419,808.0923626173434,627.1310186855457,310.8587161067097,360.1315195644036,687.0876335564833,973.0730751906486,352.0672078444038,373.8423321464736,259.670507533309,839.7229747034486,639.8144893261937,702.1084116862979,589.838288712518,603.5082264031653,361.10490941149243,952.4477686446666,736.7739362404279,906.2582597604516,908.8047906057062,198.44209534307885,719.1139449929265,1095.673128615545,749.3282143645249,764.0101686548838,822.1642551112359,431.36885703430073,927.9326946074424,442.1957100945276,348.69867240944484,804.8934210446085,1057.8860714969371,974.8169355135635,936.1715198077402,459.4721345064757,791.7780012444332,671.6682493429254,241.07854917822263,424.70651718051624,285.01876804002757,821.7372716587131
743.014188364009,412.0902981886929,933.7285464351345,219.7084299434025,307.3535756120963,877.3901107764503,783.3337992792265,644.3427399786107,937.5252749178549,279.8178065565041,429.2586148018244,630.4943979739402,663.5965989301378,601.6881423686579,640.1543227569674,809.4029672840522,1034.387726075043,0.0,354.3679637001476,668.5240864750529,919.8234420253893,195.2244740915892,604.0777091069331,905.7697047998245,937.2596475304069,642.7371466642012,589.0793831335127,325.68734879352286,549.3423821069598,532.9526376602569,792.6109139079941,824.4560888445367,450.66547919947857,534.2010923924715,477.64768212309644,578.8148504035232,525.8074901942248,489.18631980473623,532.7338478428552,833.2306328292694,1057.6908940264627,370.6500200408579,503.4793827946565,422.6314124352438,617.4050656456052,967.8024656607312,735.8774395454531,984.3070494912093,232.349089551365,713.724398057755,1031.0165953031164,991.5695826923629,205.50334828537325,594.1715198241388,227.28192926350317,924.1355773059054,527.3020731926873,159.2101252994175,540.8250042797983,161.0631430896923,228.16007694566804,452.27997396170275,726.951448010301,716.2479031996446,390.2183001442739,578.1443046558126,687.3261324212814,832.3444907635896,788.8728609315019,497.68669579632916,744.4592025388337,335.51769814563653,542.6669315262359,447.22610300613275,832.7280177600001,563.2221826568073,351.467449481649,588.9130936652855,388.86524429904415,836.2352698580279,496.3323693162839,90.00599727150156,843.2183980199031,270.90311835421966,562.6262785651376,768.8866098698759,311.54694397800745,679.4684248104821,954.3921036157786,615.5402133948548,348.7536348301904,113.76936701794382,349.8826963663858,735.5313686064744,933.8909980847478,471.9266204484897,842.3294327172845,650.190971300503,764.3598713645765,553.4841834323021
404.14102041413304,571.2945161959802,581.094063625857,470.4553016307794,82.25059910410343,677.3897633428987,438.9426472193953,480.5344388352157,694.2606043161724,107.22439216214806,378.71081100575776,751.1889389984638,700.480626741963,247.3614820760259,438.0185265344304,485.44522382529044,831.8769296048386,354.3679637001476,0.0,341.933485248362,567.1114949803369,256.9493540519434,285.907782363556,684.673880471774,590.4197201526046,294.75021970964923,279.15173320635876,317.5758132470328,229.76854117703152,301.4512004116217,457.53754086073644,480.2113090331695,538.773722241533,602.5657433711846,550.1623249778519,294.17170819490735,215.06090812623162,151.76293255367227,220.39034794446684,674.9218618365732,891.8901593243478,40.18966427566591,232.70792820361527,186.5341297810759,766.2186349563485,792.4906358506432,427.3597498186898,755.5957404713491,482.60679448815426,359.36651510860213,877.958256894915,637.3522766040907,443.18298537111406,403.1145254848324,369.7069337521749,570.0088643267134,209.49062987909363,272.2795156670753,670.662530102042,231.77723927370613,232.43604020855668,210.88189609216144,529.9171127702041,473.9661119406944,419.0688291755453,277.54568671675776,537.6509162410202,541.5211290827643,635.2760481968234,659.7092887012958,397.78337954084697,309.2296493791775,249.47606175978962,255.85719799205327,546.0203950286909,770.8533411091181,123.26695292760274,772.6210112163872,96.54662628587532,650.2288991836876,586.862666027439,357.1509647817851,488.93864803995285,273.4071659109572,213.03032110816545,470.5946216117844,540.2751964009447,405.123999710972,658.4075077177316,263.62427462498,226.74058222308182,394.62123475129505,579.488371711772,696.9483690561733,579.5428756062779,523.0013816274948,602.1104899161063,407.50378317883536,616.4799376189643,701.7090739805384
353.0427330060399,907.4322505669724,308.6820167556275,811.2767626141049,362.69907828228537,808.9286563260595,136.24219042008733,688.4058722067259,768.577093657411,388.9666335590222,679.1787054008489,1072.251982676216,995.6552154461825,182.4407006539071,622.239537174404,453.9183305532678,937.8891368543925,668.5240864750529,341.933485248362,0.0,297.0721234216879,598.8827030779272,66.20358593727521,790.0556627799273,438.6216851939448,265.66570645256206,385.48805494872363,466.0305314258621,352.5928083620294,507.7409383064168,398.95317967662294,372.6691599076075,862.9483504834374,916.5648997503882,869.4203320356935,436.66323376072927,367.9929315198569,309.987352988177,136.35604179541258,849.2048043193805,1030.8354647555448,352.1690284384407,432.9808696507472,262.7005370090587,1093.9444884810123,933.3534007329419,457.98098402926325,839.6919854251614,823.6562706503398,193.28400896913655,1030.9126948744947,405.2326975349573,784.247243153659,608.8617978795987,711.2014225850453,321.75909730620816,353.40257566692225,613.0454583252402,997.4447245780331,570.9405961243561,573.4006296224837,456.78852483404904,694.5649713551497,601.0981874769378,739.5386508155981,105.15703329328782,744.4037224906073,571.3407768868461,820.3166960939059,993.4414088627478,310.42901427569257,632.1359227030055,406.69265370445925,518.5840681163185,582.5051246140591,1109.1440617320345,436.4951223554228,1107.2929879824114,280.21920668127217,801.567838242345,908.3409943291241,641.1080203265302,281.6040892038582,608.9822944666796,151.89850960035244,507.33941192729066,882.1922926639226,510.10517673302815,650.3440455592381,139.45290337950587,367.7152207839561,729.314052165933,921.3040588211362,955.6343178328665,340.0446805265281,838.4268191936728,698.7695328725274,556.4226597865302,809.7421966906212,1031.4110497389825
298.72445232522375,1073.8819629952702,14.042959063581902,1022.9432230664141,616.2922527878142,757.0894201348425,161.15056119862538,724.7945896556206,673.3227213893157,645.7418838732473,806.0545184581824,1199.0577048986008,1087.6490193776162,321.9101683493705,651.9985245156589,354.5327779190875,847.1540838951905,919.8234420253893,567.1114949803369,297.0721234216879,0.0,806.6540197993493,357.7863511281535,718.2197777502225,222.1895119569947,318.18442759458395,445.4318454920613,759.0804466297584,446.4514946235804,587.3842704812236,303.83822661681137,243.17267761871437,1006.0706149494476,1039.9346168923644,1003.9677012396564,496.06025311297446,472.7287439078936,460.4159054105588,417.3054416022484,829.957511736254,959.8353573994654,558.8210336327897,536.3240296338026,549.2449232605576,1232.79942260183,873.7596318293782,414.3953348424053,742.0908513143125,1033.8211181712031,213.87001911254762,972.5103456875423,118.84717493081818,995.2062857256118,660.0639789260928,907.4426230612062,43.44720497906986,461.4875167944135,830.0279751556565,1138.3416721324654,794.0281627269798,773.7730189220038,583.0015148230389,691.6927362705909,587.8160089873322,885.6174225834989,401.0155379070818,770.0888035384794,482.2988167965084,814.794771090389,1149.9662154112182,257.03633855877064,791.9676224484815,492.1179888254648,639.1120305478868,495.9644945374899,1275.8789841904008,617.2885006963423,1262.3904840025566,540.3196383678094,768.3755533100392,1044.129755190049,908.7579208132172,112.03624501682764,791.6936757840725,357.6347243364856,447.23649953844136,1078.7238236894082,507.7869214090746,506.6830287140965,304.28407338403963,656.7078236214523,958.670997862385,1114.1801481978662,1007.577385178619,64.14519773500206,969.245377381526,635.840142001515,574.5201405029007,813.2391135264684,1176.9444501508315
588.2627787782734,326.57352295584906,820.683836116285,216.74102432154626,258.71504026721743,682.1693585726827,690.8787320012941,449.32000584395496,744.1107200222503,245.7608512259236,241.40585374930546,527.27370706756,517.724989336401,485.74550542928154,445.7244075475695,641.4741754951777,839.2480203257094,195.2244740915892,256.9493540519434,598.8827030779272,806.6540197993493,0.0,542.0160908732108,710.9141421612094,787.1189261973994,502.8455162658487,422.50306809926434,409.3189043718771,390.8600070108536,345.12442119981944,632.9756090387817,673.1641503475669,320.2233796656018,397.8848475669388,340.31904873448497,402.44075519288674,364.664142665458,349.16527633702043,474.3594246188155,639.8007014011223,864.8641674767765,251.96350955291467,328.16033542020176,403.8125081532824,531.6799012512681,773.7564184666888,562.0158314288008,789.5976673617866,228.14058251943771,593.1837950628477,839.4648555077604,861.2221686539173,189.04412744646365,399.56856747663926,114.74161547584916,803.0897998803465,369.801657054402,36.54452480851774,440.3136332760749,55.21594907948679,37.64926996773086,273.5618484124029,531.8207486483406,524.8706700643494,224.3882457080137,529.6626715028181,493.3743547229358,649.4774092483453,595.5170753069959,417.59821936271607,598.659753252393,144.8488676964931,372.05595717048345,257.47394140996005,648.6183501402642,519.6977298815642,193.02634259720003,527.170708636665,333.5390606276987,641.1952865703662,370.01144642715434,261.9380808355693,716.1036652579736,77.88573883745865,464.74143147014485,589.9321063030989,283.3562896042943,495.5032061083907,771.2787414513072,510.8048833646006,377.457550745296,164.3361453535051,322.7714101469209,563.9152997994909,809.3455113601019,323.32070925133524,649.2365395509738,460.2044304159021,571.3156672739464,465.53910708635203
