0.0,68.30380950562358,65.39829116968639,111.09580219235147,148.15679186282313,79.69350648593458,129.21119706305294,138.01333619463398,98.78968391750638,122.99209120897804,133.08721430213902,64.95090494420494,114.4547213070888,149.19350590339803,135.7393124680994,130.00951416380246,58.85713297450075,113.03780193936271,88.02761320338352,51.66701412290949,137.53141233148426,121.74761647410197,79.07921362300456,101.91140936866728,64.49758886990753,57.25726608409063,67.86265302205572,51.86332677226943,142.72046608372506,50.44979357520527,117.04895685209944,141.040591482614,132.54354423891687,50.136116316365715,98.42741685118594,91.64801468858772,75.53162080946528,109.10060062412761,65.04942208616238,64.66339101945667,91.67940087170047,85.95905957542729,63.759045450427855,68.92568073368298,133.88311933987293,83.92933027724219,127.96308110901292,124.52182663925066,80.76549083473259,94.12859766873976,437.7645640893041,405.33493321752826,356.2475526582102,435.2566345880513,380.9554567076882,354.3124716909181,418.8239549136258,410.22395562115014,391.187950115547,427.98297034058174,421.78512138986366,445.1854963631836,440.10144035571085,446.45661211279634,429.4500828798075,378.52919361546515,429.65492733213534,420.8085177489856,443.82156180487215,434.68493819406916,445.30460981474204,360.0657953902766,392.345981673682,350.06567589430796,360.68822994902314,391.4516195478136,366.4836129901359,370.89439213029164,413.11561920271464,422.4791461398426,422.2822134690918,401.3096950835742,377.87846867065855,404.8407287772441,441.1368511098016,414.60571179002125,438.57158400908077,406.8494896718331,398.42889544210465,353.2918370298027,391.74311288013126,386.4478850916575,391.2144563985902,436.5174026404166,412.761260973482,420.87968153924675,449.72174025107375,351.4817439568643,379.19209391811506,403.23692450343736
68.30380950562358,0.0,35.98631689170865,309.36932888435575,574.7784419896758,153.1479954520202,474.29926825581714,551.6224606726184,331.25875800187924,500.40686780585855,589.1245826249889,291.9124036790586,532.5473911989657,772.3417939864439,717.5923547158447,712.8009578130396,412.0926754093497,675.1147691509175,574.4734490724762,464.47765660637685,909.331496155689,844.352528000971,640.4931280625897,786.8024142434101,620.1529605109926,609.1057830352374,679.318763112862,622.8306833195809,1167.3265981486752,649.9862437438057,1052.952791935099,1229.682033319872,1196.745011182943,707.6734082215246,1016.23834865344,989.9432288054873,902.4092810176619,1135.8215257315087,861.0374631612294,869.5247427828608,1059.6421916141212,1031.7944529094202,891.0545579975928,933.529007033299,1388.4941339520994,1049.614496827035,1361.1823516391078,1342.1716678816456,1040.226079716487,1135.7715560305628,3542.27038192627,3315.265190064168,2970.0422994334904,3519.7281156171734,3134.8374372459293,2942.0318714196314,3385.0121101452387,3315.130558139488,3170.8696274538765,3414.9488613309054,3357.283268801625,3504.6164645720096,3451.7942495678417,3477.3265814259744,3338.8675131293908,2963.7856221557045,3296.551336934695,3211.528319671137,3346.6039109817298,3257.5060274819202,3304.5472380491465,2687.6721254165423,2882.5885681054906,2562.5843815101935,2606.6544484236456,2789.025396498518,2587.098921869213,2587.27633839045,2847.977638298616,2882.3300394901453,2850.8074053912196,2676.066939829095,2484.885401825368,2641.911578721676,2864.831782925586,2653.635925436767,2793.277483331266,2547.857875001943,2465.1461120171125,2129.075314738872,2374.1660025691995,2317.371675921525,2332.3043877583787,2631.9431830586454,2451.8993183939647,2496.365524672302,2687.933670190423,1992.9411547808536,2180.904685334274,2345.6904527841725
65.39829116968639,35.98631689170865,0.0,322.1154807897594,585.8658063989167,138.72048621140365,475.4729674878063,550.0345312924152,316.2085521039944,488.9318989005019,576.2891608311943,257.0828474224856,510.64956096241735,753.5020228914161,694.8271706353105,687.3377433396536,376.1096500348282,644.546225317371,540.2020927195438,428.9390065297803,877.6301550695258,810.8012998720855,604.5716753207024,751.328115813187,584.4881914296718,574.0536782470264,643.8451221698399,588.7648627704542,1131.4359339881096,616.6839289056827,1017.1195996895442,1193.8067400723303,1161.1322065552179,675.928788501549,982.0426962650898,956.4653747345633,870.2070616914338,1102.8481475940946,830.6165154080303,839.743009408037,1029.2327738744932,1002.3357225190255,863.3351345597735,906.2936338255561,1360.3510401033602,1023.4805517466307,1335.134125651533,1317.2265139389917,1016.9122188615687,1113.2900801108376,3520.336049065024,3294.9341076805354,2951.32617101766,3502.7818905602244,3119.56456709867,2928.4646241257033,3373.4784353196765,3305.458076759043,3163.0288110020997,3409.2387466009036,3353.5253167304522,3502.9997079384048,3452.1739640576607,3479.7827274481606,3343.235305357304,2969.7136350047363,3304.9636981085864,3221.86116096585,3359.122602692468,3271.8952068098365,3320.9488909151087,2705.005988800059,2902.1486675141796,2583.3744209986935,2629.3074637666477,2813.6947960221064,2613.0514040770886,2614.7722649873735,2877.2674498132264,2912.9587290579534,2882.5853339629493,2708.747447280519,2518.3456712489897,2676.3077786302374,2899.9691230166577,2689.1656621303664,2829.1414363178587,2583.8334580711476,2501.0997720378955,2164.899455052457,2409.5512209417107,2352.2048193601395,2366.363983147519,2664.8951526445285,2483.785171146364,2526.8966193961082,2716.87876875,2020.5306154608456,2206.53095281276,2369.2622933863568
111.09580219235147,309.36932888435575,322.1154807897594,0.0,265.6123177520907,235.15855256314745,203.72143002285182,289.24654559156556,247.22900170330112,320.7092008123586,405.40626242917625,439.93761096739036,445.3862095948158,622.4349176544087,612.7872895126907,639.1973473323154,582.8605088128571,674.4320823453052,654.6331296197635,662.5721495369148,907.9880644844588,883.4222969408731,777.1275418027201,885.5702558253878,801.9078745069617,810.6563702179923,865.1824952947388,842.4396661119044,1275.7399440369968,879.212622161282,1207.2506042160776,1376.2250001168193,1360.194547463246,952.0871617426774,1222.0866013707578,1208.0700214425717,1138.1954584198475,1358.6660299399098,1114.0087118595525,1127.2488741578593,1310.2666691960324,1290.0779159146741,1161.73200525447,1206.5082856040854,1653.3935460979978,1327.4510699394023,1638.1184319686568,1624.3484581058478,1329.7022899140245,1427.7800064922149,3834.223481613848,3612.250259509746,3271.105018387475,3824.1551334342694,3441.631434100913,3250.412781431705,3694.3057271278794,3624.365459492304,3479.26851176735,3721.395944495169,3661.1007686125017,3804.557006123021,3747.29745004074,3767.283947384528,3623.0186119222626,3242.9337271346894,3565.6215172661264,3472.216373081407,3596.282346967803,3497.093405771454,3531.8848855279866,2910.675873772356,3089.452342240858,2761.3649537012598,2789.935786505278,2952.9282655185875,2739.0115970666893,2722.023022690438,2958.601229796419,2973.3638405986744,2923.0474562947948,2732.419129389799,2525.8707994871875,2657.5635124377354,2853.9602207486914,2626.013972336016,2740.844717597605,2479.151432934409,2376.5652130199346,2027.5296916282762,2244.476220433339,2167.8252376908463,2162.0059428610175,2437.931451388535,2241.8759352837224,2268.734093891904,2443.243853404618,1738.547790028611,1911.6031010464064,2064.294531504912
148.15679186282313,574.7784419896758,585.8658063989167,265.6123177520907,0.0,481.6673808159041,180.77923963589453,203.11096878589194,406.6837470048269,346.68602941342675,386.7106957147934,656.3402278946824,515.0669937044566,586.4541556154726,625.5704249542589,676.5828801428661,791.7292083865597,766.8612220062225,805.8243656525403,878.1988633758153,974.4746154496808,983.3820366796629,951.3267985318068,1027.813954896502,1000.6763009031749,1019.9102927134279,1063.0773592765556,1060.1453072733107,1405.3679243246547,1100.8664852286179,1371.7059515626993,1530.273324372848,1526.608298693179,1180.1344694643958,1420.4559821250648,1414.6512475234474,1357.2445054801344,1565.5194599588822,1343.9031392025565,1359.796782845759,1535.9441598034746,1520.894744413088,1401.673523929581,1447.4136584469388,1885.4772156660129,1570.4371793089847,1878.651020041592,1868.596736388338,1580.2357072425252,1679.5975236583488,4082.3667267500596,3864.8902530433083,3527.512149882256,4083.5044270774656,3703.4097892514465,3513.9718942079453,3959.2305244171685,3889.899613376305,3744.819480388919,3986.246569620284,3924.6782337451427,4065.974893060757,4006.1021634569,4022.650180041948,3874.767489634991,3491.7732883121685,3807.5134253553874,3708.5843212752898,3824.921704842745,3718.8913983823586,3744.9773178981845,3122.4734726609768,3289.264925947628,2956.8095743494805,2974.1871359031775,3122.194840256111,2900.6974767784463,2871.0475746494308,3087.6041513103246,3087.0115828429134,3022.215002920529,2820.4944205011634,2603.6285283517836,2713.1474424142334,2885.3404822073326,2645.344587563812,2737.3635375829017,2464.131842936383,2344.8909491319023,1989.2325512086227,2176.2294059118653,2081.459074963512,2055.1606749450275,2304.04616786129,2093.354564186236,2101.2866410900588,2256.1000822890624,1546.3732154196377,1700.1112061807291,1837.3567939136678
79.69350648593458,153.1479954520202,138.72048621140365,235.15855256314745,481.6673808159041,0.0,349.5422679168355,418.7250454983107,178.35733212158934,350.21553421494104,437.7098452842623,216.76312941322504,382.07523699102404,619.4129713480703,567.6316120862953,567.2530186957068,358.9100211740767,546.2359257138045,473.7359647444096,433.0902840448743,784.2086807997342,732.2526230024168,570.9176178436047,699.6238853541038,579.0221163350764,582.2946104099007,641.8021175658372,610.4636001538123,1088.9188492738745,645.8852800406588,998.5128898384735,1171.8477844739803,1148.6261897400211,717.3311129568202,995.3661907275583,978.199844849654,904.7942530438625,1128.1943137364283,878.9530378263486,892.0919544017356,1075.4889531641502,1054.9374651438109,927.2005064706395,972.1982989522147,1418.2475545906245,1093.7421285278888,1403.9273941933777,1391.1802434619867,1099.404687834374,1198.3979506881417,3603.0389099978283,3383.7251745439366,3045.855743646465,3602.5152704656903,3224.3104667318185,3037.812554125808,3487.4993858170346,3423.5497873478516,3284.763604893684,3534.6341878606468,3481.939080883665,3634.2426136056156,3585.6743293494837,3615.201042306803,3480.0496598661266,3107.401330487977,3443.481903939215,3360.5816442758405,3497.5707487179966,3409.658162875753,3457.4767631798345,2840.7698871135913,3035.5802066970446,2715.1836473447843,2758.1232145592485,2938.4274186786843,2734.703984357257,2732.0342084379104,2988.2196045220617,3018.1939965399056,2981.9569485152533,2802.719240151675,2606.8262197245053,2756.2086086336126,2970.4742600020654,2752.9223029046543,2883.2650224006825,2630.8494420414736,2539.5196104567553,2196.9642101418945,2429.340816660868,2362.4392180195837,2366.287118852834,2652.6287217097274,2462.4201397341326,2495.155439287251,2674.3604740199435,1971.305632596504,2146.487239722158,2299.2555623423295
129.21119706305294,474.29926825581714,475.4729674878063,203.72143002285182,180.77923963589453,349.5422679168355,0.0,85.52737393797071,235.3976044342175,173.31948397471987,233.9879957116694,493.3599734922075,338.35879378742004,450.5061242208442,467.8879642066638,511.24451428265866,622.627628450412,589.6548097742167,625.3421848682224,710.6160192041999,804.233480925253,806.3102148527437,772.3750746889691,847.0765875690549,826.2221988917216,848.5097188448256,888.0269753039437,891.6567130825568,1225.7026829741037,933.8030959231594,1191.1674092281987,1349.4987956089917,1346.0730904162679,1015.6765215858754,1244.2078370005709,1240.5222773310911,1187.6221358717085,1391.0658097564014,1179.4910992757434,1196.818267522159,1368.5693865007422,1356.219120489853,1243.3768764935764,1289.614145809955,1720.4225391226937,1413.7321592468063,1719.036020040201,1711.9324439050758,1430.6401645621058,1531.065106847293,3926.4886952256616,3713.937395955542,3381.863702963941,3942.5045163319846,3568.1070074521363,3384.331985111984,3835.8980440767996,3772.930244020129,3634.2436557912124,3883.251909697385,3828.825500779718,3978.2758558215182,3926.0935171045285,3950.9272766586787,3810.6079791347856,3433.2290042835134,3760.3508411799967,3669.630255238713,3796.3477187072244,3698.8132213132567,3734.900383717003,3113.895962723607,3293.173764031816,2965.009564898517,2992.8805085053837,3154.0112057217,2938.690209183704,2918.994742726641,3150.414857773827,3160.378058872538,3104.949476049882,2909.9329829764984,2698.9885936817573,2821.134545648852,3006.0971739084935,2771.6850789597715,2874.1991001063643,2605.521055409566,2492.773572240944,2139.0212064352604,2336.7424563374598,2247.275098638166,2226.2635710758514,2480.821398851271,2272.100350291871,2281.723350764104,2436.726363107175,1726.9235817117205,1878.3342117219486,2011.2615463018324
138.01333619463398,551.6224606726184,550.0345312924152,289.24654559156556,203.11096878589194,418.7250454983107,85.52737393797071,0.0,279.4214987652757,156.3312753346466,183.62525144733212,538.2604189640211,323.24460943316427,388.16272256706606,422.4595797594135,474.3043295934314,658.3246607021838,572.9587577597749,633.2279628459223,747.2527758182508,773.3263001516352,788.2406881641243,786.9860915265308,845.8891944044999,851.5796220991078,878.7895838292783,911.8252451517081,925.6656135605226,1215.0429414674904,969.309867252435,1195.4866427111024,1348.0720514317059,1350.0373774826423,1053.6812350866953,1263.9242176190564,1264.4273938203148,1218.650554477265,1413.933596965999,1216.794117575358,1235.556522816674,1401.8498139363528,1392.6217809749326,1286.384823875816,1332.8957607752982,1755.5295784106345,1457.5666948455828,1759.5859789842405,1755.091932382018,1479.9353972171775,1580.8473628383133,3968.3467451252013,3759.723108124893,3431.504065550561,3994.8266755503537,3623.8626036656146,3443.130983562644,3897.4951856233292,3837.2970815433628,3701.1739080106117,3952.78735444592,3900.663257510449,4052.4090704251903,4002.2041361433126,4028.904932007006,3890.119377997031,3513.8166441665694,3842.585374256787,3752.8813963529124,3880.583486407802,3783.6595282923595,3820.2092310455514,3199.277615619784,3378.6982082563673,3050.4855549553777,3078.0486252593064,3238.4141282137125,3022.540262229409,3001.7764046054235,3231.138814333463,3239.21116314588,3181.7861879492084,2985.1094329898815,2772.5373957770985,2890.9057454260137,3071.2777307082297,2834.479685639924,2932.05835979567,2660.878518168761,2544.25848271293,2189.197670076905,2378.976972681876,2284.56475154884,2257.495206032743,2502.8423607785717,2289.3560136010174,2291.823159302311,2438.3216043737525,1728.4484031731101,1870.0748210005975,1994.0569949597284
98.78968391750638,331.25875800187924,316.2085521039944,247.22900170330112,406.6837470048269,178.35733212158934,235.3976044342175,279.4214987652757,0.0,176.35022756382344,260.7789944971535,259.7529422257914,218.03600908864624,443.4005122930613,401.28967910165704,412.2413452995598,387.32262952151547,428.5716792091728,414.28218702971003,475.2192168229992,664.3733368099487,636.2096624420392,549.4399536406115,644.0588822955286,593.9985431092807,614.0505272132867,656.4622537120383,656.3652262900468,1032.4890470089256,698.4083633811327,976.0920206265243,1140.8744659271615,1130.4755919968134,780.4355803503817,1014.1197888539461,1007.9942329107066,952.6395036555404,1158.8427508178265,944.2075011199577,961.7490475645186,1133.2288345448385,1120.8796835293458,1009.6176940318371,1055.9917260703105,1485.0368003443318,1180.4060080650193,1484.5343472149457,1478.3812248874153,1200.7879888121224,1301.6284486850466,3692.6275781818135,3481.915022673724,3152.4414405419707,3715.424059264379,3344.6965899491197,3164.9153259110353,3620.760919811145,3562.8148809160566,3429.5654673123545,3684.8636451195916,3636.9788835046047,3793.8954755422997,3749.2914640550957,3782.421822507994,3650.20981340493,3279.7025462687698,3618.3824331991536,3537.0593332531384,3675.273078976427,3587.916676839705,3635.780488704819,3018.89639477141,3212.6973660067615,2891.412500094686,2932.387453591995,3109.600688855341,2903.4793071884997,2897.103262658515,3147.466079974604,3172.0420320558505,3130.1476771823764,2945.76636987855,2744.64373952619,2884.8954761738287,3088.741703254431,2864.295881862895,2983.6368976089766,2723.872118211803,2622.996569109031,2274.485557475705,2491.3325367068564,2413.1785853387155,2404.294971516544,2673.997015098691,2472.8604291375077,2491.7979968721843,2655.774553635273,1947.1628294573636,2106.0449190882046,2243.7015385302557
122.99209120897804,500.40686780585855,488.9318989005019,320.7092008123586,346.68602941342675,350.21553421494104,173.31948397471987,156.3312753346466,176.35022756382344,0.0,90.6823959584769,413.9667913841244,168.82442407111182,302.1189388220253,299.4170313552791,338.6190272671946,520.0163815774562,420.3947571261965,477.8450186566894,608.7239262236731,631.0195221233869,636.7752834898968,633.1828524266946,689.6304151971217,702.9396483723463,733.4919277589431,761.9623752765999,783.1613648193827,1060.8404620257515,827.8812873310945,1039.1993636581685,1191.954188971642,1193.7231083981578,914.1333090746376,1111.1968331698524,1113.7046441294888,1072.5368552721259,1262.4553198044723,1075.8697965874385,1095.9149501386169,1256.9805417945645,1250.3499373960865,1150.94409368876,1197.5793484255473,1611.4657793202182,1322.443868842353,1620.3428360453813,1618.50668894983,1351.3202567248445,1452.5425954264556,3828.6559470506627,3624.1189307718296,3300.550955044882,3867.047064424856,3501.170606355328,3325.392141653318,3784.343539018627,3729.511911840607,3598.9305062508147,3856.4887242342797,3810.4209998003066,3968.76061886187,3925.0867204708293,3958.7045039405084,3826.5204623395634,3455.7056302368273,3793.3925067940886,3710.7834378764883,3846.994846211731,3757.4241079604235,3802.3465563841974,3184.0722205958837,3373.561573006397,3049.803336919131,3086.10967750848,3257.120973168273,3046.9668514785003,3034.623730636018,3276.031302540655,3293.0405528760853,3243.6791725079397,3053.037415382164,2845.8735978784553,2974.81941852116,3166.024507568532,2934.33584831141,3041.084184163981,2774.1482374442207,2663.4268973250637,2310.2891425457506,2509.8611659779863,2420.5722908607613,2398.8617481036463,2650.6818602717276,2439.750282135815,2445.203854591337,2593.9135375597125,1883.9635295142075,2026.3991467348774,2149.39002212692
133.08721430213902,589.1245826249889,576.2891608311943,405.40626242917625,386.7106957147934,437.7098452842623,233.9879957116694,183.62525144733212,260.7789944971535,90.6823959584769,0.0,478.7387733941913,170.35557864154916,218.80471622923366,238.93059571419346,291.7641315491683,570.073047551052,403.5002533774304,494.2894752594261,657.1206867789205,591.8329148874597,614.6531824270818,654.1142849952802,689.1624392086541,735.7350998734968,771.5984821420401,791.7774533533984,824.7668078885298,1045.330623635419,870.5073826956757,1042.083024602994,1186.9889664614327,1195.2126778897511,958.4302836937834,1132.044600698992,1139.4874528443113,1107.0300250722626,1285.942881221635,1117.585843345049,1139.0881939929486,1292.6076594281985,1289.6117121323634,1198.4868667264911,1245.05745368776,1647.2553911155026,1369.6687968331526,1662.2846920530128,1663.4089352916922,1404.4859191641438,1505.6781240883001,3867.9433668987,3668.0017941809547,3349.099125346732,3918.0966891482813,3556.417930015233,3384.2540862597575,3845.9687261926438,3794.332326988115,3666.7772371984756,3927.133504004792,3883.7498039764196,4044.6601157874948,4003.3255088000915,4039.1348858244273,3908.8460563945764,3539.502716373428,3879.0651204488418,3797.7765127059797,3935.2625096157726,3846.589122035612,3892.265976059535,3274.219283909519,3464.1466681035395,3140.4745064035374,3176.7227789220724,3347.3027417785906,3136.72435650969,3123.5555318358033,3363.349186339895,3378.76488977614,3327.66132802565,3135.490538502568,2926.791962637174,3052.4178755985868,3239.547508400098,3005.593974769017,3107.8610442820263,2838.5310193386304,2724.207033446117,2369.7429951867384,2562.0538695641644,2468.167928377432,2440.810404658165,2683.853708860703,2468.482752220468,2467.0678642995335,2607.3592424204776,1898.3085954100497,2030.9777849807574,2144.8058670445503
64.95090494420494,291.9124036790586,257.0828474224856,439.93761096739036,656.3402278946824,216.76312941322504,493.3599734922075,538.2604189640211,259.7529422257914,413.9667913841244,478.7387733941913,0.0,348.63666218456956,596.140960920942,511.0309710861798,483.65492168519495,143.26466174519078,406.0109636875299,283.69992931408143,223.90582489194165,630.1566118663828,555.8530361926535,357.1321025267102,496.1325907363731,363.3106078289971,370.87290590083194,426.3958973279076,405.5431089280311,880.777278782618,445.00246697615245,782.3942703417254,956.4946922652778,932.0046477340081,523.8937294885798,782.2922132839736,768.4554083503924,702.7706391715311,919.2340848035531,687.7339910085344,704.1988862250075,879.8099070998857,864.7110654821929,750.134408419445,796.4434785886344,1229.2753285171932,920.7569642143324,1225.6997894681926,1218.825994001893,941.7866408570815,1042.777186579859,3433.2588129750484,3222.1653297688417,2893.261915425075,3457.1941227665507,3088.5865692338193,2911.579984208171,3370.4421398687286,3316.5659460961488,3188.070438283914,3448.7492096162605,3406.9538232111126,3570.755047094201,3533.571998681414,3574.8634735400933,3451.089837543474,3088.601183253665,3438.339835520797,3367.1119634385927,3517.0415093060496,3440.8173424737415,3501.127574038353,2891.5356664342626,3100.1187519659206,2788.281823544732,2843.3918952418426,3037.132206258276,2842.545354689276,2850.9101410152834,3120.4122975900996,3160.949043771061,3134.267288470009,2962.907418127579,2774.1921299791056,2933.316637611675,3156.695141184163,2944.75470436483,3082.010678252152,2833.809531160042,2746.791075972479,2406.7583868106376,2643.105464007085,2578.099142814004,2582.9544886325393,2869.028496973293,2677.6393030189447,2707.877019588224,2883.044870550758,2177.6478634596197,2346.3657679849757,2491.570380447111
114.4547213070888,532.5473911989657,510.64956096241735,445.3862095948158,515.0669937044566,382.07523699102404,338.35879378742004,323.24460943316427,218.03600908864624,168.82442407111182,170.35557864154916,348.63666218456956,0.0,250.0030946445435,185.60087294316438,195.4693913687295,415.4791892812186,251.79949378994846,323.95735289444787,499.4288106098792,469.7848958595573,468.3894550816466,483.7815515753848,524.5407447196088,567.5845588610322,605.6209244298274,622.5658582921492,660.4992145461365,892.1781004550608,706.655928792152,876.255545214288,1025.6868876202768,1030.189097593633,795.2873477100211,961.7138610329077,969.2903966899265,938.684662179745,1115.5958520265665,952.3956297680687,974.6803181240332,1124.4346012416763,1122.888278996555,1036.8196119164381,1083.2211133051146,1478.8720815345152,1207.3756942292089,1496.4264037709029,1499.177131537227,1246.9042090873422,1347.8354637260884,3700.210107024149,3502.3107961327587,3186.2054102561087,3756.808400060196,3398.6944045254286,3230.1690810544933,3694.8086926093847,3647.2884306942346,3524.236407360514,3789.1152303940057,3750.8243141362013,3917.160642290961,3881.5730064634618,3923.4907138688964,3799.379300917501,3435.739186133455,3783.053876522805,3708.662518267562,3854.130657424097,3772.818860306955,3826.728670632151,3212.66226473013,3412.326017032612,3094.0189195090975,3139.194588827002,3320.4973598127795,3116.49923559443,3112.3721399422725,3364.7175401490563,3390.009424191754,3348.0785992498595,3163.155769131268,2961.107495036025,3098.8401105832495,3298.7206638045054,3071.3904395499508,3185.098091126066,2921.5672687877595,2815.153941972617,2463.6793924244707,2669.388981963297,2583.1404567960303,2564.2225438862583,2818.6439438576012,2608.3735177422095,2613.962815296352,2761.544338470053,2051.688113531857,2191.251233934598,2309.9556510122575
149.19350590339803,772.3417939864439,753.5020228914161,622.4349176544087,586.4541556154726,619.4129713480703,450.5061242208442,388.16272256706606,443.4005122930613,302.1189388220253,218.80471622923366,596.140960920942,250.0030946445435,0.0,113.42606498080785,182.55426882376776,644.5336118522576,342.09119334182606,497.57707885672625,721.229380371805,449.29231968485806,511.33862088229785,651.482632831842,632.2182586257937,756.3865170738255,803.3922803180373,801.9409097082141,862.747884469115,937.2048161990019,909.1181651431957,976.610980542546,1099.4355744204913,1122.445209710548,998.0933170439841,1107.2961302377093,1126.7473085579497,1117.0582119815986,1264.1281365464347,1145.90847376129,1170.6788312538783,1301.2653812903256,1307.722195677685,1240.2757165857045,1285.7173480857996,1650.835202514747,1407.3966506095874,1681.8148347389993,1690.8394279421518,1457.893156655755,1557.5873869061975,3869.204979537676,3682.1089297712037,3376.933671336591,3951.6347007823892,3602.889802135395,3441.8773224072584,3910.9882232550453,3869.461348224284,3751.921112109984,4021.163123737164,3987.148087231739,4157.109582045969,4124.671932205403,4169.1567143225875,4046.993953371895,3684.6373151369444,4032.847704304668,3958.659932001365,4103.697857832011,4021.394543765639,4073.598440761226,3458.3607648105344,3654.929643706204,3334.4689067546697,3375.7390349172874,3551.61679274293,3343.777339149151,3333.9716107989566,3577.56859254147,3595.15581434425,3545.4494157583504,3353.951972527688,3145.556293408079,3270.9146623499773,3456.4623810432404,3221.2383682319746,3320.2049168973,3048.910370905595,2931.2157346879185,2575.6720129843934,2759.6646598074344,2660.1387482852,2625.2048969593056,2854.775713234304,2632.8466403768193,2619.985368092957,2744.8513553280586,2040.3907271402172,2154.145075564811,2248.951069421214
135.7393124680994,717.5923547158447,694.8271706353105,612.7872895126907,625.5704249542589,567.6316120862953,467.8879642066638,422.4595797594135,401.28967910165704,299.4170313552791,238.93059571419346,511.0309710861798,185.60087294316438,113.42606498080785,0.0,71.34866474817312,543.9959002386939,228.967305570924,386.10288372407894,616.9728011797797,362.22727823597677,408.4203091214436,538.5274410245064,520.8455784205694,644.8001588131362,692.8255351922567,689.3120214356838,752.6773957007131,838.9253606013701,798.916217488026,867.8969688729417,995.7382099482559,1015.4870354416068,887.6831949340144,994.3727507962984,1013.3989904372215,1003.9447858057356,1151.1806553755941,1033.9242675922255,1058.946103895567,1187.9956013474828,1194.8322672169513,1129.4846543190051,1174.7102966685527,1537.4141177767406,1295.8921837256207,1568.7849329977673,1578.2377249053486,1348.1777314823896,1447.512067489438,3755.870606420642,3568.707542409662,3263.942330492132,3838.884439662116,3491.1540776424326,3331.37069361906,3801.333957204034,3761.3725882882727,3645.7015216383857,3916.7259609022576,3884.968886160219,4057.316896698936,4027.5956540119264,4075.004615542299,3955.9622667460662,3596.711302147261,3948.6794108971817,3878.142609437081,4027.3439745868973,3949.061601388046,4005.7516589003462,3393.060745753844,3594.9439471678743,3277.6862161522477,3324.0110616464563,3506.01022992645,3302.0927420374123,3297.6291418662163,3548.7311034719523,3572.3677513882985,3528.35919064202,3341.386480454369,3137.147219235043,3270.3396094862246,3464.3959673130016,3233.4802390152918,3340.3615663695873,3072.8716408090368,2960.6515227953837,2606.7519287589193,2800.8765952880904,2707.012248442512,2678.676133638591,2918.1354630756573,2700.275084522366,2693.859899958994,2826.2607692712,2119.241634318702,2241.085487759599,2342.631843103489
130.00951416380246,712.8009578130396,687.3377433396536,639.1973473323154,676.5828801428661,567.2530186957068,511.24451428265866,474.3043295934314,412.2413452995598,338.6190272671946,291.7641315491683,483.65492168519495,195.4693913687295,182.55426882376776,71.34866474817312,0.0,499.580010452632,160.31421205584752,326.541666393427,567.3083265259235,300.4358032167581,338.31758135837725,474.24314295442207,449.9838779081738,583.7381348313023,633.5685211585561,625.727729133193,694.1091401064684,769.7484649260957,740.020342460415,796.5534202524565,924.9502757895629,944.195654338016,828.2692376422158,924.8650663403893,945.029871599211,938.5555126883313,1081.7055179318916,971.4419846613658,996.9484262440504,1121.8754214304006,1130.0772939202225,1069.1240373313885,1113.9409920190487,1470.0615334165598,1234.1514829348694,1503.482382220218,1514.1077276197832,1289.327423452974,1388.0487380894574,3687.313317142197,3501.5242329845173,3198.5727173639925,3774.136979226997,3428.5178791225308,3270.7567587139265,3741.9060195980696,3704.01691157399,3590.622406996271,3863.6219783185475,3834.2804430175447,4009.0212688085794,3981.9423111481156,4032.0701382290245,3915.8654572870187,3559.429893298001,3914.486230068087,3846.983025813301,3999.485702807143,3924.3816946729808,3984.4913126031292,3373.9676920533198,3579.694486553475,3264.922675401556,3314.8355148604815,3501.015945155128,3299.896695078107,3299.036067266268,3554.944109377982,3582.46098035233,3542.0687963482424,3358.001661372832,3156.422865367666,3294.2241609261227,3493.1346021725963,3264.790388891361,3376.0255964126436,3110.744158569947,3001.5089255335906,2648.693856277959,2847.876809552729,2756.853802812953,2731.679266995769,2975.5402685474314,2759.519690450664,2755.7758082623764,2891.0513577144434,2183.283275929269,2307.9434621933733,2411.5375458962653
58.85713297450075,412.0926754093497,376.1096500348282,582.8605088128571,791.7292083865597,358.9100211740767,622.627628450412,658.3246607021838,387.32262952151547,520.0163815774562,570.073047551052,143.26466174519078,415.4791892812186,644.5336118522576,543.9959002386939,499.580010452632,0.0,380.991325904948,213.96218801777428,88.98717393667256,573.3394782283381,478.4009801301114,229.58907960344277,384.56737254044276,220.20384473956253,229.24442067132142,283.19122091329064,269.04274870743365,756.3366929237231,311.4730046370528,644.4813131940193,820.1127132953047,792.1464637498752,395.39610116539063,639.2265281464382,626.6205389212214,565.6253162575465,777.5775236589494,558.5071317762934,577.3127782077387,745.9442485823821,734.6220190532515,630.9394998726242,677.5764294693921,1098.277363147884,802.4385038547604,1101.5910292610654,1098.6408567783699,834.4128935863382,935.6068753204723,3310.3865543942557,3104.2174745396023,2781.021156335352,3348.7023142218245,2986.398708633166,2815.5832899192155,3279.4548254898846,3231.9933065089836,3110.2507478063926,3377.359310480093,3342.6206302276833,3513.527358581719,3483.7697449836855,3532.620865574028,3416.5094118922148,3061.5247685566374,3419.401983790178,3356.022501933315,3514.1786618141064,3445.8672428791906,3514.3606977272684,2911.0263899001216,3128.222725944465,2822.9796753223654,2886.076739934583,3088.365477390896,2900.442257616499,2916.277047731393,3194.3410823747536,3242.1428459770887,3222.2092965862216,3056.690479292623,2873.3882405297886,3039.34169734834,3269.292668341637,3061.8468311233414,3204.4881379790377,2959.9263731314077,2876.6884882903078,2539.129665109412,2779.436079255964,2716.880343887776,2723.7884667398553,3011.536436740104,2820.756741327031,2851.1007830237745,3025.593423433999,2319.6950725121824,2486.43275167517,2628.856555869627
113.03780193936271,675.1147691509175,644.546225317371,674.4320823453052,766.8612220062225,546.2359257138045,589.6548097742167,572.9587577597749,428.5716792091728,420.3947571261965,403.5002533774304,406.0109636875299,251.79949378994846,342.09119334182606,228.967305570924,160.31421205584752,380.991325904948,0.0,180.59138306304988,434.9218143327105,238.59825023955142,216.6662418556817,316.61428962881513,294.84684347755694,429.89419301100617,482.1583161180696,468.33592504436876,543.3699693445425,642.6968567697353,588.5081659986046,646.2537670577153,784.6339193190034,797.0172658060382,675.6109732008889,765.4207061348933,784.8046383856713,779.1233455757426,922.2204286227019,814.5870998638393,840.5938623098585,961.9684114386855,971.004552785947,914.6045365743773,958.8518092804338,1309.7630049521467,1077.8126080504485,1343.9453826578538,1355.3748758168608,1136.3940268562153,1234.2164259749663,3527.1895064240284,3341.23103623058,3038.878822270345,3614.7716181423325,3270.722890701578,3114.894624805608,3587.2468145232488,3551.7695521164346,3441.295250104591,3716.9115576037048,3691.03869424021,3869.319759470363,3846.3883819016614,3900.916393631848,3789.538878673994,3438.20885839538,3798.5336999667707,3736.6102077913056,3895.1588923250397,3826.1631095873254,3892.8604502183935,3287.2409705579307,3500.4445625088633,3191.1520943762807,3248.419998993929,3443.1280239701755,3248.2705029138433,3255.194814660982,3521.2595566039868,3557.388726319321,3525.2340878066666,3348.1063762881436,3153.036349471299,3301.4174920136084,3511.643707851165,3289.9138666414933,3411.7477030127784,3152.441110080856,3050.9972048648287,2701.6685460698077,2913.706335056432,2830.508364358558,2814.121526457918,3070.334507171313,2860.1265032128,2864.742112189006,3009.5031461322887,2299.99021661861,2434.4736771853113,2546.349191105636
88.02761320338352,574.4734490724762,540.2020927195438,654.6331296197635,805.8243656525403,473.7359647444096,625.3421848682224,633.2279628459223,414.28218702971003,477.8450186566894,494.2894752594261,283.69992931408143,323.95735289444787,497.57707885672625,386.10288372407894,326.541666393427,213.96218801777428,180.59138306304988,0.0,256.2809706393229,360.0358827456973,273.3035612665782,160.5888998116789,230.95604550839028,258.8158556433209,307.15227564377795,306.2305686130481,367.5726195734935,621.5519462413698,413.5379405661902,565.8872619243843,727.235225667905,720.7864209210993,501.97799176076126,637.7574570382048,646.4329491959206,623.3462466670819,791.8614359992766,648.3930962953896,673.1022444850386,808.831171914256,812.1341381801224,743.4502299762415,788.615764943039,1161.695017782621,909.8886740255616,1186.647878910599,1194.0361979868408,962.9152180078247,1061.867928204935,3383.334096163421,3190.387255350028,2881.0985258373375,3454.9420831684765,3105.3258087449854,2945.3549844239274,3415.7941128928665,3377.4759690389824,3264.613001585331,3538.748666698154,3511.5604860754665,3689.0799160574284,3665.805506700057,3720.48184818364,3609.75745564345,3259.611884504946,3621.4613177980177,3561.596348893736,3722.685335287539,3656.6668325250466,3726.8574007589277,3124.464416479089,3342.166736511463,3036.813739266674,3099.1799954604135,3299.9576651328102,3110.217074570071,3123.4111282833014,3397.5892432818246,3441.1960647936307,3416.561334524226,3246.2645537760804,3057.8920031244047,3216.385024763303,3437.725629458784,3223.5036809967287,3356.532419175077,3104.5815615267284,3012.3301101627194,2668.3016365487547,2894.8766978784843,2821.6399333149902,2816.4923014373685,3088.2582958147573,2886.7362014156597,2903.283840371705,3061.9066401900873,2352.1956731384166,2501.559735592216,2627.171422561246
51.66701412290949,464.47765660637685,428.9390065297803,662.5721495369148,878.1988633758153,433.0902840448743,710.6160192041999,747.2527758182508,475.2192168229992,608.7239262236731,657.1206867789205,223.90582489194165,499.4288106098792,721.229380371805,616.9728011797797,567.3083265259235,88.98717393667256,434.9218143327105,256.2809706393229,0.0,602.2159673855352,495.5933106026355,209.8949344589539,374.4855287877426,156.11560743521161,149.32673935864528,214.96137663972561,182.01491743037386,721.7779079381538,223.19386679044385,590.0183567170279,767.2593079091284,732.3027602221715,306.4340764245301,562.5202378203211,545.6330379072582,479.3051183243026,696.1081621340243,469.6777341258578,488.3388701688201,658.1901125284376,645.9756507048014,542.4183003387304,589.0546328307883,1009.8860615496461,713.8945924986209,1012.6039233326416,1009.808730107559,747.9357763877617,849.0212538522125,3221.3996401799677,3015.4125662106167,2692.8450153010035,3261.0638940933363,2900.0347516408387,2730.744047588921,3195.88105443804,3150.3500120874223,3030.863698123895,3300.1579129719053,3268.086772576481,3441.755109401183,3415.117993687375,3467.261299555257,3354.7173261376474,3003.5442421592406,3365.1958409472204,3305.8698206834483,3468.2569294958644,3404.3009208537687,3477.333650064827,2878.1540408161873,3100.228781288194,2799.3337425648024,2867.344822560597,3074.910356226234,2891.602649460108,2912.498141200303,3196.294154213384,3249.3455181352065,3234.516615849913,3073.6965479353476,2894.924673033792,3066.4511684839886,3302.051749822498,3098.94368655277,3246.8180301636808,3006.2410643956237,2927.313177636497,2592.957044274228,2838.435708305046,2779.7540067654413,2790.5513075525587,3082.6444733640033,2894.7506308894485,2928.215558368053,3105.7401212760756,2400.9706771623523,2570.265799176633,2714.6892438354544
137.53141233148426,909.331496155689,877.6301550695258,907.9880644844588,974.4746154496808,784.2086807997342,804.233480925253,773.3263001516352,664.3733368099487,631.0195221233869,591.8329148874597,630.1566118663828,469.7848958595573,449.29231968485806,362.22727823597677,300.4358032167581,573.3394782283381,238.59825023955142,360.0358827456973,602.2159673855352,0.0,124.54313754467661,419.513010521706,294.94515529562386,537.7967432762019,595.2176093524558,550.7739278821625,653.8104609643229,493.9457735968174,692.4734302825776,572.5047508384297,667.3399863937354,703.3843154822202,769.092010555594,751.691711490248,788.5994925153545,818.3209556117954,903.1140131267873,877.4725387139254,905.9116611065105,985.7924851702954,1007.8427700506221,988.3322810606634,1027.9344324004062,1311.2125742898577,1135.755143530654,1365.9665641011643,1387.6084748127948,1212.1900956987683,1303.4749951226809,3499.550979401135,3329.866295339052,3045.9372036852587,3625.3289041968706,3298.815606711005,3157.56523036841,3635.7588291682523,3612.645390925088,3514.9083306076686,3799.5250447555213,3785.0418169127806,3973.192226644137,3961.051467587494,4025.698891432921,3924.648252475862,3583.705942852279,3952.3452080813804,3899.254757851962,4066.141464938495,4005.146242347416,4079.4818212032988,3480.0246174815957,3700.176826376449,3396.154827460271,3459.190304955623,3659.664831371258,3468.8822836019476,3480.0341665069473,3750.5528245712712,3789.849258205737,3760.1174691488577,3584.592346234629,3390.620732556877,3539.910398141295,3750.0764735556013,3527.7727703707606,3647.9154813032937,3387.135900310169,3283.299887294006,2932.604384320982,3139.0232805000846,3051.4483243282125,3029.2934445821074,3275.6548541929783,3059.9536979135046,3055.611177166276,3188.2956465640896,2481.4587902302137,2601.4347781745287,2698.2420362522594
